13
13
2 13 2
3 13 5
11 13 5
12 13 5
3 12 5
5 12 1
9 12 3
11 12 5
4 10 2
7 10 0
10 10 3
1 9 5
5 9 3
9 9 5
13 9 5
1 8 5
6 8 5
8 8 1
13 8 2
3 7 1
4 7 5
10 7 5
11 7 0
1 6 5
6 6 5
8 6 1
13 6 5
1 5 1
5 5 5
9 5 1
13 5 5
4 4 1
7 4 5
10 4 2
3 2 5
5 2 2
9 2 1
11 2 5
2 1 5
3 1 5
11 1 1
12 1 0
Pareto Front Individual #0

100	                    18	                    80

Solution:
9 10
12 12
3 5
4 9
7 11
11 4
5 3
3 10
2 5
13 10
2 12
13 12
2 4
8 13
7 13
6 7
13 3
10 8
11 8
11 9
1 12
5 6
4 13
1 13
9 6
11 10
3 6
6 10
13 4
1 7
9 3
6 1
13 7
11 11
12 12
13 4
3 5
5 1
5 7
4 6
6 5
1 1
7 1
10 11
7 11
4 13
3 4
13 12
5 13
12 10
9 4
3 9
8 12
11 8
8 3
5 8
3 11
13 10
7 12
11 6
2 6
4 9
10 8
10 6
13 3
9 8
11 10
7 7
9 13
10 2
8 1
2 3
1 13
7 9
4 3
13 11
2 12
2 2
12 3
13 3
9 8
13 1
7 7
13 10
4 12
13 4
8 13
11 6
13 7
11 4
3 8
1 1
9 4
8 1
9 10
13 13
11 11
8 5
6 11
5 10
7 3
7 8
6 7
6 4
4 8
