13
13
2 13 2
3 13 5
11 13 5
12 13 5
3 12 5
5 12 1
9 12 3
11 12 5
4 10 2
7 10 0
10 10 3
1 9 5
5 9 3
9 9 5
13 9 5
1 8 5
6 8 5
8 8 1
13 8 2
3 7 1
4 7 5
10 7 5
11 7 0
1 6 5
6 6 5
8 6 1
13 6 5
1 5 1
5 5 5
9 5 1
13 5 5
4 4 1
7 4 5
10 4 2
3 2 5
5 2 2
9 2 1
11 2 5
2 1 5
3 1 5
11 1 1
12 1 0
Pareto Front Individual #0

98	                    12	                    31

Solution:
8 1
6 4
12 7
10 9
2 3
12 5
13 2
6 11
8 5
10 8
1 10
10 12
9 3
11 11
5 8
3 11
12 4
2 6
6 13
12 8
11 9
4 6
9 10
13 10
10 1
5 10
7 12
7 7
4 12
3 10
9 11
11 3
13 12
3 4
11 6
1 4
11 9
12 3
3 6
7 3
6 9
13 3
