13
13
2 13 2
3 13 5
11 13 5
12 13 5
3 12 5
5 12 1
9 12 3
11 12 5
4 10 2
7 10 0
10 10 3
1 9 5
5 9 3
9 9 5
13 9 5
1 8 5
6 8 5
8 8 1
13 8 2
3 7 1
4 7 5
10 7 5
11 7 0
1 6 5
6 6 5
8 6 1
13 6 5
1 5 1
5 5 5
9 5 1
13 5 5
4 4 1
7 4 5
10 4 2
3 2 5
5 2 2
9 2 1
11 2 5
2 1 5
3 1 5
11 1 1
12 1 0
Pareto Front Individual #0

49	                    25	                    2

Solution:
5 4
5 11
2 6
4 1
13 4
3 10
13 2
2 8
12 5
Pareto Front Individual #1

83	                    18	                    14

Solution:
8 3
8 11
8 7
12 6
5 13
1 12
2 2
3 5
2 11
1 1
2 8
6 7
9 8
9 3
10 6
7 5
3 11
10 9
11 10
4 5
2 12
10 12
2 5
2 7
3 4
10 1
Pareto Front Individual #2

98	                    14	                    31

Solution:
9 11
7 7
4 13
4 9
3 9
4 2
2 4
5 1
5 4
3 3
3 8
5 7
11 5
2 5
2 7
1 2
3 9
11 11
2 12
6 5
7 12
4 9
7 1
8 13
9 8
11 9
9 10
13 4
8 12
12 10
8 4
11 6
5 11
12 7
10 5
9 13
9 11
10 3
10 12
10 2
4 2
11 5
1 3
9 10
11 6
7 7
1 7
11 9
2 5
6 10
2 3
12 4
1 10
3 10
1 11
Pareto Front Individual #3

98	                    11	                    43

Solution:
1 1
2 4
6 5
3 5
11 5
2 12
6 3
9 11
7 3
6 1
5 3
6 10
1 7
1 11
7 5
11 4
13 2
11 3
7 11
8 7
10 2
5 8
12 11
6 2
10 13
10 12
1 11
2 5
6 5
2 4
3 6
10 9
11 6
4 9
10 1
5 10
8 1
3 4
4 12
4 1
2 7
1 2
3 9
11 11
2 12
6 5
7 12
4 9
7 1
8 13
9 8
11 9
9 10
13 4
8 12
12 10
8 4
11 6
Pareto Front Individual #4

100	                    17	                    70

Solution:
3 9
3 4
11 8
11 6
2 7
12 8
8 10
6 5
11 5
13 11
11 9
8 12
13 13
4 3
5 7
5 6
8 13
12 10
8 11
5 13
2 5
8 1
12 2
4 8
10 13
12 3
1 3
1 7
7 7
12 5
10 6
5 3
7 6
3 6
11 10
6 3
4 11
10 1
10 8
12 11
13 12
2 8
1 12
5 10
13 4
4 6
12 12
12 7
2 6
8 4
2 2
11 4
1 4
4 9
6 11
1 2
9 11
6 9
10 12
10 2
10 5
6 10
12 9
11 11
11 11
6 2
5 1
8 7
Pareto Front Individual #5

99	                    14	                    34

Solution:
10 2
13 7
1 4
13 12
2 9
7 1
12 10
2 6
5 1
5 4
3 3
3 8
5 7
11 5
2 5
2 7
1 2
3 9
11 11
2 12
6 5
7 12
4 9
7 1
8 13
9 8
11 9
9 10
13 4
8 12
12 10
8 4
11 6
5 11
12 7
10 5
9 13
9 11
10 3
10 12
10 2
4 2
11 5
1 3
9 10
11 6
7 7
1 7
11 9
2 5
6 10
2 3
12 4
1 10
3 10
1 11
Pareto Front Individual #6

98	                    14	                    31

Solution:
4 13
4 9
3 9
4 2
2 4
5 1
5 4
3 3
3 8
5 7
11 5
2 5
2 7
1 2
3 9
11 11
2 12
6 5
7 12
4 9
7 1
8 13
9 8
11 9
9 10
13 4
8 12
12 10
8 4
11 6
5 11
12 7
10 5
9 13
9 11
10 3
10 12
10 2
4 2
11 5
1 3
9 10
11 6
7 7
1 7
11 9
2 5
6 10
2 3
12 4
1 10
3 10
1 11
