35
20
m 0 19 
1 34 0 
2 34 0 
3 34 0 
w 16 19 
w 17 19 
w 18 19 
w 1 18 
w 2 18 
w 3 18 
w 5 18 
w 6 18 
w 8 18 
w 10 18 
w 11 18 
w 12 18 
w 14 18 
w 16 18 
w 17 18 
w 18 18 
w 20 18 
w 22 18 
w 23 18 
w 24 18 
w 26 18 
w 28 18 
w 29 18 
w 31 18 
w 32 18 
w 33 18 
w 1 17 
w 2 17 
w 3 17 
w 10 17 
w 11 17 
w 12 17 
w 14 17 
w 16 17 
w 17 17 
w 18 17 
w 20 17 
w 22 17 
w 23 17 
w 24 17 
w 31 17 
w 32 17 
w 33 17 
w 5 16 
w 6 16 
w 7 16 
w 8 16 
w 9 16 
w 10 16 
w 11 16 
w 12 16 
w 14 16 
w 20 16 
w 22 16 
w 23 16 
w 24 16 
w 25 16 
w 26 16 
w 27 16 
w 28 16 
w 29 16 
w 1 15 
w 2 15 
w 4 15 
w 5 15 
w 6 15 
w 7 15 
w 8 15 
w 9 15 
w 10 15 
w 11 15 
w 12 15 
w 14 15 
w 16 15 
w 17 15 
w 18 15 
w 20 15 
w 22 15 
w 23 15 
w 24 15 
w 25 15 
w 26 15 
w 27 15 
w 28 15 
w 29 15 
w 30 15 
w 32 15 
w 33 15 
w 5 14 
w 6 14 
w 7 14 
w 8 14 
w 9 14 
w 10 14 
w 11 14 
w 12 14 
w 14 14 
w 16 14 
w 17 14 
w 18 14 
w 20 14 
w 22 14 
w 23 14 
w 24 14 
w 25 14 
w 26 14 
w 27 14 
w 28 14 
w 29 14 
w 1 13 
w 2 13 
w 3 13 
w 8 13 
w 9 13 
w 10 13 
w 11 13 
w 12 13 
w 14 13 
w 16 13 
w 17 13 
w 18 13 
w 20 13 
w 22 13 
w 23 13 
w 24 13 
w 25 13 
w 26 13 
w 31 13 
w 32 13 
w 33 13 
w 1 12 
w 5 12 
w 6 12 
w 8 12 
w 9 12 
w 10 12 
w 11 12 
w 12 12 
w 22 12 
w 23 12 
w 24 12 
w 25 12 
w 26 12 
w 28 12 
w 29 12 
w 33 12 
w 1 11 
w 3 11 
w 4 11 
w 5 11 
w 6 11 
w 8 11 
w 9 11 
w 10 11 
w 11 11 
w 12 11 
w 14 11 
w 15 11 
w 17 11 
w 19 11 
w 20 11 
w 22 11 
w 23 11 
w 24 11 
w 25 11 
w 26 11 
w 28 11 
w 29 11 
w 30 11 
w 31 11 
w 33 11 
w 1 10 
w 3 10 
w 4 10 
w 5 10 
w 6 10 
w 17 10 
w 28 10 
w 29 10 
w 30 10 
w 31 10 
w 33 10 
w 3 9 
w 4 9 
w 5 9 
w 6 9 
w 7 9 
w 8 9 
w 9 9 
w 10 9 
w 11 9 
w 13 9 
w 14 9 
w 15 9 
w 17 9 
w 19 9 
w 20 9 
w 21 9 
w 23 9 
w 24 9 
w 25 9 
w 26 9 
w 27 9 
w 28 9 
w 29 9 
w 30 9 
w 31 9 
w 0 8 
w 2 8 
w 3 8 
w 4 8 
w 5 8 
w 6 8 
w 7 8 
w 8 8 
w 9 8 
w 10 8 
w 11 8 
w 13 8 
w 14 8 
w 15 8 
w 17 8 
w 19 8 
w 20 8 
w 21 8 
w 23 8 
w 24 8 
w 25 8 
w 26 8 
w 27 8 
w 28 8 
w 29 8 
w 30 8 
w 31 8 
w 32 8 
w 34 8 
w 0 7 
w 2 7 
w 3 7 
w 4 7 
w 5 7 
w 6 7 
w 7 7 
w 8 7 
w 9 7 
w 10 7 
w 11 7 
w 13 7 
w 14 7 
w 15 7 
w 17 7 
w 19 7 
w 20 7 
w 21 7 
w 23 7 
w 24 7 
w 25 7 
w 26 7 
w 27 7 
w 28 7 
w 29 7 
w 30 7 
w 31 7 
w 32 7 
w 34 7 
w 0 6 
w 2 6 
w 3 6 
w 4 6 
w 5 6 
w 6 6 
w 7 6 
w 8 6 
w 9 6 
w 10 6 
w 11 6 
w 17 6 
w 23 6 
w 24 6 
w 25 6 
w 26 6 
w 27 6 
w 28 6 
w 29 6 
w 30 6 
w 31 6 
w 32 6 
w 34 6 
w 0 5 
w 2 5 
w 3 5 
w 4 5 
w 5 5 
w 6 5 
w 7 5 
w 8 5 
w 9 5 
w 10 5 
w 11 5 
w 12 5 
w 13 5 
w 14 5 
w 20 5 
w 21 5 
w 22 5 
w 23 5 
w 24 5 
w 25 5 
w 26 5 
w 27 5 
w 28 5 
w 29 5 
w 30 5 
w 31 5 
w 32 5 
w 34 5 
w 3 4 
w 4 4 
w 5 4 
w 6 4 
w 7 4 
w 8 4 
w 9 4 
w 10 4 
w 11 4 
w 12 4 
w 13 4 
w 14 4 
w 16 4 
w 17 4 
w 18 4 
w 20 4 
w 21 4 
w 22 4 
w 23 4 
w 24 4 
w 25 4 
w 26 4 
w 27 4 
w 28 4 
w 29 4 
w 30 4 
w 31 4 
w 1 3 
w 3 3 
w 4 3 
w 5 3 
w 6 3 
w 7 3 
w 8 3 
w 9 3 
w 10 3 
w 11 3 
w 12 3 
w 13 3 
w 14 3 
w 16 3 
w 17 3 
w 18 3 
w 20 3 
w 21 3 
w 22 3 
w 23 3 
w 24 3 
w 25 3 
w 26 3 
w 27 3 
w 28 3 
w 29 3 
w 30 3 
w 31 3 
w 33 3 
w 1 2 
w 5 2 
w 9 2 
w 10 2 
w 11 2 
w 12 2 
w 13 2 
w 14 2 
w 16 2 
w 17 2 
w 18 2 
w 20 2 
w 21 2 
w 22 2 
w 23 2 
w 24 2 
w 25 2 
w 29 2 
w 33 2 
w 1 1 
w 2 1 
w 3 1 
w 5 1 
w 7 1 
w 13 1 
w 14 1 
w 16 1 
w 17 1 
w 18 1 
w 20 1 
w 21 1 
w 27 1 
w 29 1 
w 31 1 
w 32 1 
w 33 1 
w 9 0 
w 10 0 
w 11 0 
w 23 0 
w 24 0 
w 25 0 
p 1 19 
p 3 19 
p 4 19 
p 6 19 
p 7 19 
p 9 19 
p 11 19 
p 12 19 
p 13 19 
p 14 19 
p 15 19 
p 19 19 
p 20 19 
p 24 19 
p 25 19 
p 26 19 
p 27 19 
p 29 19 
p 30 19 
p 32 19 
p 7 18 
p 13 18 
p 15 18 
p 25 18 
p 0 17 
p 4 17 
p 5 17 
p 7 17 
p 13 17 
p 15 17 
p 19 17 
p 25 17 
p 29 17 
p 2 16 
p 4 16 
p 15 16 
p 16 16 
p 19 16 
p 21 16 
p 30 16 
p 31 16 
p 32 16 
p 33 16 
p 34 16 
p 15 15 
p 21 15 
p 0 14 
p 1 14 
p 2 14 
p 19 14 
p 32 14 
p 34 14 
p 0 13 
p 5 13 
p 13 13 
p 19 13 
p 30 13 
p 0 12 
p 2 12 
p 3 12 
p 14 12 
p 19 12 
p 21 12 
p 2 11 
p 7 11 
p 13 11 
p 18 11 
p 0 10 
p 2 10 
p 12 10 
p 13 10 
p 14 10 
p 15 10 
p 19 10 
p 20 10 
p 25 10 
p 26 10 
p 27 10 
p 32 10 
p 1 9 
p 2 9 
p 12 9 
p 16 9 
p 18 9 
p 22 9 
p 32 9 
p 34 9 
p 1 8 
p 16 8 
p 22 8 
p 33 7 
p 1 6 
p 12 6 
p 13 6 
p 16 6 
p 18 6 
p 21 6 
p 33 6 
p 1 5 
p 33 5 
p 0 4 
p 1 4 
p 2 4 
p 34 4 
p 2 3 
p 32 3 
p 34 3 
p 3 2 
p 8 2 
p 19 2 
p 34 2 
p 8 1 
p 12 1 
p 15 1 
p 22 1 
p 24 1 
p 25 1 
p 26 1 
p 0 0 
p 4 0 
p 5 0 
p 6 0 
p 12 0 
p 14 0 
p 15 0 
p 16 0 
p 18 0 
p 20 0 
p 21 0 
p 22 0 
p 26 0 
p 27 0 
p 29 0 
p 34 0 
p 2 19 
p 8 19 
p 10 19 
p 21 19 
p 31 19 
p 0 18 
p 4 18 
p 9 18 
f 1 0 
t 1400 0 
m 0 18 
1 33 0 
2 33 0 
3 34 1 
t 1399 0 
m 0 17 
1 32 0 
2 34 0 
3 34 2 
t 1398 1 
m 0 16 
1 31 0 
2 33 0 
3 34 1 
t 1397 1 
m 0 15 
1 30 0 
2 34 0 
3 34 0 
t 1396 1 
m 0 14 
1 31 0 
2 34 1 
3 34 1 
t 1395 2 
m 0 13 
1 30 0 
2 34 0 
3 34 2 
t 1394 2 
m 0 12 
1 30 1 
2 34 1 
3 34 1 
t 1393 3 
m 0 11 
1 30 2 
2 34 0 
3 34 0 
t 1392 3 
m 0 10 
1 31 2 
2 34 1 
3 34 1 
t 1391 4 
m 0 9 
1 32 2 
2 34 0 
3 34 0 
t 1390 4 
m 1 9 
1 32 3 
2 33 0 
3 33 0 
t 1389 4 
m 1 8 
1 32 2 
2 34 0 
3 32 0 
t 1388 5 
m 1 7 
1 32 3 
2 33 0 
3 31 0 
t 1387 5 
m 1 6 
1 32 4 
2 32 0 
3 30 0 
t 1386 6 
m 1 5 
1 32 3 
2 33 0 
3 29 0 
t 1385 7 
m 1 4 
1 32 2 
2 34 0 
3 30 0 
t 1384 7 
m 2 4 
1 31 2 
2 34 1 
3 31 0 
t 1383 8 
m 2 3 
1 30 2 
2 34 2 
3 30 0 
t 1382 9 
m 2 2 
1 31 2 
2 34 3 
3 29 0 
t 1381 9 
m 3 2 
1 32 2 
2 34 2 
3 30 0 
t 1380 9 
m 4 2 
1 31 2 
2 34 3 
3 29 0 
t 1379 9 
m 4 1 
1 32 2 
2 34 2 
3 30 0 
t 1378 9 
m 4 0 
1 31 2 
2 34 3 
3 31 0 
t 1377 10 
m 5 0 
1 32 2 
2 34 4 
3 32 0 
t 1376 11 
m 6 0 
1 31 2 
2 33 4 
3 33 0 
t 1375 11 
m 7 0 
1 32 2 
2 34 4 
3 34 0 
t 1374 11 
m 8 0 
1 31 2 
2 33 4 
3 34 1 
t 1373 11 
m 8 0 
1 32 2 
2 32 4 
3 34 2 
t 1372 11 
m 8 0 
1 32 3 
2 33 4 
3 34 3 
t 1371 11 
m 8 0 
1 32 2 
2 32 4 
3 34 2 
t 1370 11 
m 8 0 
1 31 2 
2 32 3 
3 34 3 
t 1369 11 
m 8 0 
1 32 2 
2 32 4 
3 34 4 
t 1368 11 
m 8 0 
1 32 3 
2 33 4 
3 34 3 
t 1367 11 
m 8 0 
1 32 4 
2 33 5 
3 34 4 
t 1366 11 
m 8 0 
1 33 4 
2 33 6 
3 34 3 
t 1365 11 
m 8 0 
1 34 4 
2 33 7 
3 34 4 
t 1364 11 
m 8 0 
1 33 4 
2 33 6 
3 34 3 
t 1363 11 
m 8 0 
1 32 4 
2 33 5 
3 34 4 
t 1362 11 
m 8 0 
1 32 3 
2 33 4 
3 33 4 
t 1361 11 
m 8 0 
1 32 2 
2 32 4 
3 32 4 
t 1360 11 
m 8 0 
1 31 2 
2 32 3 
3 32 3 
t 1359 11 
m 8 0 
1 30 2 
2 32 2 
3 32 4 
t 1358 11 
m 8 0 
1 31 2 
2 32 3 
3 33 4 
t 1357 11 
m 8 0 
1 32 2 
2 32 4 
3 34 4 
t 1356 11 
m 8 0 
1 31 2 
2 32 3 
3 33 4 
t 1355 11 
m 8 0 
1 30 2 
2 32 4 
3 33 5 
t 1354 11 
m 8 0 
1 30 1 
2 33 4 
3 33 4 
t 1353 11 
m 8 0 
1 30 0 
2 34 4 
3 33 5 
t 1352 11 
m 8 0 
1 31 0 
2 33 4 
3 33 4 
t 1351 11 
m 8 0 
1 30 0 
2 33 5 
3 34 4 
t 1350 11 
m 8 0 
1 31 0 
2 33 4 
3 33 4 
t 1349 11 
m 8 0 
1 30 0 
2 34 4 
3 32 4 
t 1348 11 
m 8 0 
1 29 0 
2 33 4 
3 33 4 
t 1347 11 
m 8 0 
1 30 0 
2 33 5 
3 32 4 
t 1346 11 
m 8 0 
1 31 0 
2 33 6 
3 33 4 
t 1345 11 
m 8 0 
1 30 0 
2 33 7 
3 32 4 
t 1344 11 
m 8 0 
1 30 1 
2 33 8 
3 33 4 
t 1343 11 
m 8 0 
1 30 0 
2 33 9 
3 33 5 
t 1342 11 
m 8 0 
1 30 1 
2 32 9 
3 33 4 
t 1341 11 
m 8 0 
1 30 0 
2 33 9 
3 34 4 
t 1340 11 
m 8 0 
1 31 0 
2 32 9 
3 34 3 
t 1339 11 
m 8 0 
1 30 0 
2 33 9 
3 34 2 
t 1338 11 
m 8 0 
1 31 0 
2 32 9 
3 34 3 
t 1337 11 
m 8 0 
1 32 0 
2 32 10 
3 34 4 
t 1336 11 
m 8 0 
1 33 0 
2 32 9 
3 33 4 
t 1335 11 
m 8 0 
1 34 0 
2 32 10 
3 32 4 
t 1334 11 
m 8 0 
1 34 1 
2 32 11 
3 33 4 
t 1333 11 
m 8 0 
1 34 0 
2 32 12 
3 34 4 
t 1332 11 
m 8 0 
1 33 0 
2 31 12 
3 34 3 
t 1331 11 
m 8 0 
1 34 0 
2 32 12 
3 34 2 
t 1330 11 
m 8 0 
1 33 0 
2 32 11 
3 34 3 
t 1329 11 
m 8 0 
1 32 0 
2 32 10 
3 34 2 
t 1328 11 
m 8 0 
1 31 0 
2 32 11 
3 34 3 
t 1327 11 
m 8 0 
1 30 0 
2 32 10 
3 34 4 
t 1326 11 
m 8 0 
1 29 0 
2 32 11 
3 33 4 
t 1325 11 
m 8 0 
1 30 0 
2 32 10 
3 32 4 
t 1324 11 
m 8 0 
1 31 0 
2 32 9 
3 32 3 
t 1323 11 
m 8 0 
1 30 0 
2 32 10 
3 32 2 
t 1322 11 
m 8 0 
1 31 0 
2 32 11 
3 31 2 
t 1321 11 
m 8 0 
1 32 0 
2 32 10 
3 30 2 
t 1320 11 
m 8 0 
1 33 0 
2 32 9 
3 30 1 
t 1319 11 
m 8 0 
1 32 0 
2 33 9 
3 30 2 
t 1318 11 
m 8 0 
1 33 0 
2 32 9 
3 31 2 
t 1317 11 
m 8 0 
1 32 0 
2 32 10 
3 30 2 
t 1316 11 
m 8 0 
1 33 0 
2 32 11 
3 31 2 
t 1315 11 
m 8 0 
1 34 0 
2 32 10 
3 30 2 
t 1314 11 
m 8 0 
1 34 1 
2 32 9 
3 30 1 
t 1313 11 
m 8 0 
1 34 2 
2 33 9 
3 30 0 
t 1312 11 
m 8 0 
1 34 3 
2 32 9 
3 31 0 
t 1311 11 
m 8 0 
1 34 2 
2 32 10 
3 32 0 
t 1310 11 
m 8 0 
1 34 3 
2 32 9 
3 33 0 
t 1309 11 
m 8 0 
1 34 2 
2 33 9 
3 34 0 
t 1308 11 
m 8 0 
1 34 3 
2 33 8 
3 34 1 
t 1307 11 
m 8 0 
1 34 4 
2 33 9 
3 34 0 
t 1306 11 
m 8 0 
1 33 4 
2 33 8 
3 34 1 
t 1305 11 
m 8 0 
1 34 4 
2 33 9 
3 34 0 
t 1304 11 
m 8 0 
1 33 4 
2 32 9 
3 34 1 
t 1303 11 
m 8 0 
1 32 4 
2 32 10 
3 34 0 
t 1302 11 
m 8 0 
1 32 3 
2 32 9 
3 33 0 
t 1301 11 
m 8 0 
1 32 4 
2 33 9 
3 34 0 
t 1300 11 
m 8 0 
1 32 3 
2 34 9 
3 34 1 
t 1299 11 
m 8 0 
1 32 4 
2 34 10 
3 34 2 
t 1298 11 
m 8 0 
1 32 3 
2 34 11 
3 34 1 
t 1297 11 
m 8 0 
1 32 4 
2 34 12 
3 34 0 
t 1296 11 
m 8 0 
1 32 3 
2 34 13 
3 33 0 
t 1295 11 
m 8 0 
1 32 2 
2 34 14 
3 34 0 
t 1294 11 
m 8 0 
1 31 2 
2 33 14 
3 34 1 
t 1293 11 
m 8 0 
1 32 2 
2 32 14 
3 34 0 
t 1292 11 
m 8 0 
1 31 2 
2 31 14 
3 33 0 
t 1291 11 
m 8 0 
1 32 2 
2 31 15 
3 32 0 
t 1290 11 
m 8 0 
1 32 3 
2 31 16 
3 31 0 
t 1289 11 
m 8 0 
1 32 2 
2 30 16 
3 30 0 
t 1288 11 
m 8 0 
1 31 2 
2 31 16 
3 29 0 
t 1287 11 
m 8 0 
1 30 2 
2 32 16 
3 28 0 
t 1286 11 
m 8 0 
1 31 2 
2 31 16 
3 28 1 
t 1285 11 
m 8 0 
1 32 2 
2 32 16 
3 28 2 
t 1284 11 
m 8 0 
1 32 3 
2 33 16 
3 28 1 
t 1283 11 
m 8 0 
1 32 2 
2 32 16 
3 28 0 
t 1282 11 
m 8 0 
1 32 3 
2 33 16 
3 29 0 
t 1281 11 
m 8 0 
1 32 4 
2 32 16 
3 30 0 
t 1280 11 
m 8 0 
1 33 4 
2 33 16 
3 31 0 
t 1279 11 
m 8 0 
1 33 5 
2 34 16 
3 32 0 
t 1278 11 
m 8 0 
1 33 4 
2 33 16 
3 33 0 
t 1277 11 
m 8 0 
1 33 5 
2 32 16 
3 32 0 
t 1276 11 
m 8 0 
1 33 4 
2 33 16 
3 33 0 
t 1275 11 
m 8 0 
1 32 4 
2 34 16 
3 34 0 
t 1274 11 
m 8 0 
1 33 4 
2 34 17 
3 34 1 
t 1273 11 
m 8 0 
1 32 4 
2 34 16 
3 34 2 
t 1272 11 
m 8 0 
1 33 4 
2 33 16 
3 34 1 
t 1271 11 
m 8 0 
1 34 4 
2 34 16 
3 34 0 
t 1270 11 
m 8 0 
1 33 4 
2 33 16 
3 34 1 
t 1269 11 
m 8 0 
1 33 5 
2 34 16 
3 34 2 
t 1268 11 
m 8 0 
1 33 4 
2 33 16 
3 34 1 
t 1267 11 
m 8 0 
1 34 4 
2 34 16 
3 34 2 
t 1266 11 
m 8 0 
1 33 4 
2 34 15 
3 34 3 
t 1265 11 
m 8 0 
1 33 5 
2 34 16 
3 34 2 
t 1264 11 
m 8 0 
1 33 6 
2 34 17 
3 34 3 
t 1263 11 
m 8 0 
1 33 5 
2 34 18 
3 34 4 
t 1262 11 
m 8 0 
1 33 6 
2 34 17 
3 34 3 
t 1261 11 
m 8 0 
1 33 5 
2 34 18 
3 34 4 
t 1260 11 
m 8 0 
1 33 6 
2 34 19 
3 34 3 
t 1259 11 
m 8 0 
1 33 5 
2 34 18 
3 34 2 
t 1258 11 
m 8 0 
1 33 4 
2 34 17 
3 34 3 
t 1257 11 
m 8 0 
1 33 5 
2 34 16 
3 34 2 
t 1256 11 
m 8 0 
1 33 4 
2 33 16 
3 34 3 
t 1255 11 
m 8 0 
1 34 4 
2 32 16 
3 34 4 
t 1254 11 
m 8 0 
1 34 3 
2 31 16 
3 34 3 
t 1253 11 
m 8 0 
1 34 4 
2 32 16 
3 34 2 
t 1252 11 
m 8 0 
1 34 3 
2 33 16 
3 34 1 
t 1251 11 
m 8 0 
1 34 2 
2 32 16 
3 34 2 
t 1250 11 
m 8 0 
1 34 1 
2 33 16 
3 34 1 
t 1249 11 
m 8 0 
1 34 2 
2 34 16 
3 34 2 
t 1248 11 
m 8 0 
1 34 3 
2 34 15 
3 34 3 
t 1247 11 
m 8 0 
1 34 4 
2 34 16 
3 34 2 
t 1246 11 
m 8 0 
1 34 3 
2 33 16 
3 34 3 
t 1245 11 
m 8 0 
1 34 4 
2 34 16 
3 34 2 
t 1244 11 
m 8 0 
1 34 3 
2 34 17 
3 34 3 
t 1243 11 
m 8 0 
1 34 4 
2 34 16 
3 34 4 
t 1242 11 
m 8 0 
1 33 4 
2 33 16 
3 34 3 
t 1241 11 
m 8 0 
1 34 4 
2 34 16 
3 34 4 
t 1240 11 
m 8 0 
1 33 4 
2 34 17 
3 34 3 
t 1239 11 
m 8 0 
1 32 4 
2 34 18 
3 34 2 
t 1238 11 
m 8 0 
1 33 4 
2 34 19 
3 34 3 
t 1237 11 
m 8 0 
1 34 4 
2 33 19 
3 34 2 
t 1236 11 
m 8 0 
1 33 4 
2 32 19 
3 34 3 
t 1235 11 
m 8 0 
1 32 4 
2 33 19 
3 34 4 
t 1234 11 
m 8 0 
1 32 3 
2 32 19 
3 33 4 
t 1233 11 
m 8 0 
1 32 4 
2 31 19 
3 32 4 
t 1232 11 
m 8 0 
1 32 3 
2 32 19 
3 33 4 
t 1231 11 
m 8 0 
1 32 4 
2 33 19 
3 34 4 
t 1230 11 
m 8 0 
1 32 3 
2 32 19 
3 34 3 
t 1229 11 
m 8 0 
1 32 2 
2 31 19 
3 34 4 
t 1228 11 
m 8 0 
1 32 3 
2 30 19 
3 33 4 
t 1227 11 
m 8 0 
1 32 4 
2 31 19 
3 32 4 
t 1226 11 
m 8 0 
1 32 3 
2 30 19 
3 32 3 
t 1225 11 
m 8 0 
1 32 2 
2 30 18 
3 32 2 
t 1224 11 
m 8 0 
1 32 3 
2 30 19 
3 32 3 
t 1223 11 
m 8 0 
1 32 2 
2 29 19 
3 32 4 
t 1222 11 
m 8 0 
1 32 3 
2 28 19 
3 32 3 
t 1221 11 
m 8 0 
1 32 4 
2 29 19 
3 32 4 
t 1220 11 
m 8 0 
1 33 4 
2 30 19 
3 32 3 
t 1219 11 
m 8 0 
1 34 4 
2 30 18 
3 32 4 
t 1218 11 
m 8 0 
1 33 4 
2 30 17 
3 32 3 
t 1217 11 
m 8 0 
1 33 5 
2 30 18 
3 32 2 
t 1216 11 
m 8 0 
1 33 6 
2 30 19 
3 31 2 
t 1215 11 
m 8 0 
1 33 5 
2 30 18 
3 30 2 
t 1214 11 
m 8 0 
1 33 6 
2 30 19 
3 30 1 
t 1213 11 
m 8 0 
1 33 5 
2 29 19 
3 30 0 
t 1212 11 
m 8 0 
1 33 6 
2 30 19 
3 31 0 
t 1211 11 
m 8 0 
1 33 7 
2 31 19 
3 30 0 
t 1210 11 
m 8 0 
1 33 6 
2 30 19 
3 30 1 
t 1209 11 
m 8 0 
1 33 7 
2 29 19 
3 30 2 
t 1208 11 
m 8 0 
1 33 6 
2 30 19 
3 31 2 
t 1207 11 
m 8 0 
1 33 5 
2 30 18 
3 30 2 
t 1206 11 
m 8 0 
1 33 4 
2 30 19 
3 30 1 
t 1205 11 
m 8 0 
1 32 4 
2 30 18 
3 30 2 
t 1204 11 
m 8 0 
1 32 3 
2 30 19 
3 30 1 
t 1203 11 
m 8 0 
1 32 4 
2 30 18 
3 30 2 
t 1202 11 
m 8 0 
1 32 3 
2 30 17 
3 30 1 
t 1201 11 
m 8 0 
1 32 4 
2 30 18 
3 30 0 
t 1200 11 
m 8 0 
1 33 4 
2 30 17 
3 29 0 
t 1199 11 
m 8 0 
1 34 4 
2 29 17 
3 28 0 
t 1198 11 
m 8 0 
1 34 3 
2 30 17 
3 28 1 
t 1197 11 
m 8 0 
1 34 2 
2 29 17 
3 28 2 
t 1196 11 
m 8 0 
1 34 3 
2 30 17 
3 28 1 
t 1195 11 
m 8 0 
1 34 2 
2 30 18 
3 28 2 
t 1194 11 
m 8 0 
1 34 3 
2 30 17 
3 27 2 
t 1193 11 
m 8 0 
1 34 4 
2 30 16 
3 28 2 
t 1192 11 
m 8 0 
1 34 3 
2 30 17 
3 27 2 
t 1191 11 
m 8 0 
1 34 2 
2 30 18 
3 28 2 
t 1190 11 
m 8 0 
1 34 1 
2 30 19 
3 28 1 
t 1189 11 
m 8 0 
1 34 0 
2 29 19 
3 28 0 
t 1188 11 
m 8 0 
1 34 1 
2 28 19 
3 27 0 
t 1187 11 
m 8 0 
1 34 0 
2 27 19 
3 28 0 
t 1186 11 
m 8 0 
1 34 1 
2 28 19 
3 29 0 
t 1185 11 
m 8 0 
1 34 2 
2 29 19 
3 28 0 
t 1184 11 
m 8 0 
1 34 3 
2 28 19 
3 28 1 
t 1183 11 
m 8 0 
1 34 4 
2 27 19 
3 28 0 
t 1182 11 
m 8 0 
1 33 4 
2 27 18 
3 27 0 
t 1181 11 
m 8 0 
1 32 4 
2 27 17 
3 26 0 
t 1180 11 
m 8 0 
1 33 4 
2 26 17 
3 26 1 
t 1179 11 
m 8 0 
1 33 5 
2 25 17 
3 26 0 
t 1178 11 
m 8 0 
1 33 6 
2 26 17 
3 26 1 
t 1177 11 
m 8 0 
1 33 5 
2 27 17 
3 26 0 
t 1176 11 
m 8 0 
1 33 6 
2 27 18 
3 26 1 
t 1175 11 
m 8 0 
1 33 5 
2 27 17 
3 26 0 
t 1174 11 
m 8 0 
1 33 4 
2 28 17 
3 26 1 
t 1173 11 
m 8 0 
1 32 4 
2 29 17 
3 25 1 
t 1172 11 
m 8 0 
1 32 3 
2 28 17 
3 26 1 
t 1171 11 
m 8 0 
1 32 4 
2 29 17 
3 25 1 
t 1170 11 
m 8 0 
1 33 4 
2 30 17 
3 24 1 
t 1169 11 
m 8 0 
1 33 5 
2 30 18 
3 23 1 
t 1168 11 
m 8 0 
1 33 6 
2 30 17 
3 24 1 
t 1167 11 
m 8 0 
1 33 5 
2 29 17 
3 25 1 
t 1166 11 
m 8 0 
1 33 4 
2 30 17 
3 24 1 
t 1165 11 
m 8 0 
1 32 4 
2 30 18 
3 25 1 
t 1164 11 
m 8 0 
1 33 4 
2 30 19 
3 26 1 
t 1163 11 
m 8 0 
1 34 4 
2 31 19 
3 26 2 
t 1162 11 
m 8 0 
1 34 3 
2 32 19 
3 27 2 
t 1161 11 
m 8 0 
1 34 2 
2 31 19 
3 28 2 
t 1160 11 
m 8 0 
1 34 1 
2 32 19 
3 28 1 
t 1159 11 
m 8 0 
1 34 2 
2 31 19 
3 28 2 
t 1158 11 
m 8 0 
1 34 3 
2 30 19 
3 28 1 
t 1157 11 
m 8 0 
1 34 2 
2 30 18 
3 28 0 
t 1156 11 
m 8 0 
1 34 3 
2 30 19 
3 28 1 
t 1155 11 
m 8 0 
1 34 2 
2 29 19 
3 28 2 
t 1154 11 
m 8 0 
1 34 1 
2 30 19 
3 28 1 
t 1153 11 
m 8 0 
1 34 2 
2 29 19 
3 28 0 
t 1152 11 
m 8 0 
1 34 1 
2 30 19 
3 29 0 
t 1151 11 
m 8 0 
1 34 0 
2 30 18 
3 30 0 
t 1150 11 
m 8 0 
1 34 1 
2 30 19 
3 31 0 
t 1149 11 
m 8 0 
1 34 0 
2 30 18 
3 32 0 
t 1148 11 
m 8 0 
1 34 1 
2 30 17 
3 31 0 
t 1147 11 
m 8 0 
1 34 2 
2 30 18 
3 32 0 
t 1146 11 
m 8 0 
1 34 3 
2 30 19 
3 33 0 
t 1145 11 
m 8 0 
1 34 4 
2 29 19 
3 34 0 
t 1144 11 
m 8 0 
1 33 4 
2 28 19 
3 34 1 
t 1143 11 
m 8 0 
1 34 4 
2 27 19 
3 34 0 
t 1142 11 
m 8 0 
1 33 4 
2 26 19 
3 33 0 
t 1141 11 
m 8 1 
1 33 5 
2 27 19 
3 32 0 
t 1140 12 
m 8 0 
1 33 4 
2 28 19 
3 31 0 
t 1139 12 
m 8 0 
1 33 5 
2 27 19 
3 32 0 
t 1138 12 
m 8 0 
1 33 4 
2 27 18 
3 33 0 
t 1137 12 
m 8 0 
1 33 5 
2 27 19 
3 32 0 
t 1136 12 
m 8 0 
1 33 6 
2 28 19 
3 31 0 
t 1135 12 
m 8 0 
1 33 7 
2 27 19 
3 30 0 
t 1134 12 
m 8 0 
1 33 8 
2 27 18 
3 30 1 
t 1133 12 
m 8 0 
1 33 9 
2 27 19 
3 30 2 
t 1132 12 
m 8 0 
1 33 8 
2 27 18 
3 31 2 
t 1131 12 
m 8 0 
1 33 9 
2 27 19 
3 32 2 
t 1130 12 
m 8 0 
1 33 8 
2 26 19 
3 31 2 
t 1129 12 
m 8 1 
1 33 9 
2 27 19 
3 32 2 
t 1128 12 
m 8 0 
1 32 9 
2 28 19 
3 32 3 
t 1127 12 
m 8 0 
1 33 9 
2 29 19 
3 32 2 
t 1126 12 
m 8 0 
1 33 8 
2 30 19 
3 32 3 
t 1125 12 
m 8 0 
1 33 7 
2 31 19 
3 32 2 
t 1124 12 
m 8 0 
1 33 8 
2 32 19 
3 32 3 
t 1123 12 
m 8 0 
1 33 9 
2 31 19 
3 32 4 
t 1122 12 
m 8 0 
1 32 9 
2 30 19 
3 32 3 
t 1121 12 
m 8 0 
1 32 10 
2 30 18 
3 32 2 
t 1120 12 
m 8 0 
1 32 9 
2 30 17 
3 31 2 
t 1119 12 
m 8 0 
1 33 9 
2 29 17 
3 32 2 
t 1118 12 
m 8 0 
1 32 9 
2 28 17 
3 31 2 
t 1117 12 
m 8 0 
1 32 10 
2 29 17 
3 30 2 
t 1116 12 
m 8 0 
1 32 11 
2 28 17 
3 31 2 
t 1115 12 
m 8 0 
1 32 12 
2 29 17 
3 32 2 
t 1114 12 
m 8 0 
1 32 11 
2 28 17 
3 32 3 
t 1113 12 
m 8 0 
1 32 12 
2 29 17 
3 32 4 
t 1112 12 
m 8 0 
1 32 11 
2 28 17 
3 33 4 
t 1111 12 
m 8 0 
1 32 12 
2 29 17 
3 33 5 
t 1110 12 
m 8 0 
1 31 12 
2 28 17 
3 33 6 
t 1109 12 
m 8 0 
1 30 12 
2 27 17 
3 33 5 
t 1108 12 
m 8 0 
1 30 13 
2 27 18 
3 33 4 
t 1107 12 
m 8 0 
1 29 13 
2 27 17 
3 33 5 
t 1106 12 
m 8 0 
1 28 13 
2 26 17 
3 33 4 
t 1105 12 
m 8 0 
1 29 13 
2 25 17 
3 32 4 
t 1104 12 
m 8 0 
1 28 13 
2 26 17 
3 33 4 
t 1103 12 
m 8 0 
1 29 13 
2 25 17 
3 34 4 
t 1102 12 
m 8 0 
1 28 13 
2 25 18 
3 34 3 
t 1101 12 
m 8 1 
1 29 13 
2 25 19 
3 34 2 
t 1100 12 
m 8 2 
1 30 13 
2 24 19 
3 34 1 
t 1099 13 
m 7 2 
1 29 13 
2 23 19 
3 34 0 
t 1098 13 
m 6 2 
1 30 13 
2 24 19 
3 33 0 
t 1097 13 
m 6 1 
1 30 14 
2 25 19 
3 34 0 
t 1096 13 
m 6 0 
1 31 14 
2 26 19 
3 34 1 
t 1095 13 
m 7 0 
1 32 14 
2 25 19 
3 34 2 
t 1094 13 
m 6 0 
1 31 14 
2 24 19 
3 34 1 
t 1093 13 
m 5 0 
1 30 14 
2 25 19 
3 34 2 
t 1092 13 
m 6 0 
1 31 14 
2 26 19 
3 34 1 
t 1091 13 
m 7 0 
1 32 14 
2 27 19 
3 34 0 
t 1090 13 
m 8 0 
1 31 14 
2 27 18 
3 33 0 
t 1089 13 
m 8 0 
1 31 15 
2 27 17 
3 32 0 
t 1088 13 
m 8 0 
1 31 14 
2 28 17 
3 33 0 
t 1087 13 
m 8 0 
1 31 15 
2 29 17 
3 32 0 
t 1086 13 
m 8 0 
1 31 14 
2 30 17 
3 33 0 
t 1085 13 
m 8 0 
1 30 14 
2 30 18 
3 32 0 
t 1084 13 
m 8 0 
1 30 13 
2 30 17 
3 33 0 
t 1083 13 
m 8 0 
1 30 12 
2 30 18 
3 32 0 
t 1082 13 
m 8 0 
1 31 12 
2 30 17 
3 31 0 
t 1081 13 
m 8 0 
1 32 12 
2 30 16 
3 32 0 
t 1080 13 
m 8 0 
1 31 12 
2 31 16 
3 31 0 
t 1079 13 
m 8 0 
1 32 12 
2 30 16 
3 30 0 
t 1078 13 
m 8 0 
1 31 12 
2 30 17 
3 31 0 
t 1077 13 
m 8 0 
1 30 12 
2 30 16 
3 30 0 
t 1076 13 
m 8 0 
1 30 13 
2 31 16 
3 29 0 
t 1075 13 
m 8 0 
1 30 12 
2 30 16 
3 30 0 
t 1074 13 
m 8 0 
1 30 13 
2 30 17 
3 31 0 
t 1073 13 
m 8 0 
1 30 14 
2 29 17 
3 32 0 
t 1072 13 
m 8 0 
1 30 13 
2 30 17 
3 33 0 
t 1071 13 
m 8 0 
1 30 14 
2 29 17 
3 32 0 
t 1070 13 
m 8 0 
1 30 13 
2 30 17 
3 31 0 
t 1069 13 
m 8 0 
1 29 13 
2 30 18 
3 32 0 
t 1068 13 
m 8 0 
1 30 13 
2 30 19 
3 31 0 
t 1067 13 
m 8 0 
1 30 14 
2 31 19 
3 32 0 
t 1066 13 
m 8 0 
1 31 14 
2 32 19 
3 31 0 
t 1065 13 
m 8 0 
1 31 15 
2 31 19 
3 32 0 
t 1064 13 
m 8 0 
1 31 14 
2 32 19 
3 33 0 
t 1063 13 
m 8 0 
1 32 14 
2 31 19 
3 32 0 
t 1062 13 
m 8 0 
1 31 14 
2 32 19 
3 33 0 
t 1061 13 
m 8 0 
1 30 14 
2 31 19 
3 34 0 
t 1060 13 
m 8 0 
1 30 13 
2 30 19 
3 33 0 
t 1059 13 
m 8 0 
1 30 14 
2 29 19 
3 32 0 
t 1058 13 
m 8 0 
1 31 14 
2 28 19 
3 33 0 
t 1057 13 
m 8 0 
1 32 14 
2 27 19 
3 32 0 
t 1056 13 
m 8 0 
1 31 14 
2 27 18 
3 31 0 
t 1055 13 
m 8 0 
1 31 15 
2 27 19 
3 30 0 
t 1054 13 
m 8 0 
1 31 16 
2 26 19 
3 30 1 
t 1053 13 
m 8 1 
1 31 15 
2 27 19 
3 30 2 
t 1052 13 
m 8 0 
1 31 16 
2 26 19 
3 31 2 
t 1051 13 
m 8 1 
1 32 16 
2 27 19 
3 32 2 
t 1050 13 
m 8 0 
1 31 16 
2 27 18 
3 31 2 
t 1049 13 
m 8 0 
1 30 16 
2 27 17 
3 30 2 
t 1048 13 
m 8 0 
1 30 17 
2 27 18 
3 30 1 
t 1047 13 
m 8 0 
1 30 18 
2 27 19 
3 30 0 
t 1046 13 
m 8 0 
1 30 19 
2 27 18 
3 30 1 
t 1045 13 
m 8 0 
1 31 19 
2 27 17 
3 30 0 
t 1044 13 
m 8 0 
1 32 19 
2 27 18 
3 29 0 
t 1043 13 
m 8 0 
1 33 19 
2 27 19 
3 30 0 
t 1042 13 
m 8 0 
1 34 19 
2 27 18 
3 30 1 
t 1041 13 
m 8 0 
1 33 19 
2 27 19 
3 30 2 
t 1040 13 
m 8 0 
1 34 19 
2 28 19 
3 30 1 
t 1039 13 
m 8 0 
1 34 18 
2 29 19 
3 30 2 
t 1038 13 
m 8 0 
1 34 17 
2 30 19 
3 30 1 
t 1037 13 
m 8 0 
1 34 16 
2 31 19 
3 30 2 
t 1036 13 
m 8 0 
1 34 17 
2 32 19 
3 31 2 
t 1035 13 
m 8 0 
1 34 18 
2 33 19 
3 30 2 
t 1034 13 
m 8 0 
1 34 17 
2 32 19 
3 31 2 
t 1033 13 
m 8 0 
1 34 18 
2 31 19 
3 32 2 
t 1032 13 
m 8 0 
1 34 17 
2 32 19 
3 32 3 
t 1031 13 
m 8 0 
1 34 18 
2 33 19 
3 32 4 
t 1030 13 
m 8 0 
1 34 19 
2 34 19 
3 33 4 
t 1029 13 
m 8 0 
1 34 18 
2 34 18 
3 34 4 
t 1028 13 
m 8 0 
1 34 19 
2 34 19 
3 33 4 
t 1027 13 
m 8 0 
1 34 18 
2 34 18 
3 32 4 
t 1026 13 
m 8 0 
1 34 17 
2 34 19 
3 32 3 
t 1025 13 
m 8 0 
1 34 18 
2 33 19 
3 32 4 
t 1024 13 
m 8 0 
1 34 17 
2 34 19 
3 32 3 
t 1023 13 
m 8 0 
1 34 16 
2 33 19 
3 32 4 
t 1022 13 
m 8 0 
1 33 16 
2 34 19 
3 32 3 
t 1021 13 
m 8 0 
1 32 16 
2 34 18 
3 32 2 
t 1020 13 
m 8 0 
1 31 16 
2 34 17 
3 32 3 
t 1019 13 
m 8 0 
1 31 15 
2 34 18 
3 32 2 
t 1018 13 
m 8 0 
1 31 14 
2 34 17 
3 32 3 
t 1017 13 
m 8 0 
1 30 14 
2 34 16 
3 32 4 
t 1016 13 
m 8 0 
1 31 14 
2 34 17 
3 33 4 
t 1015 13 
m 8 0 
1 31 15 
2 34 18 
3 34 4 
t 1014 13 
m 8 0 
1 31 14 
2 34 17 
3 33 4 
t 1013 13 
m 8 0 
1 30 14 
2 34 18 
3 33 5 
t 1012 13 
m 8 0 
1 31 14 
2 34 19 
3 33 6 
t 1011 13 
m 8 0 
1 30 14 
2 34 18 
3 33 7 
t 1010 13 
m 8 0 
1 30 13 
2 34 19 
3 33 6 
t 1009 13 
m 8 0 
1 30 14 
2 33 19 
3 33 7 
t 1008 13 
m 8 0 
1 30 13 
2 34 19 
3 33 8 
t 1007 13 
m 8 0 
1 30 14 
2 34 18 
3 33 9 
t 1006 13 
m 8 0 
1 30 13 
2 34 17 
3 33 8 
t 1005 13 
m 8 0 
1 30 14 
2 34 18 
3 33 7 
t 1004 13 
m 8 0 
1 31 14 
2 34 19 
3 33 8 
t 1003 13 
m 8 0 
1 30 14 
2 34 18 
3 33 7 
t 1002 13 
m 8 0 
1 30 13 
2 34 19 
3 33 8 
t 1001 13 
m 8 0 
1 30 14 
2 33 19 
3 33 9 
t 1000 13 
m 8 0 
1 31 14 
2 34 19 
3 32 9 
t 999 13 
m 8 0 
1 32 14 
2 34 18 
3 33 9 
t 998 13 
m 8 0 
1 33 14 
2 34 17 
3 34 9 
t 997 13 
m 8 0 
1 34 14 
2 34 16 
3 33 9 
t 996 13 
m 8 0 
1 33 14 
2 33 16 
3 32 9 
t 995 13 
m 8 0 
1 34 14 
2 34 16 
3 33 9 
t 994 13 
m 8 0 
1 34 13 
2 33 16 
3 34 9 
t 993 13 
m 8 0 
1 34 14 
2 34 16 
3 33 9 
t 992 13 
m 8 0 
1 34 15 
2 34 15 
3 32 9 
t 991 13 
m 8 0 
1 34 14 
2 34 14 
3 33 9 
t 990 13 
m 8 0 
1 34 13 
2 33 14 
3 33 8 
t 989 13 
m 8 0 
1 34 14 
2 34 14 
3 33 7 
t 988 13 
m 8 0 
1 34 13 
2 34 15 
3 33 8 
t 987 13 
m 8 0 
1 34 14 
2 34 14 
3 33 9 
t 986 13 
m 8 0 
1 34 13 
2 33 14 
3 34 9 
t 985 13 
m 8 0 
1 34 14 
2 34 14 
3 34 10 
t 984 13 
m 8 0 
1 34 15 
2 34 15 
3 34 11 
t 983 13 
m 8 0 
1 34 16 
2 34 16 
3 34 10 
t 982 13 
m 8 0 
1 33 16 
2 33 16 
3 34 9 
t 981 13 
m 8 0 
1 32 16 
2 34 16 
3 34 10 
t 980 13 
m 8 0 
1 33 16 
2 34 15 
3 34 9 
t 979 13 
m 8 0 
1 32 16 
2 34 14 
3 33 9 
t 978 13 
m 8 0 
1 33 16 
2 33 14 
3 34 9 
t 977 13 
m 8 0 
1 34 16 
2 34 14 
3 34 10 
t 976 13 
m 8 0 
1 34 17 
2 34 13 
3 34 11 
t 975 13 
m 8 0 
1 34 16 
2 34 14 
3 34 12 
t 974 13 
m 8 0 
1 34 15 
2 34 13 
3 34 13 
t 973 13 
m 8 0 
1 34 14 
2 34 12 
3 34 14 
t 972 13 
m 8 0 
1 34 13 
2 34 13 
3 34 15 
t 971 13 
m 8 0 
1 34 14 
2 34 12 
3 34 16 
t 970 13 
m 8 0 
1 34 15 
2 34 11 
3 34 17 
t 969 13 
m 8 0 
1 34 14 
2 34 10 
3 34 18 
t 968 13 
m 8 0 
1 34 15 
2 34 9 
3 34 17 
t 967 13 
m 8 0 
1 34 14 
2 33 9 
3 34 18 
t 966 13 
m 8 0 
1 33 14 
2 32 9 
3 34 17 
t 965 13 
m 8 0 
1 32 14 
2 32 10 
3 34 18 
t 964 13 
m 8 0 
1 31 14 
2 32 9 
3 34 17 
t 963 13 
m 8 0 
1 31 15 
2 33 9 
3 34 18 
t 962 13 
m 8 0 
1 31 16 
2 33 8 
3 34 17 
t 961 13 
m 8 0 
1 30 16 
2 33 9 
3 34 18 
t 960 13 
m 8 0 
1 31 16 
2 33 8 
3 34 19 
t 959 13 
m 8 0 
1 32 16 
2 33 9 
3 34 18 
t 958 13 
m 8 0 
1 33 16 
2 33 8 
3 34 17 
t 957 13 
m 8 0 
1 32 16 
2 33 9 
3 34 18 
t 956 13 
m 8 0 
1 33 16 
2 34 9 
3 34 19 
t 955 13 
m 8 0 
1 32 16 
2 34 10 
3 34 18 
t 954 13 
m 8 0 
1 31 16 
2 34 9 
3 34 19 
t 953 13 
m 8 0 
1 31 15 
2 34 10 
3 33 19 
t 952 13 
m 8 0 
1 31 14 
2 34 11 
3 32 19 
t 951 13 
m 8 0 
1 30 14 
2 34 10 
3 31 19 
t 950 13 
m 8 0 
1 30 13 
2 34 9 
3 32 19 
t 949 13 
m 8 0 
1 29 13 
2 33 9 
3 33 19 
t 948 13 
m 8 0 
1 28 13 
2 34 9 
3 32 19 
t 947 13 
m 8 0 
1 27 13 
2 33 9 
3 31 19 
t 946 13 
m 8 0 
1 28 13 
2 33 8 
3 30 19 
t 945 13 
m 8 0 
1 27 13 
2 33 9 
3 31 19 
t 944 13 
m 8 0 
1 28 13 
2 34 9 
3 32 19 
t 943 13 
m 8 0 
1 29 13 
2 34 10 
3 33 19 
t 942 13 
m 8 0 
1 28 13 
2 34 11 
3 32 19 
t 941 13 
m 8 0 
1 27 13 
2 34 12 
3 31 19 
t 940 13 
m 8 0 
1 28 13 
2 34 11 
3 30 19 
t 939 13 
m 8 0 
1 27 13 
2 34 12 
3 29 19 
t 938 13 
m 8 0 
1 28 13 
2 34 11 
3 28 19 
t 937 13 
m 8 0 
1 27 13 
2 34 10 
3 27 19 
t 936 13 
m 8 0 
1 27 12 
2 34 11 
3 28 19 
t 935 13 
m 8 0 
1 27 11 
2 34 10 
3 29 19 
t 934 13 
m 8 0 
1 27 12 
2 34 11 
3 28 19 
t 933 13 
m 8 0 
1 27 11 
2 34 10 
3 27 19 
t 932 13 
m 8 0 
1 27 12 
2 34 11 
3 26 19 
t 931 13 
m 8 1 
1 27 11 
2 34 10 
3 27 19 
t 930 13 
m 8 0 
1 27 12 
2 34 9 
3 26 19 
t 929 13 
m 8 1 
1 27 13 
2 34 10 
3 25 19 
t 928 13 
m 8 2 
1 27 12 
2 34 9 
3 25 18 
t 927 13 
m 8 1 
1 27 13 
2 34 10 
3 25 19 
t 926 13 
m 8 2 
1 28 13 
2 34 11 
3 25 18 
t 925 13 
m 8 1 
1 27 13 
2 34 12 
3 25 17 
t 924 13 
m 8 0 
1 28 13 
2 34 11 
3 26 17 
t 923 13 
m 8 0 
1 29 13 
2 34 12 
3 27 17 
t 922 13 
m 8 0 
1 28 13 
2 34 13 
3 27 18 
t 921 13 
m 8 0 
1 29 13 
2 34 12 
3 27 17 
t 920 13 
m 8 0 
1 28 13 
2 34 11 
3 28 17 
t 919 13 
m 8 0 
1 27 13 
2 34 12 
3 27 17 
t 918 13 
m 8 0 
1 27 12 
2 34 11 
3 26 17 
t 917 13 
m 8 0 
1 27 11 
2 34 12 
3 27 17 
t 916 13 
m 8 0 
1 27 10 
2 34 13 
3 27 18 
t 915 13 
m 8 0 
1 26 10 
2 34 12 
3 27 17 
t 914 13 
m 8 0 
1 27 10 
2 34 11 
3 26 17 
t 913 13 
m 8 0 
1 26 10 
2 34 10 
3 27 17 
t 912 13 
m 8 0 
1 25 10 
2 34 9 
3 27 18 
t 911 13 
m 8 0 
1 24 10 
2 34 10 
3 27 17 
t 910 13 
m 8 0 
1 25 10 
2 34 9 
3 28 17 
t 909 13 
m 8 0 
1 26 10 
2 34 10 
3 29 17 
t 908 13 
m 8 0 
1 27 10 
2 34 11 
3 30 17 
t 907 13 
m 8 0 
1 26 10 
2 34 12 
3 30 18 
t 906 13 
m 8 0 
1 25 10 
2 34 13 
3 30 19 
t 905 13 
m 8 0 
1 26 10 
2 34 12 
3 29 19 
t 904 13 
m 8 0 
1 25 10 
2 34 13 
3 28 19 
t 903 13 
m 8 0 
1 24 10 
2 34 12 
3 27 19 
t 902 13 
m 8 0 
1 25 10 
2 34 13 
3 28 19 
t 901 13 
m 8 0 
1 26 10 
2 34 14 
3 29 19 
t 900 13 
m 8 0 
1 25 10 
2 34 15 
3 30 19 
t 899 13 
m 8 0 
1 26 10 
2 34 14 
3 29 19 
t 898 13 
m 8 0 
1 25 10 
2 34 15 
3 30 19 
t 897 13 
m 8 0 
1 24 10 
2 34 16 
3 29 19 
t 896 13 
m 8 0 
1 23 10 
2 34 15 
3 30 19 
t 895 13 
m 8 0 
1 22 10 
2 34 14 
3 30 18 
t 894 13 
m 8 0 
1 23 10 
2 33 14 
3 30 17 
t 893 13 
m 8 0 
1 24 10 
2 32 14 
3 29 17 
t 892 13 
m 8 0 
1 23 10 
2 33 14 
3 28 17 
t 891 13 
m 8 0 
1 22 10 
2 34 14 
3 29 17 
t 890 13 
m 8 0 
1 21 10 
2 34 15 
3 28 17 
t 889 13 
m 8 0 
1 21 11 
2 34 14 
3 29 17 
t 888 13 
m 8 0 
1 21 12 
2 33 14 
3 28 17 
t 887 13 
m 8 0 
1 21 13 
2 34 14 
3 27 17 
t 886 13 
m 8 0 
1 21 12 
2 33 14 
3 26 17 
t 885 13 
m 8 0 
1 21 11 
2 34 14 
3 25 17 
t 884 13 
m 8 0 
1 21 12 
2 34 15 
3 25 18 
t 883 13 
m 8 1 
1 20 12 
2 34 14 
3 25 19 
t 882 13 
m 8 2 
1 21 12 
2 33 14 
3 26 19 
t 881 13 
m 8 1 
1 21 13 
2 34 14 
3 27 19 
t 880 13 
m 8 0 
1 21 14 
2 34 13 
3 26 19 
t 879 13 
m 8 1 
1 21 13 
2 34 14 
3 25 19 
t 878 13 
m 8 2 
1 21 12 
2 34 13 
3 25 18 
t 877 13 
m 8 1 
1 21 11 
2 34 14 
3 25 17 
t 876 13 
m 8 0 
1 21 12 
2 33 14 
3 25 18 
t 875 13 
m 8 1 
1 21 13 
2 34 14 
3 25 17 
t 874 13 
m 8 0 
1 21 14 
2 34 15 
3 25 18 
t 873 13 
m 8 1 
1 21 15 
2 34 14 
3 25 19 
t 872 13 
m 8 2 
1 21 16 
2 34 15 
3 25 18 
t 871 13 
m 7 2 
1 21 17 
2 34 16 
3 25 17 
t 870 13 
m 6 2 
1 21 16 
2 33 16 
3 26 17 
t 869 13 
m 6 1 
1 21 17 
2 32 16 
3 27 17 
t 868 13 
m 6 2 
1 21 16 
2 31 16 
3 26 17 
t 867 13 
m 6 1 
1 21 15 
2 32 16 
3 25 17 
t 866 13 
m 6 0 
1 21 16 
2 33 16 
3 26 17 
t 865 13 
m 5 0 
1 21 17 
2 32 16 
3 27 17 
t 864 13 
m 4 0 
1 21 18 
2 31 16 
3 28 17 
t 863 13 
m 3 0 
1 21 19 
2 32 16 
3 29 17 
t 862 13 
m 2 0 
1 22 19 
2 33 16 
3 30 17 
t 861 13 
m 3 0 
1 23 19 
2 32 16 
3 30 16 
t 860 13 
m 4 0 
1 22 19 
2 31 16 
3 31 16 
t 859 13 
m 3 0 
1 21 19 
2 30 16 
3 30 16 
t 858 13 
m 2 0 
1 20 19 
2 31 16 
3 30 17 
t 857 13 
m 1 0 
1 19 19 
2 30 16 
3 30 16 
t 856 23 
f 5 0 
m 0 0 
1 20 19 
2 30 17 
3 30 17 
t 855 24 
m 1 0 
1 19 19 
2 30 16 
3 30 16 
t 854 24 
m 0 0 
1 20 19 
2 30 17 
3 31 16 
t 853 24 
m 1 0 
1 19 19 
2 30 18 
3 30 16 
t 852 24 
m 0 0 
1 20 19 
2 30 17 
3 30 17 
t 851 24 
m 1 0 
1 21 19 
2 30 18 
3 30 16 
t 850 24 
m 2 0 
1 22 19 
2 30 19 
3 30 17 
t 849 24 
m 3 0 
1 21 19 
2 31 19 
3 30 16 
t 848 24 
m 2 0 
1 21 18 
2 32 19 
3 31 16 
t 847 24 
m 3 0 
1 21 17 
2 31 19 
3 30 16 
t 846 24 
m 4 0 
1 21 16 
2 30 19 
3 30 17 
t 845 24 
m 5 0 
1 21 17 
2 29 19 
3 30 16 
t 844 34 
f 21 18 
m 4 0 
1 21 18 
2 28 19 
3 31 16 
t 843 34 
m 3 0 
1 21 19 
2 27 19 
3 32 16 
t 842 34 
m 2 0 
1 20 19 
2 28 19 
3 31 16 
t 841 34 
m 1 0 
1 19 19 
2 27 19 
3 31 15 
t 840 34 
m 0 0 
1 20 19 
2 28 19 
3 31 14 
t 839 34 
m 1 0 
1 19 19 
2 27 19 
3 30 14 
t 838 34 
m 0 0 
1 20 19 
2 28 19 
3 31 14 
t 837 34 
m 1 0 
1 21 19 
2 27 19 
3 31 15 
t 836 34 
m 2 0 
1 20 19 
2 26 19 
3 31 16 
t 835 34 
m 1 0 
1 21 19 
2 25 19 
3 31 15 
t 834 34 
m 2 0 
1 22 19 
2 24 19 
3 31 14 
t 833 34 
m 3 0 
1 21 19 
2 25 19 
3 30 14 
t 832 34 
m 2 0 
1 22 19 
2 26 19 
3 30 13 
t 831 34 
m 3 0 
1 23 19 
2 27 19 
3 30 12 
t 830 34 
m 4 0 
1 24 19 
2 26 19 
3 31 12 
t 829 34 
m 5 0 
1 25 19 
2 27 19 
3 32 12 
t 828 34 
m 6 0 
1 25 18 
2 27 18 
3 31 12 
t 827 34 
m 7 0 
1 25 17 
2 27 19 
3 30 12 
t 826 34 
m 8 0 
1 26 17 
2 26 19 
3 31 12 
t 825 34 
m 8 1 
1 25 17 
2 27 19 
3 32 12 
t 824 34 
m 8 0 
1 26 17 
2 28 19 
3 32 11 
t 823 34 
m 8 0 
1 25 17 
2 29 19 
3 32 10 
t 822 34 
m 8 0 
1 26 17 
2 28 19 
3 32 9 
t 821 34 
m 8 0 
1 27 17 
2 27 19 
3 32 10 
t 820 34 
m 8 0 
1 27 18 
2 26 19 
3 32 11 
t 819 34 
m 8 1 
1 27 17 
2 25 19 
3 32 12 
t 818 34 
m 8 2 
1 26 17 
2 26 19 
3 31 12 
t 817 34 
m 8 1 
1 27 17 
2 25 19 
3 30 12 
t 816 34 
m 8 2 
1 26 17 
2 26 19 
3 31 12 
t 815 34 
m 8 1 
1 27 17 
2 25 19 
3 30 12 
t 814 34 
m 8 2 
1 27 18 
2 25 18 
3 30 13 
t 813 34 
m 8 1 
1 27 19 
2 25 19 
3 29 13 
t 812 34 
m 8 2 
1 28 19 
2 24 19 
3 28 13 
t 811 34 
m 7 2 
1 29 19 
2 23 19 
3 29 13 
t 810 34 
m 6 2 
1 28 19 
2 24 19 
3 30 13 
t 809 34 
m 6 1 
1 29 19 
2 23 19 
3 30 14 
t 808 34 
m 6 2 
1 28 19 
2 22 19 
3 31 14 
t 807 34 
m 6 2 
1 27 19 
2 21 19 
3 31 15 
t 806 34 
m 6 2 
1 26 19 
2 21 18 
3 31 16 
t 805 34 
m 6 2 
1 25 19 
2 21 17 
3 31 15 
t 804 34 
m 6 2 
1 26 19 
2 21 16 
3 31 16 
t 803 34 
m 6 1 
1 27 19 
2 21 17 
3 30 16 
t 802 34 
m 6 2 
1 26 19 
2 21 18 
3 30 17 
t 801 34 
m 6 2 
1 25 19 
2 21 19 
3 29 17 
t 800 34 
m 6 1 
1 24 19 
2 22 19 
3 30 17 
t 799 34 
m 6 1 
1 23 19 
2 23 19 
3 30 18 
t 798 34 
m 6 2 
1 22 19 
2 22 19 
3 30 17 
t 797 34 
m 6 2 
1 23 19 
2 23 19 
3 30 18 
t 796 34 
m 6 2 
1 24 19 
2 22 19 
3 30 17 
t 795 34 
m 6 1 
1 25 19 
2 21 19 
3 30 16 
t 794 34 
m 6 0 
1 24 19 
2 20 19 
3 31 16 
t 793 34 
m 5 0 
1 23 19 
2 19 19 
3 30 16 
t 792 34 
m 4 0 
1 24 19 
2 20 19 
3 31 16 
t 791 34 
m 5 0 
1 23 19 
2 19 19 
3 30 16 
t 790 34 
m 4 0 
1 22 19 
2 19 18 
3 31 16 
t 789 34 
m 3 0 
1 23 19 
2 19 17 
3 31 15 
t 788 34 
m 4 0 
1 22 19 
2 19 16 
3 31 14 
t 787 34 
m 3 0 
1 23 19 
2 19 15 
3 31 15 
t 786 34 
m 4 0 
1 24 19 
2 19 14 
3 31 16 
t 785 34 
m 5 0 
1 25 19 
2 19 13 
3 32 16 
t 784 34 
m 6 0 
1 25 18 
2 19 12 
3 33 16 
t 783 34 
m 7 0 
1 25 19 
2 20 12 
3 34 16 
t 782 34 
m 6 0 
1 24 19 
2 19 12 
3 34 15 
t 781 34 
m 5 0 
1 23 19 
2 18 12 
3 34 16 
t 780 34 
m 4 0 
1 24 19 
2 17 12 
3 34 17 
t 779 34 
m 5 0 
1 25 19 
2 18 12 
3 34 16 
t 778 34 
m 6 0 
1 25 18 
2 17 12 
3 33 16 
t 777 34 
m 5 0 
1 25 17 
2 16 12 
3 32 16 
t 776 34 
m 4 0 
1 26 17 
2 16 11 
3 31 16 
t 775 34 
m 5 0 
1 27 17 
2 16 12 
3 32 16 
t 774 34 
m 4 0 
1 27 18 
2 15 12 
3 33 16 
t 773 34 
m 3 0 
1 27 19 
2 14 12 
3 34 16 
t 772 34 
m 2 0 
1 27 18 
2 15 12 
3 34 17 
t 771 34 
m 3 0 
1 27 17 
2 16 12 
3 34 18 
t 770 34 
m 4 0 
1 28 17 
2 15 12 
3 34 17 
t 769 34 
m 3 0 
1 27 17 
2 16 12 
3 34 18 
t 768 34 
m 4 0 
1 26 17 
2 17 12 
3 34 17 
t 767 34 
m 5 0 
1 27 17 
2 16 12 
3 34 18 
t 766 34 
m 4 0 
1 28 17 
2 17 12 
3 34 17 
t 765 34 
m 5 0 
1 27 17 
2 18 12 
3 34 16 
t 764 34 
m 6 0 
1 27 18 
2 19 12 
3 33 16 
t 763 34 
m 7 0 
1 27 17 
2 18 12 
3 34 16 
t 762 34 
m 6 0 
1 27 18 
2 19 12 
3 33 16 
t 761 34 
m 7 0 
1 27 17 
2 20 12 
3 34 16 
t 760 34 
m 8 0 
1 27 18 
2 21 12 
3 34 15 
t 759 34 
m 8 0 
1 27 19 
2 20 12 
3 34 16 
t 758 34 
m 8 0 
1 28 19 
2 19 12 
3 34 17 
t 757 34 
m 8 1 
1 27 19 
2 18 12 
3 34 18 
t 756 34 
m 8 2 
1 28 19 
2 18 11 
3 34 19 
t 755 34 
m 8 1 
1 29 19 
2 18 10 
3 33 19 
t 754 34 
m 8 0 
1 30 19 
2 19 10 
3 32 19 
t 753 34 
m 8 0 
1 31 19 
2 18 10 
3 33 19 
t 752 34 
m 8 0 
1 32 19 
2 19 10 
3 34 19 
t 751 34 
m 8 0 
1 31 19 
2 20 10 
3 33 19 
t 750 34 
m 8 0 
1 30 19 
2 21 10 
3 32 19 
t 749 34 
m 8 0 
1 29 19 
2 22 10 
3 33 19 
t 748 34 
m 8 0 
1 30 19 
2 23 10 
3 34 19 
t 747 34 
m 8 0 
1 30 18 
2 24 10 
3 33 19 
t 746 34 
m 8 0 
1 30 19 
2 25 10 
3 32 19 
t 745 34 
m 8 0 
1 31 19 
2 24 10 
3 33 19 
t 744 34 
m 8 0 
1 30 19 
2 23 10 
3 32 19 
t 743 34 
m 8 0 
1 31 19 
2 22 10 
3 31 19 
t 742 34 
m 8 0 
1 32 19 
2 21 10 
3 32 19 
t 741 34 
m 8 0 
1 31 19 
2 21 11 
3 31 19 
t 740 34 
m 8 0 
1 32 19 
2 21 12 
3 30 19 
t 739 34 
m 8 0 
1 33 19 
2 20 12 
3 30 18 
t 738 34 
m 8 0 
1 34 19 
2 19 12 
3 30 19 
t 737 34 
m 8 1 
1 33 19 
2 20 12 
3 31 19 
t 736 34 
m 8 0 
1 32 19 
2 19 12 
3 30 19 
t 735 34 
m 8 1 
1 33 19 
2 20 12 
3 31 19 
t 734 34 
m 8 0 
1 34 19 
2 19 12 
3 30 19 
t 733 34 
m 8 1 
1 34 18 
2 18 12 
3 29 19 
t 732 34 
m 8 2 
1 34 19 
2 17 12 
3 28 19 
t 731 34 
m 7 2 
1 34 18 
2 18 12 
3 29 19 
t 730 34 
m 8 2 
1 34 17 
2 19 12 
3 28 19 
t 729 34 
m 8 1 
1 34 18 
2 19 13 
3 27 19 
t 728 34 
m 8 2 
1 34 17 
2 19 12 
3 26 19 
t 727 34 
m 8 1 
1 34 16 
2 19 13 
3 27 19 
t 726 34 
m 8 2 
1 33 16 
2 19 14 
3 28 19 
t 725 34 
m 7 2 
1 32 16 
2 19 13 
3 27 19 
t 724 34 
m 8 2 
1 33 16 
2 19 12 
3 28 19 
t 723 34 
m 8 1 
1 32 16 
2 19 13 
3 27 19 
t 722 34 
m 8 2 
1 33 16 
2 19 14 
3 27 18 
t 721 34 
m 7 2 
1 32 16 
2 19 13 
3 27 19 
t 720 34 
m 8 2 
1 33 16 
2 19 14 
3 26 19 
t 719 34 
m 7 2 
1 32 16 
2 19 13 
3 25 19 
t 718 34 
m 8 2 
1 33 16 
2 19 12 
3 24 19 
t 717 34 
m 7 2 
1 32 16 
2 18 12 
3 23 19 
t 716 34 
m 6 2 
1 31 16 
2 18 11 
3 24 19 
t 715 34 
m 6 1 
1 31 15 
2 18 12 
3 25 19 
t 714 34 
m 6 0 
1 31 14 
2 19 12 
3 25 18 
t 713 34 
m 7 0 
1 32 14 
2 18 12 
3 25 17 
t 712 34 
m 6 0 
1 33 14 
2 18 11 
3 26 17 
t 711 34 
m 7 0 
1 34 14 
2 18 10 
3 27 17 
t 710 34 
m 8 0 
1 34 13 
2 19 10 
3 26 17 
t 709 34 
m 8 0 
1 34 12 
2 18 10 
3 25 17 
t 708 34 
m 8 0 
1 34 13 
2 18 9 
3 26 17 
t 707 34 
m 8 0 
1 34 14 
2 18 8 
3 27 17 
t 706 34 
m 8 0 
1 33 14 
2 18 9 
3 26 17 
t 705 34 
m 8 0 
1 34 14 
2 18 8 
3 25 17 
t 704 34 
m 8 0 
1 34 15 
2 18 9 
3 26 17 
t 703 34 
m 8 0 
1 34 16 
2 18 10 
3 27 17 
t 702 34 
m 8 0 
1 34 15 
2 18 11 
3 27 18 
t 701 34 
m 8 1 
1 34 14 
2 18 10 
3 27 17 
t 700 34 
m 8 0 
1 33 14 
2 19 10 
3 26 17 
t 699 34 
m 8 0 
1 32 14 
2 18 10 
3 25 17 
t 698 34 
m 8 0 
1 31 14 
2 19 10 
3 25 18 
t 697 34 
m 8 1 
1 32 14 
2 20 10 
3 25 17 
t 696 34 
m 8 0 
1 33 14 
2 21 10 
3 25 18 
t 695 34 
m 8 1 
1 34 14 
2 22 10 
3 25 19 
t 694 34 
m 8 2 
1 33 14 
2 23 10 
3 25 18 
t 693 34 
m 8 1 
1 34 14 
2 22 10 
3 25 19 
t 692 34 
m 8 2 
1 33 14 
2 21 10 
3 26 19 
t 691 34 
m 8 1 
1 32 14 
2 21 11 
3 25 19 
t 690 34 
m 8 2 
1 33 14 
2 21 12 
3 26 19 
t 689 34 
m 8 1 
1 32 14 
2 21 11 
3 27 19 
t 688 34 
m 8 0 
1 31 14 
2 21 12 
3 28 19 
t 687 34 
m 8 0 
1 30 14 
2 20 12 
3 29 19 
t 686 34 
m 8 0 
1 30 13 
2 21 12 
3 28 19 
t 685 34 
m 8 0 
1 30 12 
2 21 11 
3 29 19 
t 684 34 
m 8 0 
1 31 12 
2 21 12 
3 30 19 
t 683 34 
m 8 0 
1 32 12 
2 21 13 
3 30 18 
t 682 34 
m 8 0 
1 31 12 
2 21 12 
3 30 17 
t 681 34 
m 8 0 
1 30 12 
2 21 13 
3 29 17 
t 680 34 
m 8 0 
1 31 12 
2 21 14 
3 28 17 
t 679 34 
m 8 1 
1 30 12 
2 21 13 
3 29 17 
t 678 34 
m 8 0 
1 31 12 
2 21 12 
3 28 17 
t 677 34 
m 8 0 
1 30 12 
2 21 13 
3 27 17 
t 676 34 
m 8 0 
1 31 12 
2 21 14 
3 28 17 
t 675 34 
m 8 1 
1 30 12 
2 21 15 
3 29 17 
t 674 34 
m 8 2 
1 30 13 
2 21 16 
3 28 17 
t 673 34 
m 7 2 
1 30 12 
2 21 15 
3 27 17 
t 672 34 
m 8 2 
1 31 12 
2 21 14 
3 26 17 
t 671 34 
m 8 1 
1 32 12 
2 21 15 
3 25 17 
t 670 34 
m 8 2 
1 32 11 
2 21 16 
3 25 18 
t 669 34 
m 7 2 
1 32 10 
2 21 15 
3 25 17 
t 668 34 
m 8 2 
1 32 9 
2 21 14 
3 25 18 
t 667 34 
m 8 1 
1 32 10 
2 21 13 
3 25 17 
t 666 34 
m 8 0 
1 32 9 
2 21 12 
3 25 18 
t 665 34 
m 8 1 
1 32 10 
2 20 12 
3 25 19 
t 664 34 
m 8 2 
1 32 9 
2 21 12 
3 26 19 
t 663 34 
m 8 1 
1 33 9 
2 20 12 
3 27 19 
t 662 34 
m 8 0 
1 32 9 
2 19 12 
3 27 18 
t 661 34 
m 8 1 
1 33 9 
2 19 13 
3 27 19 
t 660 34 
m 8 2 
1 32 9 
2 19 14 
3 26 19 
t 659 34 
m 7 2 
1 33 9 
2 19 13 
3 27 19 
t 658 34 
m 8 2 
1 33 8 
2 19 12 
3 28 19 
t 657 34 
m 8 1 
1 33 7 
2 19 13 
3 29 19 
t 656 34 
m 8 2 
1 33 8 
2 19 12 
3 30 19 
t 655 34 
m 8 1 
1 33 7 
2 18 12 
3 31 19 
t 654 34 
m 8 2 
1 33 8 
2 19 12 
3 32 19 
t 653 34 
m 8 1 
1 33 7 
2 18 12 
3 33 19 
t 652 34 
m 8 2 
1 33 8 
2 17 12 
3 34 19 
t 651 34 
m 7 2 
1 33 9 
2 16 12 
3 33 19 
t 650 34 
m 6 2 
1 33 8 
2 16 11 
3 32 19 
t 649 34 
m 6 1 
1 33 9 
2 16 10 
3 33 19 
t 648 34 
m 6 0 
1 33 8 
2 15 10 
3 34 19 
t 647 34 
m 5 0 
1 33 9 
2 16 10 
3 34 18 
t 646 34 
m 6 0 
1 33 8 
2 15 10 
3 34 19 
t 645 34 
m 5 0 
1 33 9 
2 14 10 
3 34 18 
t 644 34 
m 4 0 
1 33 8 
2 15 10 
3 34 19 
t 643 34 
m 5 0 
1 33 9 
2 16 10 
3 33 19 
t 642 34 
m 6 0 
1 32 9 
2 15 10 
3 34 19 
t 641 34 
m 5 0 
1 33 9 
2 16 10 
3 34 18 
t 640 34 
m 6 0 
1 34 9 
2 16 9 
3 34 17 
t 639 34 
m 7 0 
1 34 10 
2 16 8 
3 34 18 
t 638 34 
m 8 0 
1 34 11 
2 16 9 
3 34 17 
t 637 34 
m 8 1 
1 34 12 
2 16 8 
3 34 18 
t 636 34 
m 8 0 
1 34 13 
2 16 7 
3 34 19 
t 635 34 
m 8 0 
1 34 14 
2 16 8 
3 34 18 
t 634 34 
m 8 0 
1 34 13 
2 16 9 
3 34 17 
t 633 34 
m 8 1 
1 34 14 
2 16 8 
3 34 16 
t 632 34 
m 8 0 
1 34 13 
2 16 7 
3 33 16 
t 631 34 
m 8 0 
1 34 12 
2 16 6 
3 32 16 
t 630 34 
m 8 0 
1 34 11 
2 16 5 
3 31 16 
t 629 34 
m 8 0 
1 34 10 
2 17 5 
3 32 16 
t 628 34 
m 8 0 
1 34 9 
2 16 5 
3 33 16 
t 627 34 
m 8 0 
1 33 9 
2 16 6 
3 32 16 
t 626 34 
m 8 0 
1 34 9 
2 16 7 
3 31 16 
t 625 34 
m 8 0 
1 34 10 
2 16 6 
3 31 15 
t 624 34 
m 8 0 
1 34 11 
2 15 6 
3 31 16 
t 623 34 
m 8 0 
1 34 12 
2 14 6 
3 30 16 
t 622 34 
m 8 0 
1 34 13 
2 13 6 
3 31 16 
t 621 34 
m 8 1 
1 34 14 
2 14 6 
3 32 16 
t 620 34 
m 8 0 
1 34 15 
2 15 6 
3 33 16 
t 619 34 
m 8 0 
1 34 14 
2 15 5 
3 32 16 
t 618 34 
m 8 0 
1 33 14 
2 16 5 
3 31 16 
t 617 34 
m 8 0 
1 32 14 
2 15 5 
3 31 15 
t 616 34 
m 8 0 
1 31 14 
2 16 5 
3 31 14 
t 615 34 
m 8 0 
1 32 14 
2 15 5 
3 32 14 
t 614 34 
m 8 0 
1 31 14 
2 16 5 
3 33 14 
t 613 34 
m 8 0 
1 30 14 
2 17 5 
3 32 14 
t 612 34 
m 8 0 
1 31 14 
2 18 5 
3 33 14 
t 611 34 
m 8 0 
1 32 14 
2 19 5 
3 32 14 
t 610 34 
m 8 0 
1 33 14 
2 19 6 
3 31 14 
t 609 34 
m 8 0 
1 32 14 
2 19 5 
3 32 14 
t 608 34 
m 8 0 
1 33 14 
2 18 5 
3 31 14 
t 607 34 
m 8 0 
1 34 14 
2 19 5 
3 30 14 
t 606 34 
m 8 0 
1 34 15 
2 19 6 
3 30 13 
t 605 34 
m 8 0 
1 34 14 
2 18 6 
3 30 14 
t 604 34 
m 8 0 
1 33 14 
2 18 7 
3 30 13 
t 603 34 
m 8 0 
1 32 14 
2 18 6 
3 30 12 
t 602 34 
m 8 0 
1 31 14 
2 18 5 
3 31 12 
t 601 34 
m 8 0 
1 30 14 
2 17 5 
3 32 12 
t 600 34 
m 8 0 
1 31 14 
2 18 5 
3 32 11 
t 599 34 
m 8 0 
1 30 14 
2 19 5 
3 32 12 
t 598 34 
m 8 0 
1 31 14 
2 19 6 
3 32 11 
t 597 34 
m 8 0 
1 32 14 
2 18 6 
3 32 12 
t 596 34 
m 8 0 
1 33 14 
2 18 5 
3 31 12 
t 595 34 
m 8 0 
1 32 14 
2 19 5 
3 30 12 
t 594 34 
m 8 0 
1 31 14 
2 19 4 
3 30 13 
t 593 34 
m 8 0 
1 30 14 
2 19 5 
3 30 14 
t 592 34 
m 8 0 
1 30 13 
2 19 4 
3 30 13 
t 591 34 
m 8 0 
1 29 13 
2 19 5 
3 30 12 
t 590 34 
m 8 0 
1 28 13 
2 18 5 
3 31 12 
t 589 34 
m 8 0 
1 29 13 
2 19 5 
3 30 12 
t 588 34 
m 8 0 
1 28 13 
2 19 4 
3 30 13 
t 587 34 
m 8 0 
1 27 13 
2 19 5 
3 30 12 
t 586 34 
m 8 0 
1 28 13 
2 19 6 
3 31 12 
t 585 34 
m 8 0 
1 29 13 
2 19 5 
3 32 12 
t 584 34 
m 8 0 
1 28 13 
2 19 6 
3 31 12 
t 583 34 
m 8 0 
1 27 13 
2 20 6 
3 32 12 
t 582 34 
m 8 0 
1 28 13 
2 21 6 
3 32 11 
t 581 34 
m 8 0 
1 29 13 
2 22 6 
3 32 12 
t 580 34 
m 8 0 
1 28 13 
2 22 7 
3 32 11 
t 579 34 
m 8 0 
1 29 13 
2 22 8 
3 32 12 
t 578 34 
m 8 0 
1 30 13 
2 22 7 
3 31 12 
t 577 34 
m 8 0 
1 29 13 
2 22 8 
3 32 12 
t 576 34 
m 8 0 
1 30 13 
2 22 7 
3 31 12 
t 575 34 
m 8 0 
1 30 14 
2 22 8 
3 32 12 
t 574 34 
m 8 0 
1 31 14 
2 22 9 
3 32 11 
t 573 34 
m 8 0 
1 30 14 
2 22 10 
3 32 12 
t 572 34 
m 8 0 
1 30 13 
2 23 10 
3 32 11 
t 571 34 
m 8 0 
1 30 12 
2 24 10 
3 32 12 
t 570 34 
m 8 0 
1 30 13 
2 23 10 
3 31 12 
t 569 34 
m 8 0 
1 30 12 
2 22 10 
3 30 12 
t 568 34 
m 8 0 
1 31 12 
2 22 9 
3 31 12 
t 567 34 
m 8 0 
1 32 12 
2 22 8 
3 30 12 
t 566 34 
m 8 0 
1 31 12 
2 22 7 
3 31 12 
t 565 34 
m 8 0 
1 30 12 
2 22 8 
3 32 12 
t 564 34 
m 8 0 
1 30 13 
2 22 9 
3 32 11 
t 563 34 
m 8 0 
1 30 14 
2 22 8 
3 32 10 
t 562 34 
m 8 0 
1 30 13 
2 22 9 
3 32 9 
t 561 34 
m 8 0 
1 30 12 
2 22 8 
3 33 9 
t 560 34 
m 8 0 
1 31 12 
2 22 7 
3 33 8 
t 559 34 
m 8 0 
1 32 12 
2 22 6 
3 33 7 
t 558 34 
m 8 0 
1 31 12 
2 21 6 
3 33 6 
t 557 34 
m 8 0 
1 32 12 
2 22 6 
3 33 5 
t 556 34 
m 8 0 
1 32 11 
2 21 6 
3 33 6 
t 555 34 
m 8 0 
1 32 10 
2 22 6 
3 33 7 
t 554 34 
m 8 0 
1 32 11 
2 22 7 
3 33 6 
t 553 34 
m 8 0 
1 32 12 
2 22 8 
3 33 5 
t 552 34 
m 8 0 
1 31 12 
2 22 7 
3 33 4 
t 551 34 
m 8 0 
1 32 12 
2 22 8 
3 33 5 
t 550 34 
m 8 0 
1 32 11 
2 22 9 
3 33 6 
t 549 34 
m 8 0 
1 32 12 
2 22 8 
3 33 5 
t 548 34 
m 8 0 
1 31 12 
2 22 7 
3 33 4 
t 547 34 
m 8 0 
1 30 12 
2 22 8 
3 33 5 
t 546 34 
m 8 0 
1 30 13 
2 22 9 
3 33 6 
t 545 34 
m 8 0 
1 30 12 
2 22 10 
3 33 7 
t 544 34 
m 8 0 
1 31 12 
2 22 9 
3 33 6 
t 543 34 
m 8 0 
1 32 12 
2 22 10 
3 33 7 
t 542 34 
m 8 0 
1 32 11 
2 22 9 
3 33 8 
t 541 34 
m 8 0 
1 32 10 
2 22 10 
3 33 7 
t 540 34 
m 8 0 
1 32 9 
2 22 9 
3 33 8 
t 539 34 
m 8 0 
1 32 10 
2 22 10 
3 33 9 
t 538 34 
m 8 0 
1 32 9 
2 23 10 
3 34 9 
t 537 34 
m 8 0 
1 33 9 
2 24 10 
3 33 9 
t 536 34 
m 8 0 
1 32 9 
2 23 10 
3 32 9 
t 535 34 
m 8 0 
1 32 10 
2 22 10 
3 33 9 
t 534 34 
m 8 0 
1 32 9 
2 23 10 
3 33 8 
t 533 34 
m 8 0 
1 33 9 
2 22 10 
3 33 9 
t 532 34 
m 8 0 
1 33 8 
2 23 10 
3 32 9 
t 531 34 
m 8 0 
1 33 7 
2 22 10 
3 33 9 
t 530 34 
m 8 0 
1 33 8 
2 22 9 
3 33 8 
t 529 34 
m 8 0 
1 33 7 
2 22 10 
3 33 7 
t 528 34 
m 8 0 
1 33 8 
2 22 9 
3 33 8 
t 527 34 
m 8 0 
1 33 9 
2 22 8 
3 33 7 
t 526 34 
m 8 0 
1 34 9 
2 22 7 
3 33 6 
t 525 34 
m 8 0 
1 34 10 
2 22 6 
3 33 5 
t 524 34 
m 8 0 
1 34 11 
2 21 6 
3 33 6 
t 523 34 
m 8 0 
1 34 10 
2 20 6 
3 33 5 
t 522 34 
m 8 0 
1 34 9 
2 21 6 
3 33 6 
t 521 34 
m 8 0 
1 33 9 
2 20 6 
3 33 7 
t 520 34 
m 8 0 
1 34 9 
2 19 6 
3 33 6 
t 519 34 
m 8 0 
1 34 10 
2 19 5 
3 33 5 
t 518 34 
m 8 0 
1 34 9 
2 19 4 
3 33 6 
t 517 34 
m 8 0 
1 34 10 
2 19 5 
3 33 7 
t 516 34 
m 8 0 
1 34 11 
2 18 5 
3 33 8 
t 515 34 
m 8 0 
1 34 12 
2 18 6 
3 33 9 
t 514 34 
m 8 0 
1 34 13 
2 18 7 
3 32 9 
t 513 34 
m 8 0 
1 34 12 
2 18 6 
3 33 9 
t 512 34 
m 8 0 
1 34 11 
2 18 5 
3 32 9 
t 511 34 
m 8 0 
1 34 12 
2 17 5 
3 33 9 
t 510 34 
m 8 0 
1 34 11 
2 16 5 
3 32 9 
t 509 34 
m 8 0 
1 34 10 
2 17 5 
3 33 9 
t 508 34 
m 8 0 
1 34 11 
2 18 5 
3 32 9 
t 507 34 
m 8 0 
1 34 10 
2 17 5 
3 32 10 
t 506 34 
m 8 0 
1 34 11 
2 16 5 
3 32 9 
t 505 34 
m 8 0 
1 34 12 
2 17 5 
3 33 9 
t 504 34 
m 8 0 
1 34 13 
2 18 5 
3 32 9 
t 503 34 
m 8 0 
1 34 12 
2 17 5 
3 32 10 
t 502 34 
m 8 0 
1 34 11 
2 16 5 
3 32 11 
t 501 34 
m 8 0 
1 34 12 
2 16 6 
3 32 12 
t 500 34 
m 8 0 
1 34 11 
2 16 7 
3 31 12 
t 499 34 
m 8 0 
1 34 10 
2 16 6 
3 32 12 
t 498 34 
m 8 0 
1 34 11 
2 16 7 
3 31 12 
t 497 34 
m 8 0 
1 34 10 
2 16 6 
3 32 12 
t 496 34 
m 8 0 
1 34 11 
2 16 5 
3 32 11 
t 495 34 
m 8 0 
1 34 12 
2 17 5 
3 32 10 
t 494 34 
m 8 0 
1 34 13 
2 16 5 
3 32 9 
t 493 34 
m 8 0 
1 34 12 
2 15 5 
3 33 9 
t 492 34 
m 8 0 
1 34 13 
2 15 4 
3 32 9 
t 491 34 
m 8 0 
1 34 12 
2 15 3 
3 33 9 
t 490 34 
m 8 0 
1 34 13 
2 15 2 
3 34 9 
t 489 34 
m 8 0 
1 34 12 
2 15 1 
3 33 9 
t 488 34 
m 8 0 
1 34 11 
2 15 2 
3 34 9 
t 487 34 
m 8 0 
1 34 12 
2 15 3 
3 34 10 
t 486 34 
m 8 0 
1 34 11 
2 15 4 
3 34 11 
t 485 34 
m 8 0 
1 34 12 
2 15 5 
3 34 12 
t 484 34 
m 8 0 
1 34 13 
2 15 4 
3 34 11 
t 483 34 
m 8 0 
1 34 14 
2 15 3 
3 34 10 
t 482 34 
m 8 0 
1 33 14 
2 15 4 
3 34 11 
t 481 34 
m 8 0 
1 32 14 
2 15 5 
3 34 10 
t 480 34 
m 8 0 
1 31 14 
2 16 5 
3 34 9 
t 479 34 
m 8 0 
1 30 14 
2 17 5 
3 34 10 
t 478 34 
m 8 0 
1 31 14 
2 16 5 
3 34 11 
t 477 34 
m 8 0 
1 31 15 
2 16 6 
3 34 12 
t 476 34 
m 8 0 
1 31 14 
2 16 7 
3 34 13 
t 475 34 
m 8 0 
1 30 14 
2 16 8 
3 34 14 
t 474 34 
m 8 0 
1 31 14 
2 16 7 
3 34 15 
t 473 34 
m 8 0 
1 30 14 
2 16 8 
3 34 14 
t 472 34 
m 8 0 
1 31 14 
2 16 9 
3 34 15 
t 471 34 
m 8 1 
1 32 14 
2 16 8 
3 34 16 
t 470 34 
m 8 0 
1 33 14 
2 16 9 
3 34 15 
t 469 34 
m 8 1 
1 34 14 
2 16 10 
3 34 16 
t 468 34 
m 8 2 
1 33 14 
2 16 9 
3 33 16 
t 467 34 
m 8 1 
1 34 14 
2 16 10 
3 34 16 
t 466 34 
m 8 2 
1 34 15 
2 16 9 
3 34 15 
t 465 34 
m 8 1 
1 34 14 
2 16 8 
3 34 16 
t 464 34 
m 8 0 
1 34 15 
2 16 9 
3 33 16 
t 463 34 
m 8 1 
1 34 16 
2 16 10 
3 32 16 
t 462 34 
m 8 2 
1 34 17 
2 16 11 
3 33 16 
t 461 34 
m 7 2 
1 34 16 
2 16 12 
3 32 16 
t 460 34 
m 6 2 
1 34 17 
2 16 11 
3 33 16 
t 459 34 
m 6 1 
1 34 16 
2 16 12 
3 32 16 
t 458 34 
m 6 2 
1 34 15 
2 17 12 
3 33 16 
t 457 34 
m 6 1 
1 34 16 
2 18 12 
3 34 16 
t 456 34 
m 6 0 
1 34 15 
2 17 12 
3 34 15 
t 455 34 
m 5 0 
1 34 14 
2 18 12 
3 34 14 
t 454 34 
m 6 0 
1 34 13 
2 18 11 
3 34 15 
t 453 34 
m 7 0 
1 34 14 
2 18 10 
3 34 14 
t 452 34 
m 8 0 
1 34 15 
2 19 10 
3 34 15 
t 451 34 
m 8 0 
1 34 16 
2 20 10 
3 34 16 
t 450 34 
m 8 0 
1 34 17 
2 19 10 
3 34 17 
t 449 34 
m 8 0 
1 34 16 
2 20 10 
3 34 16 
t 448 34 
m 8 0 
1 34 17 
2 19 10 
3 33 16 
t 447 34 
m 8 0 
1 34 18 
2 20 10 
3 34 16 
t 446 34 
m 8 0 
1 34 17 
2 21 10 
3 34 17 
t 445 34 
m 8 0 
1 34 16 
2 20 10 
3 34 18 
t 444 34 
m 8 0 
1 34 15 
2 21 10 
3 34 19 
t 443 34 
m 8 0 
1 34 16 
2 22 10 
3 34 18 
t 442 34 
m 8 0 
1 34 17 
2 21 10 
3 34 19 
t 441 34 
m 8 0 
1 34 18 
2 21 11 
3 34 18 
t 440 34 
m 8 0 
1 34 19 
2 21 10 
3 34 19 
t 439 34 
m 8 0 
1 34 18 
2 21 11 
3 34 18 
t 438 34 
m 8 0 
1 34 19 
2 21 12 
3 34 19 
t 437 34 
m 8 0 
1 34 18 
2 21 13 
3 33 19 
t 436 34 
m 8 0 
1 34 19 
2 21 14 
3 34 19 
t 435 34 
m 8 1 
1 33 19 
2 21 13 
3 33 19 
t 434 34 
m 8 0 
1 34 19 
2 21 12 
3 34 19 
t 433 34 
m 8 0 
1 33 19 
2 21 11 
3 34 18 
t 432 34 
m 8 0 
1 32 19 
2 21 10 
3 34 19 
t 431 34 
m 8 0 
1 33 19 
2 21 11 
3 34 18 
t 430 34 
m 8 0 
1 34 19 
2 21 12 
3 34 19 
t 429 34 
m 8 0 
1 33 19 
2 21 13 
3 33 19 
t 428 34 
m 8 0 
1 34 19 
2 21 12 
3 32 19 
t 427 34 
m 8 0 
1 33 19 
2 20 12 
3 31 19 
t 426 34 
m 8 0 
1 32 19 
2 21 12 
3 32 19 
t 425 34 
m 8 0 
1 33 19 
2 21 11 
3 31 19 
t 424 34 
m 8 0 
1 32 19 
2 21 10 
3 32 19 
t 423 34 
m 8 0 
1 33 19 
2 20 10 
3 31 19 
t 422 34 
m 8 0 
1 32 19 
2 21 10 
3 30 19 
t 421 34 
m 8 0 
1 33 19 
2 22 10 
3 31 19 
t 420 34 
m 8 0 
1 34 19 
2 21 10 
3 32 19 
t 419 34 
m 8 0 
1 33 19 
2 20 10 
3 31 19 
t 418 34 
m 8 0 
1 34 19 
2 21 10 
3 32 19 
t 417 34 
m 8 0 
1 34 18 
2 20 10 
3 33 19 
t 416 34 
m 8 0 
1 34 19 
2 19 10 
3 34 19 
t 415 34 
m 8 0 
1 33 19 
2 20 10 
3 34 18 
t 414 34 
m 8 0 
1 32 19 
2 21 10 
3 34 19 
t 413 34 
m 8 0 
1 33 19 
2 22 10 
3 34 18 
t 412 34 
m 8 0 
1 34 19 
2 23 10 
3 34 19 
t 411 34 
m 8 0 
1 34 18 
2 24 10 
3 33 19 
t 410 34 
m 8 0 
1 34 17 
2 25 10 
3 32 19 
t 409 34 
m 8 0 
1 34 16 
2 26 10 
3 33 19 
t 408 34 
m 8 0 
1 34 17 
2 25 10 
3 34 19 
t 407 34 
m 8 0 
1 34 16 
2 24 10 
3 34 18 
t 406 34 
m 8 0 
1 34 15 
2 25 10 
3 34 19 
t 405 34 
m 8 0 
1 34 16 
2 24 10 
3 33 19 
t 404 34 
m 8 0 
1 34 17 
2 25 10 
3 34 19 
t 403 34 
m 8 0 
1 34 16 
2 26 10 
3 33 19 
t 402 34 
m 8 0 
1 33 16 
2 25 10 
3 34 19 
t 401 34 
m 8 0 
1 34 16 
2 24 10 
3 33 19 
t 400 34 
m 8 0 
1 34 17 
2 23 10 
3 32 19 
t 399 34 
m 8 0 
1 34 16 
2 22 10 
3 31 19 
t 398 34 
m 8 0 
1 34 15 
2 21 10 
3 30 19 
t 397 34 
m 8 0 
1 34 14 
2 20 10 
3 30 18 
t 396 34 
m 8 0 
1 34 13 
2 19 10 
3 30 17 
t 395 34 
m 8 0 
1 34 14 
2 18 10 
3 30 16 
t 394 34 
m 8 0 
1 33 14 
2 19 10 
3 31 16 
t 393 34 
m 8 0 
1 32 14 
2 18 10 
3 32 16 
t 392 34 
m 8 0 
1 33 14 
2 18 9 
3 33 16 
t 391 34 
m 8 0 
1 34 14 
2 18 10 
3 34 16 
t 390 34 
m 8 0 
1 33 14 
2 18 9 
3 34 15 
t 389 34 
m 8 0 
1 34 14 
2 18 10 
3 34 14 
t 388 34 
m 8 0 
1 34 13 
2 19 10 
3 33 14 
t 387 34 
m 8 0 
1 34 14 
2 18 10 
3 32 14 
t 386 34 
m 8 0 
1 33 14 
2 19 10 
3 31 14 
t 385 34 
m 8 0 
1 32 14 
2 20 10 
3 32 14 
t 384 34 
m 8 0 
1 31 14 
2 19 10 
3 31 14 
t 383 34 
m 8 0 
1 30 14 
2 20 10 
3 31 15 
t 382 34 
m 8 0 
1 31 14 
2 19 10 
3 31 14 
t 381 34 
m 8 0 
1 32 14 
2 20 10 
3 31 15 
t 380 34 
m 8 0 
1 31 14 
2 21 10 
3 31 14 
t 379 34 
m 8 0 
1 31 15 
2 21 11 
3 32 14 
t 378 34 
m 8 0 
1 31 14 
2 21 12 
3 31 14 
t 377 34 
m 8 0 
1 31 15 
2 21 13 
3 32 14 
t 376 34 
m 8 0 
1 31 16 
2 21 12 
3 31 14 
t 375 34 
m 8 0 
1 30 16 
2 21 13 
3 32 14 
t 374 34 
m 8 0 
1 31 16 
2 21 14 
3 33 14 
t 373 34 
m 8 1 
1 32 16 
2 21 13 
3 32 14 
t 372 34 
m 8 0 
1 31 16 
2 21 12 
3 31 14 
t 371 34 
m 8 0 
1 30 16 
2 20 12 
3 30 14 
t 370 34 
m 8 0 
1 31 16 
2 21 12 
3 30 13 
t 369 34 
m 8 0 
1 30 16 
2 20 12 
3 30 14 
t 368 34 
m 8 0 
1 31 16 
2 21 12 
3 30 13 
t 367 34 
m 8 0 
1 31 15 
2 21 11 
3 30 14 
t 366 34 
m 8 0 
1 31 14 
2 21 12 
3 30 13 
t 365 34 
m 8 0 
1 31 15 
2 20 12 
3 29 13 
t 364 34 
m 8 0 
1 31 14 
2 21 12 
3 30 13 
t 363 34 
m 8 0 
1 30 14 
2 20 12 
3 30 14 
t 362 34 
m 8 0 
1 30 13 
2 19 12 
3 30 13 
t 361 34 
m 8 1 
1 30 12 
2 18 12 
3 29 13 
t 360 34 
m 8 2 
1 30 13 
2 19 12 
3 28 13 
t 359 34 
m 8 1 
1 30 12 
2 20 12 
3 29 13 
t 358 34 
m 8 0 
1 31 12 
2 19 12 
3 28 13 
t 357 34 
m 8 1 
1 32 12 
2 20 12 
3 29 13 
t 356 34 
m 8 0 
1 31 12 
2 19 12 
3 28 13 
t 355 34 
m 8 1 
1 32 12 
2 19 13 
3 29 13 
t 354 34 
m 8 2 
1 32 11 
2 19 14 
3 28 13 
t 353 34 
m 7 2 
1 32 10 
2 19 15 
3 29 13 
t 352 34 
m 6 2 
1 32 11 
2 19 16 
3 30 13 
t 351 34 
m 6 2 
1 32 10 
2 18 16 
3 30 12 
t 350 34 
m 6 2 
1 32 9 
2 19 16 
3 30 13 
t 349 34 
m 6 2 
1 32 10 
2 19 15 
3 30 12 
t 348 34 
m 6 2 
1 32 9 
2 19 16 
3 30 13 
t 347 34 
m 6 2 
1 33 9 
2 18 16 
3 29 13 
t 346 34 
m 6 2 
1 33 8 
2 17 16 
3 28 13 
t 345 34 
m 6 2 
1 33 9 
2 18 16 
3 29 13 
t 344 34 
m 6 2 
1 34 9 
2 19 16 
3 30 13 
t 343 34 
m 6 2 
1 34 10 
2 19 15 
3 30 14 
t 342 34 
m 6 2 
1 34 9 
2 19 16 
3 30 13 
t 341 34 
m 6 2 
1 34 10 
2 19 15 
3 30 14 
t 340 34 
m 6 2 
1 34 9 
2 19 14 
3 31 14 
t 339 34 
m 6 1 
1 33 9 
2 19 13 
3 31 15 
t 338 34 
m 6 0 
1 33 8 
2 19 14 
3 31 14 
t 337 34 
m 5 0 
1 33 7 
2 19 13 
3 30 14 
t 336 34 
m 6 0 
1 33 8 
2 19 12 
3 30 13 
t 335 34 
m 7 0 
1 33 9 
2 20 12 
3 30 14 
t 334 34 
m 8 0 
1 32 9 
2 21 12 
3 31 14 
t 333 34 
m 8 0 
1 33 9 
2 21 13 
3 31 15 
t 332 34 
m 8 0 
1 32 9 
2 21 12 
3 31 16 
t 331 34 
m 8 0 
1 32 10 
2 20 12 
3 30 16 
t 330 34 
m 8 0 
1 32 11 
2 21 12 
3 31 16 
t 329 34 
m 8 0 
1 32 10 
2 21 11 
3 30 16 
t 328 34 
m 8 0 
1 32 9 
2 21 10 
3 31 16 
t 327 34 
m 8 0 
1 32 10 
2 21 11 
3 31 15 
t 326 34 
m 8 0 
1 32 11 
2 21 10 
3 31 14 
t 325 34 
m 8 0 
1 32 12 
2 20 10 
3 30 14 
t 324 34 
m 8 0 
1 31 12 
2 21 10 
3 30 13 
t 323 34 
m 8 0 
1 32 12 
2 22 10 
3 30 14 
t 322 34 
m 8 0 
1 32 11 
2 22 9 
3 31 14 
t 321 34 
m 8 0 
1 32 12 
2 22 10 
3 32 14 
t 320 34 
m 8 0 
1 32 11 
2 22 9 
3 33 14 
t 319 34 
m 8 0 
1 32 10 
2 22 8 
3 34 14 
t 318 34 
m 8 0 
1 32 11 
2 22 7 
3 34 13 
t 317 34 
m 8 0 
1 32 12 
2 22 6 
3 34 12 
t 316 34 
m 8 0 
1 32 11 
2 22 7 
3 34 11 
t 315 34 
m 8 0 
1 32 12 
2 22 6 
3 34 10 
t 314 34 
m 8 0 
1 32 11 
2 21 6 
3 34 9 
t 313 34 
m 8 0 
1 32 10 
2 20 6 
3 33 9 
t 312 34 
m 8 0 
1 32 9 
2 19 6 
3 33 8 
t 311 34 
m 8 0 
1 33 9 
2 18 6 
3 33 7 
t 310 34 
m 8 0 
1 34 9 
2 18 7 
3 33 6 
t 309 34 
m 8 0 
1 34 10 
2 18 6 
3 33 5 
t 308 34 
m 8 0 
1 34 9 
2 19 6 
3 33 6 
t 307 34 
m 8 0 
1 33 9 
2 19 5 
3 33 5 
t 306 34 
m 8 0 
1 34 9 
2 19 6 
3 33 4 
t 305 34 
m 8 0 
1 34 10 
2 20 6 
3 34 4 
t 304 34 
m 8 0 
1 34 11 
2 19 6 
3 33 4 
t 303 34 
m 8 0 
1 34 12 
2 19 5 
3 33 5 
t 302 34 
m 8 0 
1 34 11 
2 19 6 
3 33 4 
t 301 34 
m 8 0 
1 34 12 
2 18 6 
3 34 4 
t 300 34 
m 8 0 
1 34 11 
2 18 7 
3 33 4 
t 299 34 
m 8 0 
1 34 12 
2 18 6 
3 33 5 
t 298 34 
m 8 0 
1 34 11 
2 18 7 
3 33 4 
t 297 34 
m 8 0 
1 34 12 
2 18 8 
3 34 4 
t 296 34 
m 8 0 
1 34 11 
2 18 9 
3 33 4 
t 295 34 
m 8 0 
1 34 12 
2 18 8 
3 33 5 
t 294 34 
m 8 0 
1 34 11 
2 18 7 
3 33 4 
t 293 34 
m 8 0 
1 34 10 
2 18 6 
3 33 5 
t 292 34 
m 8 0 
1 34 11 
2 18 5 
3 33 4 
t 291 34 
m 8 0 
1 34 10 
2 18 6 
3 34 4 
t 290 34 
m 8 0 
1 34 9 
2 18 7 
3 34 3 
t 289 34 
m 8 0 
1 33 9 
2 18 8 
3 34 4 
t 288 34 
m 8 0 
1 34 9 
2 18 9 
3 34 3 
t 287 34 
m 8 0 
1 34 10 
2 18 8 
3 34 2 
t 286 34 
m 8 0 
1 34 9 
2 18 9 
3 34 3 
t 285 34 
m 8 0 
1 34 10 
2 18 8 
3 34 4 
t 284 34 
m 8 0 
1 34 11 
2 18 9 
3 33 4 
t 283 34 
m 8 0 
1 34 12 
2 18 8 
3 33 5 
t 282 34 
m 8 0 
1 34 13 
2 18 9 
3 33 4 
t 281 34 
m 8 0 
1 34 14 
2 18 8 
3 32 4 
t 280 34 
m 8 0 
1 34 13 
2 18 9 
3 33 4 
t 279 34 
m 8 0 
1 34 14 
2 18 8 
3 34 4 
t 278 34 
m 8 0 
1 34 13 
2 18 9 
3 33 4 
t 277 34 
m 8 0 
1 34 12 
2 18 8 
3 32 4 
t 276 34 
m 8 0 
1 34 11 
2 18 7 
3 32 3 
t 275 34 
m 8 0 
1 34 12 
2 18 8 
3 32 4 
t 274 34 
m 8 0 
1 34 13 
2 18 9 
3 33 4 
t 273 34 
m 8 0 
1 34 14 
2 18 10 
3 33 5 
t 272 34 
m 8 0 
1 34 15 
2 18 11 
3 33 4 
t 271 34 
m 8 1 
1 34 14 
2 18 10 
3 32 4 
t 270 34 
m 8 0 
1 34 15 
2 18 9 
3 32 3 
t 269 34 
m 8 0 
1 34 16 
2 18 8 
3 32 4 
t 268 34 
m 8 0 
1 34 15 
2 18 7 
3 33 4 
t 267 34 
m 8 0 
1 34 16 
2 18 6 
3 33 5 
t 266 34 
m 8 0 
1 34 15 
2 18 7 
3 33 4 
t 265 34 
m 8 0 
1 34 16 
2 18 6 
3 32 4 
t 264 34 
m 8 0 
1 33 16 
2 19 6 
3 32 3 
t 263 34 
m 8 0 
1 32 16 
2 18 6 
3 32 2 
t 262 34 
m 8 0 
1 33 16 
2 18 5 
3 32 3 
t 261 34 
m 8 0 
1 32 16 
2 18 6 
3 32 2 
t 260 34 
m 8 0 
1 33 16 
2 18 5 
3 31 2 
t 259 34 
m 8 0 
1 34 16 
2 17 5 
3 30 2 
t 258 34 
m 8 0 
1 34 17 
2 18 5 
3 30 1 
t 257 34 
m 8 0 
1 34 16 
2 18 6 
3 30 2 
t 256 34 
m 8 0 
1 34 15 
2 18 7 
3 31 2 
t 255 34 
m 8 0 
1 34 16 
2 18 6 
3 32 2 
t 254 34 
m 8 0 
1 34 17 
2 18 7 
3 31 2 
t 253 34 
m 8 0 
1 34 16 
2 18 8 
3 32 2 
t 252 34 
m 8 0 
1 34 15 
2 18 9 
3 31 2 
t 251 34 
m 8 0 
1 34 16 
2 18 8 
3 30 2 
t 250 34 
m 8 0 
1 33 16 
2 18 7 
3 31 2 
t 249 34 
m 8 0 
1 34 16 
2 18 8 
3 30 2 
t 248 34 
m 8 0 
1 34 15 
2 18 7 
3 30 1 
t 247 34 
m 8 0 
1 34 16 
2 18 8 
3 30 2 
t 246 34 
m 8 0 
1 34 17 
2 18 7 
3 31 2 
t 245 34 
m 8 0 
1 34 18 
2 18 6 
3 30 2 
t 244 34 
m 8 0 
1 34 17 
2 18 7 
3 30 1 
t 243 34 
m 8 0 
1 34 16 
2 18 8 
3 30 0 
t 242 34 
m 8 0 
1 34 15 
2 18 7 
3 30 1 
t 241 34 
m 8 0 
1 34 16 
2 18 8 
3 30 0 
t 240 34 
m 8 0 
1 34 15 
2 18 9 
3 29 0 
t 239 34 
m 8 0 
1 34 16 
2 18 10 
3 28 0 
t 238 34 
m 8 0 
1 34 15 
2 19 10 
3 28 1 
t 237 34 
m 8 0 
1 34 14 
2 18 10 
3 28 2 
t 236 34 
m 8 0 
1 34 13 
2 19 10 
3 27 2 
t 235 34 
m 8 0 
1 34 14 
2 20 10 
3 28 2 
t 234 34 
m 8 0 
1 34 13 
2 21 10 
3 28 1 
t 233 34 
m 8 0 
1 34 14 
2 22 10 
3 28 2 
t 232 34 
m 8 0 
1 33 14 
2 23 10 
3 27 2 
t 231 34 
m 8 0 
1 34 14 
2 24 10 
3 26 2 
t 230 34 
m 8 0 
1 34 13 
2 23 10 
3 26 1 
t 229 34 
m 8 0 
1 34 14 
2 24 10 
3 26 2 
t 228 34 
m 8 0 
1 34 15 
2 23 10 
3 27 2 
t 227 34 
m 8 0 
1 34 14 
2 22 10 
3 28 2 
t 226 34 
m 8 0 
1 34 13 
2 22 9 
3 27 2 
t 225 34 
m 8 0 
1 34 14 
2 22 10 
3 26 2 
t 224 34 
m 8 0 
1 34 15 
2 22 9 
3 27 2 
t 223 34 
m 8 0 
1 34 14 
2 22 8 
3 28 2 
t 222 34 
m 8 0 
1 33 14 
2 22 7 
3 28 1 
t 221 34 
m 8 0 
1 32 14 
2 22 8 
3 28 0 
t 220 34 
m 8 0 
1 31 14 
2 22 9 
3 28 1 
t 219 34 
m 8 0 
1 32 14 
2 22 10 
3 28 2 
t 218 34 
m 8 0 
1 31 14 
2 21 10 
3 28 1 
t 217 34 
m 8 0 
1 30 14 
2 21 11 
3 28 0 
t 216 34 
m 8 0 
1 31 14 
2 21 10 
3 29 0 
t 215 34 
m 8 0 
1 30 14 
2 22 10 
3 30 0 
t 214 34 
m 8 0 
1 31 14 
2 22 9 
3 31 0 
t 213 34 
m 8 0 
1 30 14 
2 22 8 
3 32 0 
t 212 34 
m 8 0 
1 30 13 
2 22 9 
3 31 0 
t 211 34 
m 8 0 
1 30 12 
2 22 8 
3 30 0 
t 210 34 
m 8 0 
1 30 13 
2 22 9 
3 30 1 
t 209 34 
m 8 0 
1 30 12 
2 22 10 
3 30 2 
t 208 34 
m 8 0 
1 30 13 
2 22 9 
3 30 1 
t 207 34 
m 8 0 
1 30 12 
2 22 8 
3 30 2 
t 206 34 
m 8 0 
1 30 13 
2 22 9 
3 30 1 
t 205 34 
m 8 0 
1 29 13 
2 22 10 
3 30 0 
t 204 34 
m 8 0 
1 28 13 
2 23 10 
3 29 0 
t 203 34 
m 8 0 
1 27 13 
2 22 10 
3 28 0 
t 202 34 
m 8 0 
1 28 13 
2 23 10 
3 27 0 
t 201 34 
m 8 0 
1 29 13 
2 24 10 
3 28 0 
t 200 34 
m 8 0 
1 30 13 
2 25 10 
3 27 0 
t 199 34 
m 8 0 
1 30 12 
2 26 10 
3 28 0 
t 198 34 
m 8 0 
1 30 13 
2 27 10 
3 29 0 
t 197 34 
m 8 0 
1 30 14 
2 27 11 
3 30 0 
t 196 34 
m 8 0 
1 30 13 
2 27 12 
3 29 0 
t 195 34 
m 8 0 
1 30 12 
2 27 11 
3 28 0 
t 194 34 
m 8 0 
1 31 12 
2 27 10 
3 28 1 
t 193 34 
m 8 0 
1 30 12 
2 27 11 
3 28 0 
t 192 34 
m 8 0 
1 30 13 
2 27 12 
3 28 1 
t 191 34 
m 8 0 
1 30 12 
2 27 11 
3 28 0 
t 190 34 
m 8 0 
1 31 12 
2 27 10 
3 28 1 
t 189 34 
m 8 0 
1 32 12 
2 26 10 
3 28 2 
t 188 34 
m 8 0 
1 31 12 
2 25 10 
3 28 1 
t 187 34 
m 8 0 
1 32 12 
2 26 10 
3 28 2 
t 186 34 
m 8 0 
1 32 11 
2 25 10 
3 27 2 
t 185 34 
m 8 0 
1 32 12 
2 24 10 
3 26 2 
t 184 34 
m 8 0 
1 32 11 
2 23 10 
3 27 2 
t 183 34 
m 8 0 
1 32 12 
2 24 10 
3 28 2 
t 182 34 
m 8 0 
1 31 12 
2 23 10 
3 27 2 
t 181 34 
m 8 0 
1 30 12 
2 24 10 
3 28 2 
t 180 34 
m 8 0 
1 31 12 
2 25 10 
3 27 2 
t 179 34 
m 8 0 
1 32 12 
2 26 10 
3 28 2 
t 178 34 
m 8 0 
1 32 11 
2 27 10 
3 27 2 
t 177 34 
m 8 0 
1 32 12 
2 27 11 
3 28 2 
t 176 34 
m 8 0 
1 32 11 
2 27 12 
3 27 2 
t 175 34 
m 8 0 
1 32 12 
2 27 13 
3 28 2 
t 174 34 
m 8 0 
1 31 12 
2 28 13 
3 27 2 
t 173 34 
m 8 0 
1 32 12 
2 27 13 
3 26 2 
t 172 34 
m 8 0 
1 32 11 
2 27 12 
3 27 2 
t 171 34 
m 8 0 
1 32 12 
2 27 11 
3 26 2 
t 170 34 
m 8 0 
1 31 12 
2 27 12 
3 27 2 
t 169 34 
m 8 0 
1 30 12 
2 27 13 
3 26 2 
t 168 34 
m 8 0 
1 30 13 
2 28 13 
3 27 2 
t 167 34 
m 8 0 
1 30 12 
2 29 13 
3 26 2 
t 166 34 
m 8 0 
1 31 12 
2 30 13 
3 27 2 
t 165 34 
m 8 0 
1 32 12 
2 30 12 
3 28 2 
t 164 34 
m 8 0 
1 31 12 
2 31 12 
3 28 1 
t 163 34 
m 8 0 
1 30 12 
2 30 12 
3 28 2 
t 162 34 
m 8 0 
1 31 12 
2 31 12 
3 27 2 
t 161 34 
m 8 0 
1 30 12 
2 30 12 
3 28 2 
t 160 34 
m 8 0 
1 30 13 
2 30 13 
3 28 1 
t 159 34 
m 8 0 
1 29 13 
2 29 13 
3 28 2 
t 158 34 
m 8 0 
1 30 13 
2 28 13 
3 27 2 
t 157 34 
m 8 0 
1 30 14 
2 29 13 
3 26 2 
t 156 34 
m 8 0 
1 30 13 
2 30 13 
3 26 1 
t 155 34 
m 8 0 
1 30 12 
2 30 14 
3 25 1 
t 154 34 
m 8 0 
1 30 13 
2 31 14 
3 26 1 
t 153 34 
m 8 0 
1 30 12 
2 30 14 
3 26 2 
t 152 34 
m 8 0 
1 31 12 
2 30 13 
3 27 2 
t 151 34 
m 8 0 
1 32 12 
2 29 13 
3 28 2 
t 150 34 
m 8 0 
1 32 11 
2 30 13 
3 28 1 
t 149 34 
m 8 0 
1 32 10 
2 29 13 
3 28 0 
t 148 34 
m 8 0 
1 32 9 
2 30 13 
3 28 1 
t 147 34 
m 8 0 
1 33 9 
2 30 14 
3 28 2 
t 146 34 
m 8 0 
1 34 9 
2 30 13 
3 28 1 
t 145 34 
m 8 0 
1 34 10 
2 29 13 
3 28 0 
t 144 34 
m 8 0 
1 34 9 
2 30 13 
3 27 0 
t 143 34 
m 8 0 
1 34 10 
2 29 13 
3 26 0 
t 142 34 
m 8 0 
1 34 9 
2 30 13 
3 26 1 
t 141 34 
m 8 0 
1 33 9 
2 30 12 
3 26 0 
t 140 34 
m 8 0 
1 32 9 
2 31 12 
3 27 0 
t 139 34 
m 8 0 
1 33 9 
2 32 12 
3 26 0 
t 138 34 
m 8 0 
1 32 9 
2 32 11 
3 27 0 
t 137 34 
m 8 0 
1 33 9 
2 32 10 
3 28 0 
t 136 34 
m 8 0 
1 33 8 
2 32 9 
3 28 1 
t 135 34 
m 8 0 
1 33 7 
2 32 10 
3 28 0 
t 134 34 
m 8 0 
1 33 8 
2 32 11 
3 28 1 
t 133 34 
m 8 0 
1 33 9 
2 32 12 
3 28 0 
t 132 34 
m 8 0 
1 33 8 
2 31 12 
3 29 0 
t 131 34 
m 8 0 
1 33 9 
2 30 12 
3 30 0 
t 130 34 
m 8 0 
1 33 8 
2 30 13 
3 30 1 
t 129 34 
m 8 0 
1 33 7 
2 29 13 
3 30 2 
t 128 34 
m 8 0 
1 33 8 
2 30 13 
3 30 1 
t 127 34 
m 8 0 
1 33 7 
2 30 14 
3 30 0 
t 126 34 
m 8 0 
1 33 6 
2 30 13 
3 29 0 
t 125 34 
m 8 0 
1 33 5 
2 30 14 
3 30 0 
t 124 34 
m 8 0 
1 33 6 
2 30 13 
3 31 0 
t 123 34 
m 8 0 
1 33 7 
2 29 13 
3 30 0 
t 122 34 
m 8 0 
1 33 8 
2 30 13 
3 30 1 
t 121 34 
m 8 0 
1 33 9 
2 30 12 
3 30 2 
t 120 34 
m 8 0 
1 33 8 
2 31 12 
3 31 2 
t 119 34 
m 8 0 
1 33 7 
2 30 12 
3 30 2 
t 118 34 
m 8 0 
1 33 6 
2 30 13 
3 31 2 
t 117 34 
m 8 0 
1 33 7 
2 30 14 
3 32 2 
t 116 34 
m 8 0 
1 33 8 
2 31 14 
3 32 3 
t 115 34 
m 8 0 
1 33 7 
2 32 14 
3 32 2 
t 114 34 
m 8 0 
1 33 6 
2 33 14 
3 31 2 
t 113 34 
m 8 0 
1 33 5 
2 32 14 
3 30 2 
t 112 34 
m 8 0 
1 33 6 
2 31 14 
3 30 1 
t 111 34 
m 8 0 
1 33 7 
2 31 15 
3 30 0 
t 110 34 
m 8 0 
1 33 6 
2 31 14 
3 30 1 
t 109 34 
m 8 0 
1 33 7 
2 30 14 
3 30 2 
t 108 34 
m 8 0 
1 33 6 
2 31 14 
3 30 1 
t 107 34 
m 8 0 
1 33 5 
2 30 14 
3 30 0 
t 106 34 
m 8 0 
1 33 4 
2 31 14 
3 29 0 
t 105 34 
m 8 0 
1 32 4 
2 32 14 
3 28 0 
t 104 34 
m 8 0 
1 33 4 
2 31 14 
3 28 1 
t 103 34 
m 8 0 
1 34 4 
2 31 15 
3 28 2 
t 102 34 
m 8 0 
1 34 3 
2 31 14 
3 28 1 
t 101 34 
m 8 0 
1 34 2 
2 31 15 
3 28 0 
t 100 34 
m 8 0 
1 34 3 
2 31 16 
3 28 1 
t 99 34 
m 8 0 
1 34 4 
2 31 15 
3 28 2 
t 98 34 
m 8 0 
1 33 4 
2 31 14 
3 28 1 
t 97 34 
m 8 0 
1 33 5 
2 30 14 
3 28 2 
t 96 34 
m 8 0 
1 33 6 
2 30 13 
3 28 1 
t 95 34 
m 8 0 
1 33 7 
2 29 13 
3 28 2 
t 94 34 
m 8 0 
1 33 6 
2 30 13 
3 28 1 
t 93 34 
m 8 0 
1 33 5 
2 30 12 
3 28 0 
t 92 34 
m 8 0 
1 33 6 
2 30 13 
3 27 0 
t 91 34 
m 8 0 
1 33 5 
2 29 13 
3 28 0 
t 90 34 
m 8 0 
1 33 6 
2 30 13 
3 27 0 
t 89 34 
m 8 0 
1 33 7 
2 29 13 
3 28 0 
t 88 34 
m 8 0 
1 33 8 
2 28 13 
3 28 1 
t 87 34 
m 8 0 
1 33 7 
2 29 13 
3 28 2 
t 86 34 
m 8 0 
1 33 8 
2 30 13 
3 27 2 
t 85 34 
m 8 0 
1 33 9 
2 29 13 
3 28 2 
t 84 34 
m 8 0 
1 34 9 
2 30 13 
3 28 1 
t 83 34 
m 8 0 
1 33 9 
2 30 14 
3 28 2 
t 82 34 
m 8 0 
1 33 8 
2 30 13 
3 27 2 
t 81 34 
m 8 0 
1 33 7 
2 30 14 
3 28 2 
t 80 34 
m 8 0 
1 33 8 
2 30 13 
3 27 2 
t 79 34 
m 8 0 
1 33 9 
2 30 12 
3 26 2 
t 78 34 
m 8 0 
1 32 9 
2 31 12 
3 27 2 
t 77 34 
m 8 0 
1 33 9 
2 30 12 
3 28 2 
t 76 34 
m 8 0 
1 32 9 
2 31 12 
3 27 2 
t 75 34 
m 8 0 
1 32 10 
2 30 12 
3 26 2 
t 74 34 
m 8 0 
1 32 9 
2 30 13 
3 27 2 
t 73 34 
m 8 0 
1 33 9 
2 30 14 
3 28 2 
t 72 34 
m 8 0 
1 32 9 
2 31 14 
3 27 2 
t 71 34 
m 8 0 
1 32 10 
2 30 14 
3 28 2 
t 70 34 
m 8 0 
1 32 11 
2 31 14 
3 28 1 
t 69 34 
m 8 0 
1 32 10 
2 31 15 
3 28 0 
t 68 34 
m 8 0 
1 32 9 
2 31 16 
3 28 1 
t 67 34 
m 8 0 
1 33 9 
2 30 16 
3 28 0 
t 66 34 
m 8 0 
1 34 9 
2 31 16 
3 27 0 
t 65 34 
m 8 0 
1 34 10 
2 30 16 
3 26 0 
t 64 34 
m 8 0 
1 34 11 
2 31 16 
3 27 0 
t 63 34 
m 8 0 
1 34 12 
2 31 15 
3 26 0 
t 62 34 
m 8 0 
1 34 13 
2 31 14 
3 26 1 
t 61 34 
m 8 0 
1 34 14 
2 32 14 
3 25 1 
t 60 34 
m 8 0 
1 34 13 
2 31 14 
3 26 1 
t 59 34 
m 8 0 
1 34 14 
2 31 15 
3 26 2 
t 58 34 
m 8 0 
1 33 14 
2 31 16 
3 27 2 
t 57 34 
m 8 0 
1 34 14 
2 32 16 
3 28 2 
t 56 34 
m 8 0 
1 34 13 
2 31 16 
3 27 2 
t 55 34 
m 8 0 
1 34 12 
2 32 16 
3 26 2 
t 54 34 
m 8 0 
1 34 11 
2 33 16 
3 26 1 
t 53 34 
m 8 0 
1 34 10 
2 34 16 
3 26 0 
t 52 34 
m 8 0 
1 34 11 
2 34 17 
3 27 0 
t 51 34 
m 8 0 
1 34 12 
2 34 16 
3 28 0 
t 50 34 
m 8 0 
1 34 13 
2 33 16 
3 28 1 
t 49 34 
m 8 0 
1 34 14 
2 32 16 
3 28 0 
t 48 34 
m 8 0 
1 34 13 
2 31 16 
3 28 1 
t 47 34 
m 8 0 
1 34 14 
2 31 15 
3 28 0 
t 46 34 
m 8 0 
1 34 15 
2 31 16 
3 29 0 
t 45 34 
m 8 0 
1 34 14 
2 31 15 
3 28 0 
t 44 34 
m 8 0 
1 34 13 
2 31 16 
3 29 0 
t 43 34 
m 8 0 
1 34 12 
2 32 16 
3 30 0 
t 42 34 
m 8 0 
1 34 11 
2 31 16 
3 29 0 
t 41 34 
m 8 0 
1 34 10 
2 32 16 
3 30 0 
t 40 34 
m 8 0 
1 34 11 
2 33 16 
3 29 0 
t 39 34 
m 8 0 
1 34 10 
2 32 16 
3 30 0 
t 38 34 
m 8 0 
1 34 11 
2 31 16 
3 31 0 
t 37 34 
m 8 0 
1 34 10 
2 30 16 
3 30 0 
t 36 34 
m 8 0 
1 34 9 
2 31 16 
3 29 0 
t 35 34 
m 8 0 
1 33 9 
2 30 16 
3 28 0 
t 34 34 
m 8 0 
1 34 9 
2 30 17 
3 28 1 
t 33 34 
m 8 0 
1 34 10 
2 30 16 
3 28 0 
t 32 34 
m 8 0 
1 34 9 
2 31 16 
3 28 1 
t 31 34 
m 8 0 
1 33 9 
2 31 15 
3 28 2 
t 30 34 
m 8 0 
1 34 9 
2 31 16 
3 28 1 
t 29 34 
m 8 0 
1 33 9 
2 30 16 
3 28 0 
t 28 34 
m 8 0 
1 32 9 
2 31 16 
3 29 0 
t 27 34 
m 8 0 
1 33 9 
2 32 16 
3 30 0 
t 26 34 
m 8 0 
1 33 8 
2 31 16 
3 30 1 
t 25 34 
m 8 0 
1 33 7 
2 31 15 
3 30 0 
t 24 34 
m 8 0 
1 33 6 
2 31 14 
3 31 0 
t 23 34 
m 8 0 
1 33 7 
2 31 15 
3 30 0 
t 22 34 
m 8 0 
1 33 6 
2 31 14 
3 30 1 
t 21 34 
m 8 0 
1 33 5 
2 32 14 
3 30 2 
t 20 34 
m 8 0 
1 33 4 
2 33 14 
3 30 1 
t 19 34 
m 8 0 
1 33 5 
2 32 14 
3 30 2 
t 18 34 
m 8 0 
1 33 6 
2 33 14 
3 30 1 
t 17 34 
m 8 0 
1 33 7 
2 34 14 
3 30 0 
t 16 34 
m 8 0 
1 33 8 
2 34 15 
3 30 1 
t 15 34 
m 8 0 
1 33 9 
2 34 14 
3 30 2 
t 14 34 
m 8 0 
1 34 9 
2 34 15 
3 30 1 
t 13 34 
m 8 0 
1 34 10 
2 34 14 
3 30 0 
t 12 34 
m 8 0 
1 34 11 
2 34 15 
3 30 1 
t 11 34 
m 8 0 
1 34 12 
2 34 14 
3 30 2 
t 10 34 
m 8 0 
1 34 11 
2 34 15 
3 31 2 
t 9 34 
m 8 0 
1 34 10 
2 34 16 
3 32 2 
t 8 34 
m 8 0 
1 34 9 
2 33 16 
3 31 2 
t 7 34 
m 8 0 
1 34 10 
2 34 16 
3 32 2 
t 6 34 
m 8 0 
1 34 9 
2 33 16 
3 32 3 
t 5 34 
m 8 0 
1 34 10 
2 34 16 
3 32 2 
t 4 34 
m 8 0 
1 34 11 
2 34 17 
3 32 3 
t 3 34 
m 8 0 
1 34 12 
2 34 16 
3 32 2 
t 2 34 
m 8 0 
1 34 11 
2 34 15 
3 32 3 
t 1 34 
