35
20
m 0 19 
1 34 0 
2 34 0 
3 34 0 
w 16 19 
w 17 19 
w 18 19 
w 1 18 
w 2 18 
w 3 18 
w 5 18 
w 6 18 
w 8 18 
w 10 18 
w 11 18 
w 12 18 
w 14 18 
w 16 18 
w 17 18 
w 18 18 
w 20 18 
w 22 18 
w 23 18 
w 24 18 
w 26 18 
w 28 18 
w 29 18 
w 31 18 
w 32 18 
w 33 18 
w 1 17 
w 2 17 
w 3 17 
w 10 17 
w 11 17 
w 12 17 
w 14 17 
w 16 17 
w 17 17 
w 18 17 
w 20 17 
w 22 17 
w 23 17 
w 24 17 
w 31 17 
w 32 17 
w 33 17 
w 5 16 
w 6 16 
w 7 16 
w 8 16 
w 9 16 
w 10 16 
w 11 16 
w 12 16 
w 14 16 
w 20 16 
w 22 16 
w 23 16 
w 24 16 
w 25 16 
w 26 16 
w 27 16 
w 28 16 
w 29 16 
w 1 15 
w 2 15 
w 4 15 
w 5 15 
w 6 15 
w 7 15 
w 8 15 
w 9 15 
w 10 15 
w 11 15 
w 12 15 
w 14 15 
w 16 15 
w 17 15 
w 18 15 
w 20 15 
w 22 15 
w 23 15 
w 24 15 
w 25 15 
w 26 15 
w 27 15 
w 28 15 
w 29 15 
w 30 15 
w 32 15 
w 33 15 
w 5 14 
w 6 14 
w 7 14 
w 8 14 
w 9 14 
w 10 14 
w 11 14 
w 12 14 
w 14 14 
w 16 14 
w 17 14 
w 18 14 
w 20 14 
w 22 14 
w 23 14 
w 24 14 
w 25 14 
w 26 14 
w 27 14 
w 28 14 
w 29 14 
w 1 13 
w 2 13 
w 3 13 
w 8 13 
w 9 13 
w 10 13 
w 11 13 
w 12 13 
w 14 13 
w 16 13 
w 17 13 
w 18 13 
w 20 13 
w 22 13 
w 23 13 
w 24 13 
w 25 13 
w 26 13 
w 31 13 
w 32 13 
w 33 13 
w 1 12 
w 5 12 
w 6 12 
w 8 12 
w 9 12 
w 10 12 
w 11 12 
w 12 12 
w 22 12 
w 23 12 
w 24 12 
w 25 12 
w 26 12 
w 28 12 
w 29 12 
w 33 12 
w 1 11 
w 3 11 
w 4 11 
w 5 11 
w 6 11 
w 8 11 
w 9 11 
w 10 11 
w 11 11 
w 12 11 
w 14 11 
w 15 11 
w 17 11 
w 19 11 
w 20 11 
w 22 11 
w 23 11 
w 24 11 
w 25 11 
w 26 11 
w 28 11 
w 29 11 
w 30 11 
w 31 11 
w 33 11 
w 1 10 
w 3 10 
w 4 10 
w 5 10 
w 6 10 
w 17 10 
w 28 10 
w 29 10 
w 30 10 
w 31 10 
w 33 10 
w 3 9 
w 4 9 
w 5 9 
w 6 9 
w 7 9 
w 8 9 
w 9 9 
w 10 9 
w 11 9 
w 13 9 
w 14 9 
w 15 9 
w 17 9 
w 19 9 
w 20 9 
w 21 9 
w 23 9 
w 24 9 
w 25 9 
w 26 9 
w 27 9 
w 28 9 
w 29 9 
w 30 9 
w 31 9 
w 0 8 
w 2 8 
w 3 8 
w 4 8 
w 5 8 
w 6 8 
w 7 8 
w 8 8 
w 9 8 
w 10 8 
w 11 8 
w 13 8 
w 14 8 
w 15 8 
w 17 8 
w 19 8 
w 20 8 
w 21 8 
w 23 8 
w 24 8 
w 25 8 
w 26 8 
w 27 8 
w 28 8 
w 29 8 
w 30 8 
w 31 8 
w 32 8 
w 34 8 
w 0 7 
w 2 7 
w 3 7 
w 4 7 
w 5 7 
w 6 7 
w 7 7 
w 8 7 
w 9 7 
w 10 7 
w 11 7 
w 13 7 
w 14 7 
w 15 7 
w 17 7 
w 19 7 
w 20 7 
w 21 7 
w 23 7 
w 24 7 
w 25 7 
w 26 7 
w 27 7 
w 28 7 
w 29 7 
w 30 7 
w 31 7 
w 32 7 
w 34 7 
w 0 6 
w 2 6 
w 3 6 
w 4 6 
w 5 6 
w 6 6 
w 7 6 
w 8 6 
w 9 6 
w 10 6 
w 11 6 
w 17 6 
w 23 6 
w 24 6 
w 25 6 
w 26 6 
w 27 6 
w 28 6 
w 29 6 
w 30 6 
w 31 6 
w 32 6 
w 34 6 
w 0 5 
w 2 5 
w 3 5 
w 4 5 
w 5 5 
w 6 5 
w 7 5 
w 8 5 
w 9 5 
w 10 5 
w 11 5 
w 12 5 
w 13 5 
w 14 5 
w 20 5 
w 21 5 
w 22 5 
w 23 5 
w 24 5 
w 25 5 
w 26 5 
w 27 5 
w 28 5 
w 29 5 
w 30 5 
w 31 5 
w 32 5 
w 34 5 
w 3 4 
w 4 4 
w 5 4 
w 6 4 
w 7 4 
w 8 4 
w 9 4 
w 10 4 
w 11 4 
w 12 4 
w 13 4 
w 14 4 
w 16 4 
w 17 4 
w 18 4 
w 20 4 
w 21 4 
w 22 4 
w 23 4 
w 24 4 
w 25 4 
w 26 4 
w 27 4 
w 28 4 
w 29 4 
w 30 4 
w 31 4 
w 1 3 
w 3 3 
w 4 3 
w 5 3 
w 6 3 
w 7 3 
w 8 3 
w 9 3 
w 10 3 
w 11 3 
w 12 3 
w 13 3 
w 14 3 
w 16 3 
w 17 3 
w 18 3 
w 20 3 
w 21 3 
w 22 3 
w 23 3 
w 24 3 
w 25 3 
w 26 3 
w 27 3 
w 28 3 
w 29 3 
w 30 3 
w 31 3 
w 33 3 
w 1 2 
w 5 2 
w 9 2 
w 10 2 
w 11 2 
w 12 2 
w 13 2 
w 14 2 
w 16 2 
w 17 2 
w 18 2 
w 20 2 
w 21 2 
w 22 2 
w 23 2 
w 24 2 
w 25 2 
w 29 2 
w 33 2 
w 1 1 
w 2 1 
w 3 1 
w 5 1 
w 7 1 
w 13 1 
w 14 1 
w 16 1 
w 17 1 
w 18 1 
w 20 1 
w 21 1 
w 27 1 
w 29 1 
w 31 1 
w 32 1 
w 33 1 
w 9 0 
w 10 0 
w 11 0 
w 23 0 
w 24 0 
w 25 0 
p 1 19 
p 2 19 
p 3 19 
p 7 19 
p 9 19 
p 11 19 
p 14 19 
p 20 19 
p 24 19 
p 25 19 
p 28 19 
p 29 19 
p 32 19 
p 33 19 
p 4 18 
p 15 18 
p 19 18 
p 30 18 
p 5 17 
p 8 17 
p 9 17 
p 13 17 
p 21 17 
p 25 17 
p 28 17 
p 29 17 
p 34 17 
p 1 16 
p 3 16 
p 4 16 
p 13 16 
p 18 16 
p 19 16 
p 21 16 
p 31 16 
p 0 15 
p 13 15 
p 19 15 
p 21 15 
p 31 15 
p 0 14 
p 2 14 
p 3 14 
p 30 14 
p 34 14 
p 0 13 
p 5 13 
p 7 13 
p 13 13 
p 19 13 
p 21 13 
p 27 13 
p 30 13 
p 34 13 
p 2 12 
p 4 12 
p 7 12 
p 14 12 
p 16 12 
p 18 12 
p 20 12 
p 30 12 
p 13 11 
p 18 11 
p 32 11 
p 34 11 
p 0 10 
p 2 10 
p 10 10 
p 11 10 
p 12 10 
p 14 10 
p 16 10 
p 18 10 
p 20 10 
p 22 10 
p 25 10 
p 26 10 
p 34 10 
p 0 9 
p 12 9 
p 16 9 
p 18 9 
p 22 9 
p 32 9 
p 33 9 
p 16 8 
p 22 8 
p 33 8 
p 1 7 
p 22 7 
p 1 6 
p 12 6 
p 13 6 
p 14 6 
p 15 6 
p 18 6 
p 19 6 
p 20 6 
p 22 6 
p 15 5 
p 16 5 
p 17 5 
p 18 5 
p 19 5 
p 1 4 
p 2 4 
p 19 4 
p 33 4 
p 0 3 
p 2 3 
p 15 3 
p 32 3 
p 34 3 
p 0 2 
p 3 2 
p 4 2 
p 6 2 
p 7 2 
p 15 2 
p 19 2 
p 30 2 
p 4 1 
p 6 1 
p 8 1 
p 9 1 
p 15 1 
p 19 1 
p 23 1 
p 25 1 
p 28 1 
p 30 1 
p 0 0 
p 2 0 
p 6 0 
p 14 0 
p 15 0 
p 17 0 
p 18 0 
p 19 0 
p 21 0 
p 22 0 
t 1400 0 
m 0 18 
1 34 1 
2 34 1 
3 34 1 
t 1399 0 
m 0 17 
1 34 2 
2 34 2 
3 34 0 
t 1398 0 
m 0 16 
1 34 1 
2 34 3 
3 33 0 
t 1397 0 
m 0 15 
1 34 0 
2 34 2 
3 34 0 
t 1396 0 
m 0 14 
1 33 0 
2 34 3 
3 34 1 
t 1395 1 
m 0 13 
1 34 0 
2 34 4 
3 34 2 
t 1394 2 
m 0 12 
1 33 0 
2 34 3 
3 34 3 
t 1393 2 
m 0 11 
1 32 0 
2 34 4 
3 34 2 
t 1392 2 
m 0 10 
1 31 0 
2 34 3 
3 34 1 
t 1391 2 
m 0 9 
1 32 0 
2 34 2 
3 34 2 
t 1390 3 
m 1 9 
1 33 0 
2 34 1 
3 34 3 
t 1389 3 
m 1 9 
1 34 0 
2 34 2 
3 34 2 
t 1388 3 
m 1 9 
1 34 1 
2 34 1 
3 34 1 
t 1387 3 
m 1 9 
1 34 0 
2 34 2 
3 34 2 
t 1386 3 
m 1 9 
1 34 1 
2 34 3 
3 34 3 
t 1385 3 
m 1 9 
1 34 2 
2 34 2 
3 34 4 
t 1384 3 
m 1 9 
1 34 1 
2 34 3 
3 33 4 
t 1383 3 
m 1 9 
1 34 2 
2 34 2 
3 34 4 
t 1382 3 
m 1 9 
1 34 1 
2 34 3 
3 34 3 
t 1381 3 
m 1 9 
1 34 0 
2 34 4 
3 34 4 
t 1380 3 
m 1 9 
1 34 1 
2 34 3 
3 34 3 
t 1379 3 
m 1 9 
1 34 2 
2 34 2 
3 34 4 
t 1378 3 
m 1 9 
1 34 1 
2 34 3 
3 33 4 
t 1377 3 
m 1 9 
1 34 0 
2 34 2 
3 32 4 
t 1376 3 
m 1 9 
1 34 1 
2 34 3 
3 32 3 
t 1375 3 
m 1 9 
1 34 2 
2 34 2 
3 32 2 
t 1374 3 
m 1 9 
1 34 1 
2 34 3 
3 31 2 
t 1373 3 
m 1 9 
1 34 2 
2 34 4 
3 30 2 
t 1372 3 
m 1 9 
1 34 3 
2 34 3 
3 31 2 
t 1371 3 
m 1 9 
1 34 4 
2 34 4 
3 32 2 
t 1370 3 
m 1 9 
1 33 4 
2 33 4 
3 31 2 
t 1369 3 
m 1 9 
1 32 4 
2 32 4 
3 30 2 
t 1368 3 
m 1 9 
1 33 4 
2 32 3 
3 31 2 
t 1367 3 
m 1 9 
1 32 4 
2 32 2 
3 30 2 
t 1366 3 
m 1 9 
1 33 4 
2 31 2 
3 31 2 
t 1365 3 
m 1 9 
1 32 4 
2 32 2 
3 30 2 
t 1364 3 
m 1 9 
1 32 3 
2 31 2 
3 31 2 
t 1363 3 
m 1 9 
1 32 4 
2 32 2 
3 32 2 
t 1362 3 
m 1 9 
1 33 4 
2 32 3 
3 31 2 
t 1361 3 
m 1 9 
1 33 5 
2 32 4 
3 32 2 
t 1360 3 
m 1 9 
1 33 6 
2 32 3 
3 31 2 
t 1359 3 
m 1 9 
1 33 5 
2 32 2 
3 30 2 
t 1358 3 
m 1 9 
1 33 4 
2 32 3 
3 30 1 
t 1357 3 
m 1 9 
1 34 4 
2 32 4 
3 30 2 
t 1356 3 
m 1 9 
1 33 4 
2 32 3 
3 30 1 
t 1355 3 
m 1 9 
1 34 4 
2 32 2 
3 30 0 
t 1354 3 
m 1 9 
1 34 3 
2 32 3 
3 31 0 
t 1353 3 
m 1 9 
1 34 2 
2 32 2 
3 32 0 
t 1352 3 
m 1 9 
1 34 3 
2 32 3 
3 31 0 
t 1351 3 
m 1 9 
1 34 2 
2 32 2 
3 32 0 
t 1350 3 
m 1 9 
1 34 3 
2 31 2 
3 33 0 
t 1349 3 
m 1 9 
1 34 2 
2 30 2 
3 32 0 
t 1348 3 
m 1 9 
1 34 1 
2 30 1 
3 33 0 
t 1347 3 
m 1 9 
1 34 2 
2 30 2 
3 34 0 
t 1346 3 
m 1 9 
1 34 3 
2 31 2 
3 33 0 
t 1345 3 
m 1 9 
1 34 4 
2 30 2 
3 32 0 
t 1344 3 
m 1 9 
1 33 4 
2 30 1 
3 31 0 
t 1343 3 
m 1 9 
1 32 4 
2 30 2 
3 32 0 
t 1342 3 
m 1 9 
1 33 4 
2 30 1 
3 33 0 
t 1341 3 
m 1 9 
1 33 5 
2 30 0 
3 34 0 
t 1340 3 
m 1 9 
1 33 6 
2 29 0 
3 33 0 
t 1339 3 
m 1 9 
1 33 7 
2 30 0 
3 34 0 
t 1338 3 
m 1 9 
1 33 8 
2 30 1 
3 34 1 
t 1337 3 
m 1 9 
1 33 7 
2 30 0 
3 34 2 
t 1336 3 
m 1 9 
1 33 6 
2 31 0 
3 34 3 
t 1335 3 
m 1 9 
1 33 5 
2 30 0 
3 34 2 
t 1334 3 
m 1 9 
1 33 4 
2 29 0 
3 34 3 
t 1333 3 
m 1 9 
1 34 4 
2 30 0 
3 34 4 
t 1332 3 
m 1 9 
1 34 3 
2 30 1 
3 34 3 
t 1331 3 
m 1 9 
1 34 4 
2 30 2 
3 34 2 
t 1330 3 
m 1 9 
1 34 3 
2 31 2 
3 34 3 
t 1329 3 
m 1 9 
1 34 4 
2 30 2 
3 34 2 
t 1328 3 
m 1 9 
1 33 4 
2 30 1 
3 34 3 
t 1327 3 
m 1 9 
1 32 4 
2 30 0 
3 34 2 
t 1326 3 
m 1 9 
1 33 4 
2 29 0 
3 34 1 
t 1325 3 
m 1 9 
1 32 4 
2 30 0 
3 34 0 
t 1324 3 
m 1 9 
1 33 4 
2 31 0 
3 33 0 
t 1323 3 
m 1 9 
1 33 5 
2 30 0 
3 32 0 
t 1322 3 
m 1 9 
1 33 6 
2 29 0 
3 33 0 
t 1321 3 
m 1 9 
1 33 5 
2 28 0 
3 32 0 
t 1320 3 
m 1 9 
1 33 6 
2 28 1 
3 31 0 
t 1319 3 
m 1 9 
1 33 7 
2 28 0 
3 30 0 
t 1318 3 
m 1 9 
1 33 6 
2 28 1 
3 31 0 
t 1317 3 
m 1 9 
1 33 7 
2 28 2 
3 30 0 
t 1316 3 
m 1 9 
1 33 8 
2 28 1 
3 31 0 
t 1315 3 
m 1 9 
1 33 7 
2 28 0 
3 30 0 
t 1314 3 
m 1 9 
1 33 8 
2 27 0 
3 30 1 
t 1313 3 
m 1 9 
1 33 7 
2 28 0 
3 30 2 
t 1312 3 
m 1 9 
1 33 6 
2 29 0 
3 30 1 
t 1311 3 
m 1 9 
1 33 5 
2 28 0 
3 30 2 
t 1310 3 
m 1 9 
1 33 4 
2 28 1 
3 30 1 
t 1309 3 
m 1 9 
1 33 5 
2 28 2 
3 30 0 
t 1308 3 
m 1 9 
1 33 6 
2 27 2 
3 31 0 
t 1307 3 
m 1 9 
1 33 7 
2 28 2 
3 32 0 
t 1306 3 
m 1 9 
1 33 8 
2 27 2 
3 33 0 
t 1305 3 
m 1 9 
1 33 7 
2 28 2 
3 34 0 
t 1304 3 
m 1 9 
1 33 6 
2 28 1 
3 33 0 
t 1303 3 
m 1 9 
1 33 5 
2 28 0 
3 32 0 
t 1302 3 
m 1 9 
1 33 4 
2 28 1 
3 33 0 
t 1301 3 
m 1 9 
1 33 5 
2 28 2 
3 34 0 
t 1300 3 
m 1 9 
1 33 6 
2 28 1 
3 33 0 
t 1299 3 
m 1 9 
1 33 5 
2 28 0 
3 32 0 
t 1298 3 
f 4 0 
m 1 8 
1 33 4 
2 28 1 
3 33 0 
t 1297 3 
m 1 7 
1 33 5 
2 28 2 
3 34 0 
t 1296 4 
m 1 6 
1 33 4 
2 27 2 
3 33 0 
t 1295 4 
m 1 5 
1 33 5 
2 28 2 
3 34 0 
t 1294 4 
m 1 4 
1 33 6 
2 28 1 
3 34 1 
t 1293 5 
m 2 4 
1 33 5 
2 28 0 
3 34 2 
t 1292 6 
m 2 3 
1 33 6 
2 29 0 
3 34 1 
t 1291 7 
m 2 2 
1 33 5 
2 28 0 
3 34 0 
t 1290 7 
m 3 2 
1 33 4 
2 29 0 
3 33 0 
t 1289 7 
m 4 2 
1 32 4 
2 30 0 
3 34 0 
t 1288 8 
m 4 1 
1 33 4 
2 29 0 
3 33 0 
t 1287 9 
m 4 0 
1 33 5 
2 30 0 
3 32 0 
t 1286 19 
m 5 0 
1 33 6 
2 30 1 
3 33 0 
t 1285 19 
m 6 0 
1 33 5 
2 30 2 
3 34 0 
t 1284 19 
m 7 0 
1 33 4 
2 30 1 
3 34 1 
t 1283 19 
m 8 0 
1 32 4 
2 30 2 
3 34 0 
t 1282 19 
m 8 0 
1 32 3 
2 31 2 
3 34 1 
t 1281 19 
m 8 0 
1 32 4 
2 30 2 
3 34 2 
t 1280 19 
m 8 0 
1 33 4 
2 31 2 
3 34 3 
t 1279 19 
m 8 0 
1 32 4 
2 32 2 
3 34 2 
t 1278 19 
m 8 0 
1 33 4 
2 32 3 
3 34 1 
t 1277 19 
m 8 0 
1 32 4 
2 32 4 
3 34 0 
t 1276 19 
m 8 0 
1 32 3 
2 33 4 
3 33 0 
t 1275 19 
m 8 0 
1 32 4 
2 33 5 
3 34 0 
t 1274 19 
m 8 0 
1 32 3 
2 33 4 
3 34 1 
t 1273 19 
m 8 0 
1 32 4 
2 34 4 
3 34 2 
t 1272 19 
m 8 0 
1 32 3 
2 33 4 
3 34 3 
t 1271 19 
m 8 0 
1 32 2 
2 34 4 
3 34 4 
t 1270 19 
m 8 0 
1 31 2 
2 33 4 
3 34 3 
t 1269 19 
m 8 0 
1 30 2 
2 33 5 
3 34 2 
t 1268 19 
m 8 0 
1 30 1 
2 33 6 
3 34 3 
t 1267 19 
m 8 0 
1 30 0 
2 33 7 
3 34 4 
t 1266 19 
m 8 0 
1 30 1 
2 33 6 
3 33 4 
t 1265 19 
m 8 0 
1 30 2 
2 33 5 
3 34 4 
t 1264 19 
m 8 0 
1 31 2 
2 33 4 
3 34 3 
t 1263 19 
m 8 0 
1 30 2 
2 34 4 
3 34 2 
t 1262 19 
m 8 0 
1 31 2 
2 34 3 
3 34 1 
t 1261 19 
m 8 0 
1 32 2 
2 34 4 
3 34 2 
t 1260 19 
m 8 0 
1 32 3 
2 33 4 
3 34 1 
t 1259 19 
m 8 0 
1 32 2 
2 32 4 
3 34 2 
t 1258 19 
m 8 0 
1 31 2 
2 33 4 
3 34 3 
t 1257 19 
m 8 0 
1 32 2 
2 33 5 
3 34 4 
t 1256 19 
m 8 0 
1 32 3 
2 33 6 
3 34 3 
t 1255 19 
m 8 0 
1 32 4 
2 33 7 
3 34 4 
t 1254 19 
m 8 0 
1 33 4 
2 33 8 
3 33 4 
t 1253 19 
m 8 0 
1 33 5 
2 33 7 
3 33 5 
t 1252 19 
m 8 0 
1 33 4 
2 33 8 
3 33 6 
t 1251 19 
m 8 0 
1 34 4 
2 33 9 
3 33 7 
t 1250 19 
m 8 0 
1 34 3 
2 32 9 
3 33 8 
t 1249 19 
m 8 0 
1 34 4 
2 32 10 
3 33 9 
t 1248 19 
m 8 0 
1 33 4 
2 32 11 
3 32 9 
t 1247 19 
m 8 0 
1 34 4 
2 32 10 
3 32 10 
t 1246 19 
m 8 0 
1 34 3 
2 32 11 
3 32 11 
t 1245 19 
m 8 0 
1 34 4 
2 32 10 
3 32 10 
t 1244 19 
m 8 0 
1 33 4 
2 32 9 
3 32 11 
t 1243 19 
m 8 0 
1 34 4 
2 32 10 
3 32 10 
t 1242 19 
m 8 0 
1 34 3 
2 32 11 
3 32 9 
t 1241 19 
m 8 0 
1 34 2 
2 32 12 
3 33 9 
t 1240 19 
m 8 0 
1 34 1 
2 31 12 
3 32 9 
t 1239 19 
m 8 0 
1 34 2 
2 30 12 
3 32 10 
t 1238 19 
m 8 0 
1 34 1 
2 30 13 
3 32 11 
t 1237 19 
m 8 0 
1 34 0 
2 30 14 
3 32 12 
t 1236 19 
m 8 0 
1 33 0 
2 30 13 
3 32 11 
t 1235 19 
m 8 0 
1 34 0 
2 29 13 
3 32 10 
t 1234 19 
m 8 0 
1 34 1 
2 28 13 
3 32 9 
t 1233 19 
m 8 0 
1 34 2 
2 27 13 
3 32 10 
t 1232 19 
m 8 0 
1 34 1 
2 28 13 
3 32 11 
t 1231 19 
m 8 0 
1 34 2 
2 29 13 
3 32 10 
t 1230 19 
m 8 0 
1 34 1 
2 30 13 
3 32 9 
t 1229 19 
m 8 0 
1 34 2 
2 29 13 
3 33 9 
t 1228 19 
m 8 0 
1 34 1 
2 30 13 
3 34 9 
t 1227 19 
m 8 0 
1 34 2 
2 30 14 
3 34 10 
t 1226 19 
m 8 0 
1 34 1 
2 30 13 
3 34 9 
t 1225 19 
m 8 0 
1 34 2 
2 30 14 
3 33 9 
t 1224 19 
m 8 0 
1 34 3 
2 31 14 
3 33 8 
t 1223 19 
m 8 0 
1 34 2 
2 32 14 
3 33 7 
t 1222 19 
m 8 0 
1 34 1 
2 33 14 
3 33 6 
t 1221 19 
m 8 0 
1 34 0 
2 34 14 
3 33 7 
t 1220 19 
m 8 0 
1 33 0 
2 33 14 
3 33 8 
t 1219 19 
m 8 0 
1 32 0 
2 32 14 
3 33 9 
t 1218 19 
m 8 0 
1 31 0 
2 33 14 
3 33 8 
t 1217 19 
m 8 0 
1 32 0 
2 34 14 
3 33 7 
t 1216 19 
m 8 0 
1 31 0 
2 34 13 
3 33 6 
t 1215 19 
m 8 0 
1 30 0 
2 34 14 
3 33 7 
t 1214 19 
m 8 0 
1 30 1 
2 34 15 
3 33 8 
t 1213 19 
m 8 0 
1 30 2 
2 34 14 
3 33 9 
t 1212 19 
m 8 0 
1 31 2 
2 34 15 
3 34 9 
t 1211 19 
m 8 0 
1 30 2 
2 34 16 
3 33 9 
t 1210 19 
m 8 0 
1 31 2 
2 34 15 
3 33 8 
t 1209 19 
m 8 0 
1 32 2 
2 34 16 
3 33 7 
t 1208 19 
m 8 0 
1 32 3 
2 34 15 
3 33 6 
t 1207 19 
m 8 0 
1 32 2 
2 34 14 
3 33 7 
t 1206 19 
m 8 0 
1 32 3 
2 34 13 
3 33 8 
t 1205 19 
m 8 0 
1 32 2 
2 34 12 
3 33 9 
t 1204 19 
m 8 0 
1 31 2 
2 34 13 
3 33 8 
t 1203 19 
m 8 0 
1 32 2 
2 34 14 
3 33 7 
t 1202 19 
m 8 0 
1 31 2 
2 34 15 
3 33 8 
t 1201 19 
m 8 0 
1 32 2 
2 34 14 
3 33 7 
t 1200 19 
m 8 0 
1 31 2 
2 33 14 
3 33 6 
t 1199 19 
m 8 0 
1 30 2 
2 32 14 
3 33 5 
t 1198 19 
m 8 0 
1 30 1 
2 31 14 
3 33 4 
t 1197 19 
m 8 0 
1 30 0 
2 30 14 
3 33 5 
t 1196 19 
m 8 0 
1 29 0 
2 30 13 
3 33 6 
t 1195 19 
m 8 0 
1 30 0 
2 29 13 
3 33 7 
t 1194 19 
m 8 0 
1 29 0 
2 30 13 
3 33 6 
t 1193 19 
m 8 0 
1 28 0 
2 30 14 
3 33 7 
t 1192 19 
m 8 0 
1 27 0 
2 31 14 
3 33 6 
t 1191 19 
m 8 0 
1 26 0 
2 32 14 
3 33 5 
t 1190 19 
m 8 0 
1 26 1 
2 31 14 
3 33 4 
t 1189 19 
m 8 0 
1 25 1 
2 32 14 
3 32 4 
t 1188 19 
m 8 0 
1 24 1 
2 31 14 
3 33 4 
t 1187 19 
m 8 0 
1 23 1 
2 32 14 
3 32 4 
t 1186 19 
m 8 0 
1 22 1 
2 31 14 
3 32 3 
t 1185 19 
m 8 0 
1 22 0 
2 30 14 
3 32 2 
t 1184 19 
m 8 0 
1 21 0 
2 30 13 
3 31 2 
t 1183 19 
m 8 0 
1 20 0 
2 29 13 
3 32 2 
t 1182 19 
m 8 0 
1 19 0 
2 30 13 
3 31 2 
t 1181 19 
m 8 0 
1 18 0 
2 29 13 
3 32 2 
t 1180 19 
m 8 0 
1 17 0 
2 28 13 
3 31 2 
t 1179 19 
m 8 0 
1 18 0 
2 29 13 
3 30 2 
t 1178 19 
m 8 0 
1 17 0 
2 28 13 
3 31 2 
t 1177 19 
m 8 0 
1 16 0 
2 27 13 
3 32 2 
t 1176 19 
m 8 0 
1 17 0 
2 27 12 
3 32 3 
t 1175 19 
m 8 0 
1 16 0 
2 27 11 
3 32 4 
t 1174 19 
f 15 17 
m 8 0 
1 15 0 
2 27 12 
3 33 4 
t 1173 19 
m 8 0 
1 15 1 
2 27 11 
3 32 4 
t 1172 19 
m 8 0 
1 15 2 
2 27 12 
3 33 4 
t 1171 19 
m 8 0 
1 15 3 
2 27 13 
3 33 5 
t 1170 19 
m 8 0 
1 15 4 
2 27 12 
3 33 4 
t 1169 19 
m 8 0 
1 15 3 
2 27 11 
3 34 4 
t 1168 19 
m 8 0 
1 15 4 
2 27 10 
3 34 3 
t 1167 19 
m 8 0 
1 15 5 
2 26 10 
3 34 2 
t 1166 19 
m 8 0 
1 15 4 
2 25 10 
3 34 3 
t 1165 19 
m 8 0 
1 15 3 
2 26 10 
3 34 2 
t 1164 19 
m 8 0 
1 15 4 
2 25 10 
3 34 3 
t 1163 19 
m 8 0 
1 15 3 
2 24 10 
3 34 2 
t 1162 19 
m 8 0 
1 15 2 
2 23 10 
3 34 3 
t 1161 19 
m 8 0 
1 15 1 
2 24 10 
3 34 4 
t 1160 19 
m 8 0 
1 15 2 
2 25 10 
3 34 3 
t 1159 19 
m 8 0 
1 15 1 
2 26 10 
3 34 2 
t 1158 19 
m 8 0 
1 15 2 
2 25 10 
3 34 3 
t 1157 19 
m 8 0 
1 15 3 
2 24 10 
3 34 2 
t 1156 19 
m 8 0 
1 15 4 
2 25 10 
3 34 3 
t 1155 19 
m 8 0 
1 15 5 
2 24 10 
3 34 2 
t 1154 19 
m 8 0 
1 16 5 
2 23 10 
3 34 1 
t 1153 19 
m 8 0 
1 15 5 
2 22 10 
3 34 2 
t 1152 19 
m 8 0 
1 15 4 
2 23 10 
3 34 1 
t 1151 19 
m 8 0 
1 15 3 
2 22 10 
3 34 0 
t 1150 19 
m 8 0 
1 15 4 
2 23 10 
3 34 1 
t 1149 19 
m 8 0 
1 15 3 
2 22 10 
3 34 2 
t 1148 19 
m 8 0 
1 15 2 
2 23 10 
3 34 3 
t 1147 19 
m 8 0 
1 15 3 
2 22 10 
3 34 4 
t 1146 19 
m 8 0 
1 15 2 
2 21 10 
3 33 4 
t 1145 19 
m 8 0 
1 15 3 
2 20 10 
3 34 4 
t 1144 19 
m 8 0 
1 15 4 
2 21 10 
3 33 4 
t 1143 19 
m 8 0 
1 15 5 
2 21 11 
3 32 4 
t 1142 19 
m 8 0 
1 15 4 
2 21 12 
3 33 4 
t 1141 19 
m 8 0 
1 15 3 
2 20 12 
3 33 5 
t 1140 19 
m 8 0 
1 15 4 
2 19 12 
3 33 6 
t 1139 19 
m 8 1 
1 15 5 
2 20 12 
3 33 7 
t 1138 20 
m 8 0 
1 16 5 
2 21 12 
3 33 8 
t 1137 20 
m 8 0 
1 15 5 
2 21 13 
3 33 7 
t 1136 20 
m 8 0 
1 15 6 
2 21 12 
3 33 8 
t 1135 20 
m 8 0 
1 14 6 
2 21 13 
3 33 7 
t 1134 20 
m 8 0 
1 15 6 
2 21 12 
3 33 6 
t 1133 20 
m 8 0 
1 16 6 
2 21 13 
3 33 5 
t 1132 20 
m 8 0 
1 16 7 
2 21 12 
3 33 6 
t 1131 20 
m 8 0 
1 16 6 
2 20 12 
3 33 5 
t 1130 20 
m 8 0 
1 15 6 
2 19 12 
3 33 6 
t 1129 20 
m 8 1 
1 16 6 
2 20 12 
3 33 7 
t 1128 20 
m 8 0 
1 16 7 
2 21 12 
3 33 6 
t 1127 20 
m 8 0 
1 16 6 
2 21 11 
3 33 5 
t 1126 20 
m 8 0 
1 15 6 
2 21 10 
3 33 4 
t 1125 20 
m 8 0 
1 15 5 
2 20 10 
3 34 4 
t 1124 20 
m 8 0 
1 15 4 
2 21 10 
3 34 3 
t 1123 20 
m 8 0 
1 15 5 
2 21 11 
3 34 2 
t 1122 20 
m 8 0 
1 15 6 
2 21 12 
3 34 1 
t 1121 20 
m 8 0 
1 16 6 
2 20 12 
3 34 0 
t 1120 20 
m 8 0 
1 15 6 
2 19 12 
3 34 1 
t 1119 20 
m 8 1 
1 16 6 
2 19 13 
3 34 2 
t 1118 20 
m 8 2 
1 16 7 
2 19 14 
3 34 1 
t 1117 20 
m 7 2 
1 16 8 
2 19 13 
3 34 2 
t 1116 21 
m 8 2 
1 16 9 
2 19 14 
3 34 3 
t 1115 21 
m 7 2 
1 16 10 
2 19 13 
3 34 2 
t 1114 21 
m 8 2 
1 16 9 
2 19 14 
3 34 3 
t 1113 21 
m 7 2 
1 16 10 
2 19 13 
3 34 4 
t 1112 21 
m 8 2 
1 16 9 
2 19 12 
3 34 3 
t 1111 21 
m 8 1 
1 16 10 
2 18 12 
3 34 2 
t 1110 21 
m 8 2 
1 16 9 
2 17 12 
3 34 1 
t 1109 21 
m 7 2 
1 16 8 
2 18 12 
3 34 0 
t 1108 21 
m 8 2 
1 16 9 
2 17 12 
3 34 1 
t 1107 21 
m 7 2 
1 16 8 
2 16 12 
3 34 0 
t 1106 21 
m 6 2 
1 16 7 
2 15 12 
3 33 0 
t 1105 21 
m 6 2 
1 16 6 
2 16 12 
3 34 0 
t 1104 21 
m 6 2 
1 16 5 
2 15 12 
3 34 1 
t 1103 21 
m 6 2 
1 16 6 
2 14 12 
3 34 0 
t 1102 21 
m 6 2 
1 15 6 
2 15 12 
3 34 1 
t 1101 21 
m 6 2 
1 16 6 
2 14 12 
3 34 2 
t 1100 21 
m 6 2 
1 15 6 
2 15 12 
3 34 1 
t 1099 21 
m 6 2 
1 15 5 
2 15 13 
3 34 2 
t 1098 21 
m 6 2 
1 16 5 
2 15 14 
3 34 1 
t 1097 21 
m 6 2 
1 17 5 
2 15 15 
3 34 0 
t 1096 21 
m 6 2 
1 16 5 
2 15 16 
3 33 0 
t 1095 21 
m 6 2 
1 16 6 
2 15 15 
3 34 0 
t 1094 21 
m 6 2 
1 16 5 
2 15 16 
3 34 1 
t 1093 21 
m 6 2 
1 17 5 
2 16 16 
3 34 2 
t 1092 21 
m 6 2 
1 16 5 
2 17 16 
3 34 3 
t 1091 21 
m 6 2 
1 15 5 
2 18 16 
3 34 4 
t 1090 21 
m 6 2 
1 15 4 
2 17 16 
3 34 3 
t 1089 21 
m 6 2 
1 15 5 
2 18 16 
3 34 4 
t 1088 21 
m 6 2 
1 15 4 
2 17 16 
3 33 4 
t 1087 21 
m 6 2 
1 15 5 
2 18 16 
3 32 4 
t 1086 21 
m 6 2 
1 15 6 
2 19 16 
3 33 4 
t 1085 21 
m 6 2 
1 14 6 
2 19 17 
3 33 5 
t 1084 21 
m 6 2 
1 13 6 
2 19 16 
3 33 6 
t 1083 21 
m 6 2 
1 14 6 
2 18 16 
3 33 5 
t 1082 21 
m 6 2 
1 15 6 
2 19 16 
3 33 6 
t 1081 21 
m 6 2 
1 14 6 
2 19 17 
3 33 5 
t 1080 21 
m 6 2 
1 15 6 
2 19 16 
3 33 4 
t 1079 21 
m 6 2 
1 16 6 
2 19 15 
3 33 5 
t 1078 21 
m 6 2 
1 16 7 
2 19 14 
3 33 6 
t 1077 21 
m 6 1 
1 16 8 
2 19 13 
3 33 5 
t 1076 22 
m 6 0 
1 16 7 
2 19 12 
3 33 6 
t 1075 22 
m 6 0 
1 16 6 
2 19 13 
3 33 7 
t 1074 22 
m 6 0 
1 15 6 
2 19 12 
3 33 8 
t 1073 22 
m 6 0 
1 15 5 
2 19 13 
3 33 7 
t 1072 22 
m 6 0 
1 15 6 
2 19 12 
3 33 8 
t 1071 22 
m 6 0 
1 16 6 
2 18 12 
3 33 7 
t 1070 22 
m 6 0 
1 16 5 
2 17 12 
3 33 8 
t 1069 22 
m 5 0 
1 15 5 
2 16 12 
3 33 9 
t 1068 22 
m 4 0 
1 16 5 
2 17 12 
3 34 9 
t 1067 22 
m 4 0 
1 16 6 
2 16 12 
3 33 9 
t 1066 22 
m 4 0 
1 15 6 
2 17 12 
3 33 8 
t 1065 22 
m 4 0 
1 16 6 
2 18 12 
3 33 9 
t 1064 22 
m 4 0 
1 15 6 
2 19 12 
3 33 8 
t 1063 22 
m 4 0 
1 15 5 
2 20 12 
3 33 9 
t 1062 22 
m 4 0 
1 15 4 
2 19 12 
3 34 9 
t 1061 22 
m 4 0 
1 15 3 
2 18 12 
3 34 10 
t 1060 22 
m 4 0 
1 15 4 
2 19 12 
3 34 9 
t 1059 22 
m 4 0 
1 15 3 
2 20 12 
3 34 10 
t 1058 22 
m 4 0 
1 15 2 
2 19 12 
3 34 11 
t 1057 22 
m 4 0 
1 15 1 
2 18 12 
3 34 10 
t 1056 22 
m 4 0 
1 15 0 
2 18 11 
3 34 9 
t 1055 22 
m 4 0 
1 16 0 
2 18 10 
3 33 9 
t 1054 22 
m 4 0 
1 17 0 
2 19 10 
3 33 8 
t 1053 22 
m 4 0 
1 18 0 
2 18 10 
3 33 9 
t 1052 22 
m 4 0 
1 19 0 
2 18 9 
3 34 9 
t 1051 22 
m 4 0 
1 19 1 
2 18 10 
3 34 10 
t 1050 22 
m 4 0 
1 19 0 
2 18 11 
3 34 9 
t 1049 22 
m 4 0 
1 20 0 
2 18 12 
3 34 10 
t 1048 22 
m 4 0 
1 21 0 
2 17 12 
3 34 9 
t 1047 22 
m 4 0 
1 20 0 
2 16 12 
3 34 10 
t 1046 22 
m 4 0 
1 19 0 
2 15 12 
3 34 9 
t 1045 22 
m 3 0 
1 19 1 
2 16 12 
3 34 10 
t 1044 22 
m 4 0 
1 19 0 
2 15 12 
3 34 9 
t 1043 22 
m 3 0 
1 18 0 
2 14 12 
3 34 10 
t 1042 22 
m 2 0 
1 19 0 
2 13 12 
3 34 11 
t 1041 23 
m 1 0 
1 20 0 
2 14 12 
3 34 12 
t 1040 23 
m 0 0 
1 21 0 
2 15 12 
3 34 11 
t 1039 24 
m 0 0 
1 22 0 
2 14 12 
3 34 12 
t 1038 24 
m 0 0 
1 22 1 
2 13 12 
3 34 13 
t 1037 24 
m 0 0 
1 23 1 
2 14 12 
3 34 14 
t 1036 24 
m 0 0 
1 22 1 
2 15 12 
3 34 13 
t 1035 24 
m 0 0 
1 23 1 
2 14 12 
3 34 12 
t 1034 24 
m 0 0 
1 24 1 
2 15 12 
3 34 11 
t 1033 24 
m 0 0 
1 25 1 
2 16 12 
3 34 10 
t 1032 24 
m 0 0 
1 26 1 
2 17 12 
3 34 9 
t 1031 24 
m 0 0 
1 25 1 
2 16 12 
3 33 9 
t 1030 24 
m 0 0 
1 26 1 
2 17 12 
3 33 8 
t 1029 24 
m 0 0 
1 25 1 
2 18 12 
3 33 9 
t 1028 24 
m 0 0 
1 26 1 
2 17 12 
3 32 9 
t 1027 24 
m 0 0 
1 25 1 
2 18 12 
3 32 10 
t 1026 24 
m 0 0 
1 26 1 
2 17 12 
3 32 9 
t 1025 24 
m 0 0 
1 25 1 
2 16 12 
3 33 9 
t 1024 24 
m 0 0 
1 26 1 
2 17 12 
3 32 9 
t 1023 24 
m 0 0 
1 26 0 
2 16 12 
3 32 10 
t 1022 24 
m 0 0 
1 26 1 
2 17 12 
3 32 11 
t 1021 24 
m 0 0 
1 26 2 
2 18 12 
3 32 10 
t 1020 24 
m 0 0 
1 27 2 
2 19 12 
3 32 9 
t 1019 24 
m 0 0 
1 28 2 
2 18 12 
3 33 9 
t 1018 24 
m 0 0 
1 27 2 
2 17 12 
3 32 9 
t 1017 24 
m 0 0 
1 26 2 
2 16 12 
3 33 9 
t 1016 24 
m 0 0 
1 26 1 
2 17 12 
3 32 9 
t 1015 24 
m 0 0 
1 26 2 
2 18 12 
3 33 9 
t 1014 24 
m 0 0 
1 26 1 
2 19 12 
3 34 9 
t 1013 24 
m 0 0 
1 25 1 
2 19 13 
3 33 9 
t 1012 24 
m 0 0 
1 26 1 
2 19 14 
3 33 8 
t 1011 24 
m 0 0 
1 26 0 
2 19 15 
3 33 7 
t 1010 24 
m 0 0 
1 27 0 
2 19 16 
3 33 8 
t 1009 24 
m 0 0 
1 26 0 
2 19 17 
3 33 9 
t 1008 24 
m 0 0 
1 27 0 
2 19 16 
3 32 9 
t 1007 24 
m 0 0 
1 26 0 
2 19 15 
3 33 9 
t 1006 24 
m 0 0 
1 27 0 
2 19 14 
3 34 9 
t 1005 24 
m 0 0 
1 28 0 
2 19 15 
3 33 9 
t 1004 24 
m 0 0 
1 29 0 
2 19 14 
3 32 9 
t 1003 24 
m 0 0 
1 28 0 
2 19 13 
3 33 9 
t 1002 24 
m 0 0 
1 29 0 
2 19 12 
3 33 8 
t 1001 24 
m 0 0 
1 28 0 
2 20 12 
3 33 7 
t 1000 24 
m 0 0 
1 29 0 
2 21 12 
3 33 6 
t 999 24 
m 0 0 
1 30 0 
2 20 12 
3 33 7 
t 998 24 
m 0 0 
1 30 1 
2 21 12 
3 33 8 
t 997 24 
m 0 0 
1 30 0 
2 20 12 
3 33 9 
t 996 24 
m 0 0 
1 31 0 
2 21 12 
3 34 9 
t 995 24 
m 0 0 
1 32 0 
2 20 12 
3 34 10 
t 994 24 
m 0 0 
1 33 0 
2 21 12 
3 34 11 
t 993 24 
m 0 0 
1 32 0 
2 21 11 
3 34 10 
t 992 24 
m 0 0 
1 31 0 
2 21 10 
3 34 11 
t 991 24 
m 0 0 
1 32 0 
2 22 10 
3 34 10 
t 990 24 
m 0 0 
1 31 0 
2 23 10 
3 34 11 
t 989 24 
m 0 0 
1 30 0 
2 22 10 
3 34 10 
t 988 24 
m 0 0 
1 31 0 
2 23 10 
3 34 9 
t 987 24 
m 0 0 
1 32 0 
2 22 10 
3 34 10 
t 986 24 
m 0 0 
1 31 0 
2 21 10 
3 34 11 
t 985 24 
m 0 0 
1 32 0 
2 21 11 
3 34 12 
t 984 24 
m 0 0 
1 31 0 
2 21 12 
3 34 11 
t 983 24 
m 0 0 
1 30 0 
2 21 13 
3 34 12 
t 982 24 
m 0 0 
1 30 1 
2 21 14 
3 34 11 
t 981 24 
m 0 0 
1 30 2 
2 21 13 
3 34 10 
t 980 24 
m 0 0 
1 30 1 
2 21 12 
3 34 11 
t 979 24 
m 0 0 
1 30 2 
2 21 13 
3 34 12 
t 978 24 
m 0 0 
1 31 2 
2 21 12 
3 34 13 
t 977 24 
m 0 0 
1 30 2 
2 20 12 
3 34 12 
t 976 24 
m 0 0 
1 31 2 
2 21 12 
3 34 11 
t 975 24 
m 0 0 
1 30 2 
2 21 11 
3 34 10 
t 974 24 
m 0 0 
1 31 2 
2 21 12 
3 34 11 
t 973 24 
m 0 0 
1 32 2 
2 20 12 
3 34 10 
t 972 24 
m 0 0 
1 32 3 
2 19 12 
3 34 11 
t 971 24 
m 0 0 
1 32 4 
2 18 12 
3 34 12 
t 970 24 
m 0 0 
1 32 3 
2 19 12 
3 34 13 
t 969 24 
m 0 0 
1 32 2 
2 18 12 
3 34 14 
t 968 24 
m 0 0 
1 32 3 
2 17 12 
3 34 15 
t 967 24 
m 0 0 
1 32 2 
2 16 12 
3 34 16 
t 966 24 
m 0 0 
1 31 2 
2 17 12 
3 33 16 
t 965 24 
m 0 0 
1 32 2 
2 16 12 
3 32 16 
t 964 24 
m 0 0 
1 31 2 
2 15 12 
3 33 16 
t 963 24 
m 0 0 
1 30 2 
2 15 13 
3 34 16 
t 962 24 
m 0 0 
1 31 2 
2 15 14 
3 34 17 
t 961 24 
m 0 0 
1 32 2 
2 15 13 
3 34 16 
t 960 24 
m 0 0 
1 32 3 
2 15 14 
3 34 15 
t 959 24 
m 0 0 
1 32 2 
2 15 15 
3 34 16 
t 958 24 
m 0 0 
1 31 2 
2 15 14 
3 34 17 
t 957 24 
m 0 0 
1 32 2 
2 15 13 
3 34 16 
t 956 24 
m 0 0 
1 31 2 
2 15 12 
3 34 17 
t 955 24 
m 0 0 
1 30 2 
2 16 12 
3 34 18 
t 954 24 
m 0 0 
1 31 2 
2 15 12 
3 34 19 
t 953 24 
m 0 0 
1 32 2 
2 14 12 
3 34 18 
t 952 24 
m 0 0 
1 31 2 
2 15 12 
3 34 19 
t 951 24 
m 0 0 
1 32 2 
2 15 13 
3 33 19 
t 950 24 
m 0 0 
1 32 3 
2 15 14 
3 34 19 
t 949 24 
m 0 0 
1 32 4 
2 15 15 
3 34 18 
t 948 24 
m 0 0 
1 32 3 
2 15 16 
3 34 17 
t 947 24 
m 0 1 
1 32 4 
2 15 15 
3 34 16 
t 946 24 
m 0 0 
1 32 3 
2 15 14 
3 33 16 
t 945 24 
m 0 0 
1 32 4 
2 15 15 
3 32 16 
t 944 24 
m 0 0 
1 33 4 
2 15 14 
3 31 16 
t 943 24 
m 0 0 
1 32 4 
2 15 15 
3 31 15 
t 942 24 
m 0 0 
1 32 3 
2 15 16 
3 31 14 
t 941 24 
m 0 1 
1 32 4 
2 16 16 
3 30 14 
t 940 24 
m 0 0 
1 32 3 
2 15 16 
3 31 14 
t 939 24 
m 0 1 
1 32 4 
2 15 17 
3 31 15 
t 938 24 
m 0 2 
1 33 4 
2 15 16 
3 31 14 
t 937 24 
m 0 2 
1 33 5 
2 15 17 
3 30 14 
t 936 24 
m 0 2 
1 33 6 
2 15 16 
3 30 13 
t 935 24 
m 0 2 
1 33 5 
2 16 16 
3 30 12 
t 934 24 
m 0 2 
1 33 4 
2 17 16 
3 30 13 
t 933 24 
m 0 2 
1 34 4 
2 18 16 
3 29 13 
t 932 24 
m 0 2 
1 34 3 
2 17 16 
3 30 13 
t 931 24 
m 0 2 
1 34 4 
2 18 16 
3 30 14 
t 930 24 
m 0 2 
1 34 3 
2 19 16 
3 31 14 
t 929 24 
m 0 2 
1 34 4 
2 19 17 
3 30 14 
t 928 24 
m 0 2 
1 34 3 
2 19 18 
3 30 13 
t 927 24 
m 0 2 
1 34 4 
2 19 19 
3 29 13 
t 926 24 
m 0 2 
1 34 3 
2 19 18 
3 30 13 
t 925 24 
m 0 2 
1 34 4 
2 19 17 
3 30 12 
t 924 24 
m 0 2 
1 34 3 
2 19 18 
3 31 12 
t 923 24 
m 0 2 
1 34 4 
2 19 19 
3 30 12 
t 922 24 
m 0 2 
1 33 4 
2 19 18 
3 30 13 
t 921 24 
m 0 2 
1 33 5 
2 19 19 
3 30 14 
t 920 24 
m 0 2 
1 33 6 
2 19 18 
3 30 13 
t 919 24 
m 0 2 
1 33 7 
2 19 19 
3 30 14 
t 918 24 
m 0 2 
1 33 8 
2 19 18 
3 31 14 
t 917 24 
m 0 2 
1 33 7 
2 19 17 
3 31 15 
t 916 24 
m 0 2 
1 33 8 
2 19 18 
3 31 14 
t 915 24 
m 0 2 
1 33 9 
2 19 17 
3 31 15 
t 914 24 
m 0 2 
1 34 9 
2 19 18 
3 31 14 
t 913 24 
m 0 2 
1 33 9 
2 19 19 
3 30 14 
t 912 24 
m 0 2 
1 34 9 
2 20 19 
3 31 14 
t 911 24 
m 0 2 
1 33 9 
2 19 19 
3 31 15 
t 910 24 
m 0 2 
1 32 9 
2 19 18 
3 31 14 
t 909 24 
m 0 2 
1 33 9 
2 19 17 
3 31 15 
t 908 24 
m 0 2 
1 34 9 
2 19 16 
3 31 14 
t 907 24 
m 0 2 
1 34 10 
2 19 15 
3 30 14 
t 906 24 
m 0 2 
1 34 9 
2 19 16 
3 31 14 
t 905 24 
m 0 2 
1 33 9 
2 19 17 
3 32 14 
t 904 24 
m 0 2 
1 32 9 
2 19 16 
3 31 14 
t 903 24 
m 0 2 
1 32 10 
2 19 15 
3 32 14 
t 902 24 
m 0 2 
1 32 9 
2 19 14 
3 31 14 
t 901 24 
m 0 2 
1 32 10 
2 19 15 
3 31 15 
t 900 24 
m 0 2 
1 32 9 
2 19 14 
3 31 14 
t 899 24 
m 0 2 
1 32 10 
2 19 15 
3 31 15 
t 898 24 
m 0 2 
1 32 9 
2 19 16 
3 31 14 
t 897 24 
m 0 2 
1 32 10 
2 18 16 
3 30 14 
t 896 24 
m 0 2 
1 32 9 
2 19 16 
3 30 13 
t 895 24 
m 0 2 
1 32 10 
2 19 15 
3 30 12 
t 894 24 
m 0 2 
1 32 11 
2 19 16 
3 31 12 
t 893 24 
m 0 2 
1 32 12 
2 19 17 
3 30 12 
t 892 24 
m 0 2 
1 31 12 
2 19 16 
3 31 12 
t 891 24 
m 0 2 
1 30 12 
2 19 15 
3 30 12 
t 890 24 
m 0 2 
1 31 12 
2 19 14 
3 30 13 
t 889 24 
m 0 2 
1 30 12 
2 19 15 
3 29 13 
t 888 24 
m 0 2 
1 31 12 
2 19 16 
3 30 13 
t 887 24 
m 0 2 
1 30 12 
2 18 16 
3 29 13 
t 886 24 
m 0 2 
1 31 12 
2 17 16 
3 30 13 
t 885 24 
m 0 2 
1 30 12 
2 16 16 
3 30 14 
t 884 24 
m 0 2 
1 31 12 
2 17 16 
3 30 13 
t 883 24 
m 0 2 
1 30 12 
2 16 16 
3 30 12 
t 882 24 
m 0 2 
1 31 12 
2 15 16 
3 30 13 
t 881 24 
m 0 2 
1 30 12 
2 16 16 
3 30 12 
t 880 24 
m 0 2 
1 31 12 
2 15 16 
3 30 13 
t 879 24 
m 0 2 
1 32 12 
2 15 15 
3 30 12 
t 878 24 
m 0 2 
1 32 11 
2 15 16 
3 31 12 
t 877 24 
m 0 2 
1 32 12 
2 15 17 
3 32 12 
t 876 24 
m 0 2 
1 32 11 
2 15 18 
3 32 11 
t 875 24 
m 0 3 
1 32 10 
2 15 19 
3 32 12 
t 874 25 
m 0 4 
1 32 11 
2 14 19 
3 32 11 
t 873 25 
m 0 4 
1 32 10 
2 15 19 
3 32 12 
t 872 25 
m 0 4 
1 32 9 
2 14 19 
3 31 12 
t 871 25 
m 0 4 
1 32 10 
2 13 19 
3 32 12 
t 870 25 
m 0 4 
1 32 9 
2 12 19 
3 31 12 
t 869 25 
m 0 4 
1 32 10 
2 11 19 
3 32 12 
t 868 25 
m 0 4 
1 32 9 
2 10 19 
3 31 12 
t 867 25 
m 0 4 
1 32 10 
2 11 19 
3 30 12 
t 866 25 
m 0 4 
1 32 11 
2 12 19 
3 31 12 
t 865 25 
m 0 4 
1 32 10 
2 11 19 
3 30 12 
t 864 25 
m 0 4 
1 32 9 
2 10 19 
3 31 12 
t 863 25 
m 0 4 
1 33 9 
2 11 19 
3 30 12 
t 862 25 
m 0 4 
1 32 9 
2 10 19 
3 30 13 
t 861 25 
m 0 4 
1 33 9 
2 9 19 
3 30 12 
t 860 25 
m 0 4 
1 34 9 
2 8 19 
3 31 12 
t 859 25 
m 0 4 
1 33 9 
2 7 19 
3 32 12 
t 858 25 
m 0 4 
1 34 9 
2 8 19 
3 32 11 
t 857 25 
m 0 4 
1 33 9 
2 7 19 
3 32 12 
t 856 25 
m 0 4 
1 34 9 
2 8 19 
3 32 11 
t 855 25 
m 0 4 
1 33 9 
2 7 19 
3 32 12 
t 854 25 
m 0 4 
1 32 9 
2 8 19 
3 32 11 
t 853 25 
m 0 4 
1 33 9 
2 9 19 
3 32 10 
t 852 25 
m 0 4 
1 34 9 
2 9 18 
3 32 11 
t 851 25 
m 0 4 
1 34 10 
2 9 19 
3 32 10 
t 850 25 
m 0 4 
1 34 11 
2 10 19 
3 32 11 
t 849 25 
m 0 4 
1 34 10 
2 9 19 
3 32 10 
t 848 25 
m 0 4 
1 34 11 
2 9 18 
3 32 9 
t 847 25 
m 0 4 
1 34 10 
2 9 19 
3 32 10 
t 846 25 
m 0 4 
1 34 9 
2 9 18 
3 32 9 
t 845 25 
m 0 4 
1 34 10 
2 9 19 
3 32 10 
t 844 25 
m 0 4 
1 34 11 
2 9 18 
3 32 11 
t 843 25 
m 0 4 
1 34 10 
2 9 19 
3 32 12 
t 842 25 
m 0 4 
1 34 9 
2 10 19 
3 31 12 
t 841 25 
m 0 4 
1 33 9 
2 11 19 
3 30 12 
t 840 25 
m 0 4 
1 32 9 
2 10 19 
3 31 12 
t 839 25 
m 0 4 
1 33 9 
2 9 19 
3 30 12 
t 838 25 
m 0 4 
1 34 9 
2 10 19 
3 30 13 
t 837 25 
m 0 4 
1 34 10 
2 11 19 
3 29 13 
t 836 25 
m 0 4 
1 34 11 
2 12 19 
3 30 13 
t 835 25 
m 0 4 
1 34 12 
2 13 19 
3 30 12 
t 834 25 
m 0 4 
1 34 11 
2 12 19 
3 30 13 
t 833 25 
m 0 4 
1 34 12 
2 13 19 
3 30 12 
t 832 25 
m 0 4 
1 34 13 
2 13 18 
3 30 13 
t 831 25 
m 0 4 
1 34 12 
2 13 17 
3 29 13 
t 830 25 
m 0 4 
1 34 11 
2 13 16 
3 28 13 
t 829 25 
m 0 3 
1 34 10 
2 13 17 
3 27 13 
t 828 25 
m 0 4 
1 34 11 
2 13 18 
3 27 12 
t 827 25 
m 0 4 
1 34 10 
2 13 17 
3 27 11 
t 826 25 
m 0 4 
1 34 9 
2 13 18 
3 27 10 
t 825 25 
m 0 4 
1 33 9 
2 13 19 
3 26 10 
t 824 25 
m 0 4 
1 32 9 
2 12 19 
3 25 10 
t 823 25 
m 0 4 
1 32 10 
2 11 19 
3 26 10 
t 822 25 
m 0 4 
1 32 11 
2 10 19 
3 27 10 
t 821 25 
m 0 4 
1 32 12 
2 11 19 
3 26 10 
t 820 25 
m 0 4 
1 32 11 
2 12 19 
3 25 10 
t 819 25 
m 0 4 
1 32 12 
2 11 19 
3 24 10 
t 818 25 
m 0 4 
1 31 12 
2 10 19 
3 25 10 
t 817 25 
m 0 4 
1 30 12 
2 9 19 
3 24 10 
t 816 25 
m 0 4 
1 30 13 
2 10 19 
3 25 10 
t 815 25 
m 0 4 
1 29 13 
2 9 19 
3 26 10 
t 814 25 
m 0 4 
1 30 13 
2 10 19 
3 25 10 
t 813 25 
m 0 4 
1 30 12 
2 11 19 
3 24 10 
t 812 25 
m 0 4 
1 30 13 
2 10 19 
3 23 10 
t 811 25 
m 0 4 
1 29 13 
2 11 19 
3 22 10 
t 810 25 
m 0 4 
1 30 13 
2 10 19 
3 23 10 
t 809 25 
m 0 4 
1 30 14 
2 11 19 
3 22 10 
t 808 25 
m 0 4 
1 30 13 
2 12 19 
3 21 10 
t 807 25 
m 0 4 
1 30 14 
2 13 19 
3 22 10 
t 806 25 
m 0 4 
1 30 13 
2 12 19 
3 21 10 
t 805 25 
m 0 4 
1 30 14 
2 13 19 
3 21 11 
t 804 25 
m 0 4 
1 30 13 
2 12 19 
3 21 10 
t 803 25 
m 0 4 
1 30 12 
2 11 19 
3 22 10 
t 802 25 
m 0 4 
1 31 12 
2 10 19 
3 21 10 
t 801 25 
m 0 4 
1 30 12 
2 11 19 
3 20 10 
t 800 25 
m 0 4 
1 31 12 
2 10 19 
3 21 10 
t 799 25 
m 0 4 
1 32 12 
2 11 19 
3 22 10 
t 798 25 
m 0 4 
1 31 12 
2 10 19 
3 23 10 
t 797 25 
m 0 4 
1 30 12 
2 9 19 
3 24 10 
t 796 25 
m 0 4 
1 30 13 
2 9 18 
3 25 10 
t 795 25 
m 0 4 
1 30 14 
2 9 19 
3 26 10 
t 794 25 
m 0 4 
1 30 13 
2 9 18 
3 25 10 
t 793 25 
m 0 4 
1 29 13 
2 9 19 
3 26 10 
t 792 25 
m 0 4 
1 30 13 
2 9 18 
3 25 10 
t 791 25 
m 0 4 
1 30 12 
2 9 19 
3 24 10 
t 790 25 
m 0 4 
1 30 13 
2 8 19 
3 25 10 
t 789 25 
m 0 4 
1 30 14 
2 9 19 
3 24 10 
t 788 25 
m 0 4 
1 30 13 
2 10 19 
3 23 10 
t 787 25 
m 0 4 
1 29 13 
2 9 19 
3 24 10 
t 786 25 
m 0 4 
1 28 13 
2 8 19 
3 23 10 
t 785 25 
m 0 4 
1 29 13 
2 7 19 
3 24 10 
t 784 25 
m 0 4 
1 28 13 
2 6 19 
3 25 10 
t 783 25 
m 0 4 
1 29 13 
2 7 19 
3 26 10 
t 782 25 
m 0 4 
1 28 13 
2 6 19 
3 27 10 
t 781 25 
m 0 4 
1 27 13 
2 7 19 
3 26 10 
t 780 25 
m 0 4 
1 27 12 
2 8 19 
3 27 10 
t 779 25 
m 0 4 
1 27 13 
2 7 19 
3 26 10 
t 778 25 
m 0 4 
1 27 12 
2 8 19 
3 27 10 
t 777 25 
m 0 4 
1 27 11 
2 7 19 
3 27 11 
t 776 25 
m 0 4 
1 27 12 
2 6 19 
3 27 10 
t 775 25 
m 0 4 
1 27 11 
2 7 19 
3 26 10 
t 774 25 
m 0 4 
1 27 10 
2 7 18 
3 27 10 
t 773 25 
m 0 4 
1 26 10 
2 7 17 
3 26 10 
t 772 25 
m 0 4 
1 25 10 
2 7 18 
3 27 10 
t 771 25 
m 0 4 
1 26 10 
2 7 19 
3 27 11 
t 770 25 
m 0 4 
1 25 10 
2 6 19 
3 27 12 
t 769 25 
m 0 4 
1 24 10 
2 7 19 
3 27 13 
t 768 25 
m 0 4 
1 23 10 
2 8 19 
3 28 13 
t 767 25 
m 0 4 
1 22 10 
2 9 19 
3 29 13 
t 766 25 
m 0 4 
1 23 10 
2 9 18 
3 30 13 
t 765 25 
m 0 4 
1 24 10 
2 9 19 
3 30 12 
t 764 25 
m 0 4 
1 25 10 
2 10 19 
3 31 12 
t 763 25 
m 0 4 
1 26 10 
2 11 19 
3 32 12 
t 762 25 
m 0 4 
1 27 10 
2 10 19 
3 32 11 
t 761 25 
m 0 4 
1 27 11 
2 9 19 
3 32 12 
t 760 25 
m 0 4 
1 27 10 
2 10 19 
3 31 12 
t 759 25 
m 0 4 
1 27 11 
2 11 19 
3 32 12 
t 758 25 
m 0 4 
1 27 12 
2 12 19 
3 32 11 
t 757 25 
m 0 4 
1 27 13 
2 13 19 
3 32 10 
t 756 25 
m 0 4 
1 27 12 
2 12 19 
3 32 11 
t 755 25 
m 0 4 
1 27 11 
2 11 19 
3 32 12 
t 754 25 
m 0 4 
1 27 12 
2 10 19 
3 31 12 
t 753 25 
m 0 4 
1 27 13 
2 9 19 
3 30 12 
t 752 25 
m 0 4 
1 27 12 
2 10 19 
3 30 13 
t 751 25 
m 0 4 
1 27 13 
2 9 19 
3 30 12 
t 750 25 
m 0 4 
1 28 13 
2 10 19 
3 31 12 
t 749 25 
m 0 4 
1 29 13 
2 9 19 
3 32 12 
t 748 25 
m 0 4 
1 30 13 
2 9 18 
3 31 12 
t 747 25 
m 0 4 
1 29 13 
2 9 17 
3 30 12 
t 746 25 
m 0 4 
1 30 13 
2 9 18 
3 30 13 
t 745 25 
m 0 4 
1 30 14 
2 9 17 
3 30 14 
t 744 25 
m 0 4 
1 31 14 
2 8 17 
3 30 13 
t 743 25 
m 0 4 
1 30 14 
2 9 17 
3 30 12 
t 742 25 
m 0 4 
1 30 13 
2 9 18 
3 30 13 
t 741 25 
m 0 4 
1 30 14 
2 9 19 
3 29 13 
t 740 25 
m 0 4 
1 30 13 
2 9 18 
3 28 13 
t 739 25 
m 0 4 
1 30 14 
2 9 17 
3 29 13 
t 738 25 
m 0 4 
1 31 14 
2 9 18 
3 28 13 
t 737 25 
m 0 4 
1 31 15 
2 9 19 
3 27 13 
t 736 25 
m 0 4 
1 31 16 
2 9 18 
3 27 12 
t 735 25 
m 0 4 
1 30 16 
2 9 19 
3 27 11 
t 734 25 
m 0 4 
1 30 17 
2 8 19 
3 27 12 
t 733 25 
m 0 4 
1 29 17 
2 7 19 
3 27 13 
t 732 25 
m 0 4 
1 28 17 
2 8 19 
3 28 13 
t 731 25 
m 0 4 
1 29 17 
2 7 19 
3 29 13 
t 730 25 
m 0 4 
1 28 17 
2 7 18 
3 30 13 
t 729 25 
m 0 4 
1 29 17 
2 7 19 
3 30 14 
t 728 25 
m 0 4 
1 28 17 
2 6 19 
3 30 13 
t 727 25 
m 0 4 
1 29 17 
2 5 19 
3 30 14 
t 726 25 
m 0 4 
1 30 17 
2 6 19 
3 30 13 
t 725 25 
m 0 4 
1 30 16 
2 7 19 
3 29 13 
t 724 25 
m 0 4 
1 30 17 
2 8 19 
3 28 13 
t 723 25 
m 0 4 
1 30 16 
2 9 19 
3 27 13 
t 722 25 
m 0 4 
1 30 17 
2 9 18 
3 28 13 
t 721 25 
m 0 4 
1 29 17 
2 9 17 
3 29 13 
t 720 25 
m 0 4 
1 28 17 
2 9 18 
3 28 13 
t 719 25 
m 0 4 
1 29 17 
2 9 17 
3 29 13 
t 718 25 
m 0 4 
1 28 17 
2 9 18 
3 30 13 
t 717 25 
m 0 4 
1 29 17 
2 9 19 
3 30 12 
t 716 25 
m 0 4 
1 28 17 
2 9 18 
3 31 12 
t 715 25 
m 0 4 
1 29 17 
2 9 19 
3 32 12 
t 714 25 
m 0 4 
1 30 17 
2 9 18 
3 31 12 
t 713 25 
m 0 4 
1 29 17 
2 9 19 
3 32 12 
t 712 25 
m 0 4 
1 30 17 
2 10 19 
3 31 12 
t 711 25 
m 0 4 
1 30 16 
2 11 19 
3 32 12 
t 710 25 
m 0 4 
1 30 17 
2 10 19 
3 32 11 
t 709 25 
m 0 4 
1 29 17 
2 11 19 
3 32 10 
t 708 25 
m 0 4 
1 30 17 
2 10 19 
3 32 11 
t 707 25 
m 0 4 
1 29 17 
2 11 19 
3 32 12 
t 706 25 
m 0 4 
1 28 17 
2 10 19 
3 32 11 
t 705 25 
m 0 4 
1 29 17 
2 11 19 
3 32 12 
t 704 25 
m 0 4 
1 30 17 
2 10 19 
3 32 11 
t 703 25 
m 0 4 
1 29 17 
2 9 19 
3 32 12 
t 702 25 
m 0 4 
1 28 17 
2 8 19 
3 32 11 
t 701 25 
m 0 4 
1 29 17 
2 7 19 
3 32 10 
t 700 25 
m 0 4 
1 30 17 
2 6 19 
3 32 11 
t 699 25 
m 0 4 
1 29 17 
2 7 19 
3 32 10 
t 698 25 
m 0 4 
1 30 17 
2 6 19 
3 32 11 
t 697 25 
m 0 4 
1 30 18 
2 5 19 
3 32 10 
t 696 25 
m 0 4 
1 30 19 
2 4 19 
3 32 9 
t 695 25 
m 0 4 
1 31 19 
2 5 19 
3 32 10 
t 694 25 
m 0 4 
1 32 19 
2 6 19 
3 32 9 
t 693 25 
m 0 4 
1 31 19 
2 5 19 
3 32 10 
t 692 25 
m 0 4 
1 30 19 
2 6 19 
3 32 9 
t 691 25 
m 0 4 
1 31 19 
2 5 19 
3 33 9 
t 690 25 
m 0 4 
1 32 19 
2 6 19 
3 34 9 
t 689 25 
m 0 4 
1 33 19 
2 7 19 
3 33 9 
t 688 25 
m 0 4 
1 34 19 
2 6 19 
3 32 9 
t 687 25 
m 0 4 
1 34 18 
2 7 19 
3 33 9 
t 686 25 
m 0 4 
1 34 19 
2 8 19 
3 33 8 
t 685 25 
m 0 4 
1 33 19 
2 7 19 
3 33 7 
t 684 25 
m 0 4 
1 34 19 
2 8 19 
3 33 6 
t 683 25 
m 0 4 
1 34 18 
2 7 19 
3 33 7 
t 682 25 
m 0 4 
1 34 17 
2 6 19 
3 33 6 
t 681 25 
m 0 4 
1 34 16 
2 5 19 
3 33 7 
t 680 25 
m 0 4 
1 34 17 
2 6 19 
3 33 6 
t 679 25 
m 0 4 
1 34 18 
2 5 19 
3 33 7 
t 678 25 
m 0 4 
1 34 17 
2 6 19 
3 33 8 
t 677 25 
m 0 4 
1 34 16 
2 5 19 
3 33 7 
t 676 25 
m 0 4 
1 34 17 
2 4 19 
3 33 8 
t 675 25 
m 0 4 
1 34 16 
2 4 18 
3 33 7 
t 674 25 
m 0 4 
1 34 17 
2 4 19 
3 33 6 
t 673 25 
m 0 4 
1 34 18 
2 4 18 
3 33 7 
t 672 25 
m 0 4 
1 34 19 
2 4 19 
3 33 6 
t 671 25 
m 0 4 
1 34 18 
2 3 19 
3 33 7 
t 670 25 
m 0 4 
1 34 19 
2 4 19 
3 33 8 
t 669 25 
m 0 4 
1 34 18 
2 5 19 
3 33 7 
t 668 25 
m 0 4 
1 34 17 
2 6 19 
3 33 6 
t 667 25 
m 0 4 
1 34 16 
2 5 19 
3 33 5 
t 666 25 
m 0 4 
1 33 16 
2 4 19 
3 33 6 
t 665 25 
m 0 4 
1 32 16 
2 4 18 
3 33 5 
t 664 25 
m 0 4 
1 33 16 
2 4 17 
3 33 4 
t 663 25 
m 0 4 
1 32 16 
2 4 18 
3 34 4 
t 662 25 
m 0 4 
1 31 16 
2 4 17 
3 33 4 
t 661 25 
m 0 4 
1 31 15 
2 5 17 
3 32 4 
t 660 25 
m 0 4 
1 31 16 
2 6 17 
3 33 4 
t 659 25 
m 0 4 
1 32 16 
2 7 17 
3 32 4 
t 658 25 
m 0 4 
1 33 16 
2 8 17 
3 33 4 
t 657 25 
m 0 4 
1 34 16 
2 9 17 
3 33 5 
t 656 25 
m 0 4 
1 34 15 
2 8 17 
3 33 4 
t 655 25 
m 0 4 
1 34 14 
2 9 17 
3 32 4 
t 654 25 
m 0 4 
1 34 13 
2 9 18 
3 33 4 
t 653 25 
m 0 4 
1 34 12 
2 9 17 
3 34 4 
t 652 25 
m 0 4 
1 34 11 
2 9 18 
3 33 4 
t 651 25 
m 0 4 
1 34 10 
2 9 19 
3 33 5 
t 650 25 
m 0 4 
1 34 9 
2 10 19 
3 33 6 
t 649 25 
m 0 4 
1 33 9 
2 11 19 
3 33 5 
t 648 25 
m 0 4 
1 32 9 
2 10 19 
3 33 6 
t 647 25 
m 0 4 
1 33 9 
2 9 19 
3 33 7 
t 646 25 
m 0 4 
1 34 9 
2 10 19 
3 33 6 
t 645 25 
m 0 4 
1 33 9 
2 11 19 
3 33 7 
t 644 25 
m 0 4 
1 33 8 
2 12 19 
3 33 8 
t 643 25 
m 0 4 
1 33 7 
2 13 19 
3 33 9 
t 642 25 
m 0 4 
1 33 6 
2 12 19 
3 32 9 
t 641 25 
m 0 4 
1 33 7 
2 13 19 
3 32 10 
t 640 25 
m 0 4 
1 33 8 
2 12 19 
3 32 9 
t 639 25 
m 0 4 
1 33 9 
2 13 19 
3 33 9 
t 638 25 
m 0 4 
1 34 9 
2 12 19 
3 33 8 
t 637 25 
m 0 4 
1 34 10 
2 13 19 
3 33 9 
t 636 25 
m 0 4 
1 34 9 
2 13 18 
3 34 9 
t 635 25 
m 0 4 
1 34 10 
2 13 19 
3 33 9 
t 634 25 
m 0 4 
1 34 9 
2 14 19 
3 34 9 
t 633 25 
m 0 4 
1 34 10 
2 13 19 
3 34 10 
t 632 25 
m 0 4 
1 34 9 
2 13 18 
3 34 11 
t 631 25 
m 0 4 
1 34 10 
2 13 19 
3 34 12 
t 630 25 
m 0 4 
1 34 9 
2 14 19 
3 34 13 
t 629 25 
m 0 4 
1 33 9 
2 15 19 
3 34 14 
t 628 25 
m 0 4 
1 33 8 
2 14 19 
3 34 15 
t 627 25 
m 0 4 
1 33 9 
2 15 19 
3 34 16 
t 626 25 
m 0 4 
1 33 8 
2 15 18 
3 33 16 
t 625 25 
m 0 3 
1 33 9 
2 15 19 
3 32 16 
t 624 25 
m 0 4 
1 34 9 
2 15 18 
3 31 16 
t 623 25 
m 0 3 
1 34 10 
2 15 17 
3 32 16 
t 622 25 
m 0 2 
1 34 11 
2 15 16 
3 33 16 
t 621 25 
m 0 2 
1 34 10 
2 15 15 
3 34 16 
t 620 25 
m 0 2 
1 34 9 
2 15 14 
3 34 15 
t 619 25 
m 0 2 
1 33 9 
2 15 13 
3 34 16 
t 618 25 
m 0 2 
1 32 9 
2 15 14 
3 33 16 
t 617 25 
m 0 2 
1 32 10 
2 15 13 
3 32 16 
t 616 25 
m 0 2 
1 32 11 
2 15 12 
3 33 16 
t 615 25 
m 0 2 
1 32 12 
2 14 12 
3 32 16 
t 614 25 
m 0 2 
1 32 11 
2 13 12 
3 31 16 
t 613 25 
m 0 2 
1 32 12 
2 14 12 
3 31 15 
t 612 25 
m 0 2 
1 31 12 
2 15 12 
3 31 16 
t 611 25 
m 0 2 
1 32 12 
2 16 12 
3 32 16 
t 610 25 
m 0 2 
1 32 11 
2 17 12 
3 31 16 
t 609 25 
m 0 2 
1 32 10 
2 16 12 
3 32 16 
t 608 25 
m 0 2 
1 32 9 
2 17 12 
3 33 16 
t 607 25 
m 0 2 
1 33 9 
2 16 12 
3 34 16 
t 606 25 
m 0 2 
1 34 9 
2 15 12 
3 34 17 
t 605 25 
m 0 2 
1 33 9 
2 14 12 
3 34 18 
t 604 25 
m 0 2 
1 34 9 
2 13 12 
3 34 19 
t 603 25 
m 0 2 
1 34 10 
2 13 11 
3 34 18 
t 602 25 
m 0 2 
1 34 9 
2 13 10 
3 34 17 
t 601 25 
m 0 2 
1 34 10 
2 14 10 
3 34 16 
t 600 25 
m 0 2 
1 34 9 
2 13 10 
3 34 17 
t 599 25 
m 0 2 
1 33 9 
2 13 11 
3 34 16 
t 598 25 
m 0 2 
1 34 9 
2 13 10 
3 34 17 
t 597 25 
m 0 2 
1 33 9 
2 14 10 
3 34 18 
t 596 25 
m 0 2 
1 32 9 
2 15 10 
3 34 17 
t 595 25 
m 0 2 
1 33 9 
2 14 10 
3 34 18 
t 594 25 
m 0 2 
1 32 9 
2 13 10 
3 34 19 
t 593 25 
m 0 2 
1 32 10 
2 14 10 
3 34 18 
t 592 25 
m 0 2 
1 32 11 
2 13 10 
3 34 19 
t 591 25 
m 0 2 
1 32 12 
2 12 10 
3 34 18 
t 590 25 
m 0 2 
1 32 11 
2 12 9 
3 34 19 
t 589 25 
m 0 2 
1 32 10 
2 12 8 
3 34 18 
t 588 25 
m 0 2 
1 32 9 
2 12 7 
3 34 17 
t 587 25 
m 0 2 
1 32 10 
2 12 6 
3 34 18 
t 586 25 
m 0 2 
1 32 9 
2 12 7 
3 34 17 
t 585 25 
m 0 2 
1 33 9 
2 12 6 
3 34 16 
t 584 25 
m 0 2 
1 34 9 
2 13 6 
3 34 17 
t 583 25 
m 0 2 
1 34 10 
2 12 6 
3 34 16 
t 582 25 
m 0 2 
1 34 9 
2 12 7 
3 33 16 
t 581 25 
m 0 2 
1 34 10 
2 12 6 
3 32 16 
t 580 25 
m 0 2 
1 34 9 
2 13 6 
3 33 16 
t 579 25 
m 0 2 
1 33 9 
2 14 6 
3 34 16 
t 578 25 
m 0 2 
1 34 9 
2 15 6 
3 33 16 
t 577 25 
m 0 2 
1 33 9 
2 15 5 
3 32 16 
t 576 25 
m 0 2 
1 34 9 
2 15 4 
3 31 16 
t 575 25 
m 0 2 
1 34 10 
2 15 5 
3 30 16 
t 574 25 
m 0 2 
1 34 11 
2 15 6 
3 31 16 
t 573 25 
m 0 2 
1 34 10 
2 15 5 
3 32 16 
t 572 25 
m 0 2 
1 34 11 
2 15 4 
3 31 16 
t 571 25 
m 0 2 
1 34 10 
2 15 5 
3 30 16 
t 570 25 
m 0 2 
1 34 11 
2 15 6 
3 31 16 
t 569 25 
m 0 2 
1 34 12 
2 14 6 
3 32 16 
t 568 25 
m 0 2 
1 34 13 
2 13 6 
3 31 16 
t 567 25 
m 0 2 
1 34 12 
2 12 6 
3 30 16 
t 566 25 
m 0 2 
1 34 11 
2 12 7 
3 30 17 
t 565 25 
m 0 2 
1 34 12 
2 12 6 
3 30 18 
t 564 25 
m 0 2 
1 34 11 
2 12 7 
3 30 19 
t 563 25 
m 0 2 
1 34 12 
2 12 6 
3 30 18 
t 562 25 
m 0 2 
1 34 11 
2 13 6 
3 30 19 
t 561 25 
m 0 2 
1 34 10 
2 14 6 
3 31 19 
t 560 25 
m 0 2 
1 34 11 
2 13 6 
3 32 19 
t 559 25 
m 0 2 
1 34 10 
2 12 6 
3 31 19 
t 558 25 
m 0 2 
1 34 11 
2 13 6 
3 30 19 
t 557 25 
m 0 2 
1 34 12 
2 14 6 
3 31 19 
t 556 25 
m 0 2 
1 34 11 
2 13 6 
3 30 19 
t 555 25 
m 0 2 
1 34 10 
2 12 6 
3 29 19 
t 554 25 
m 0 2 
1 34 11 
2 13 6 
3 30 19 
t 553 25 
m 0 2 
1 34 12 
2 12 6 
3 30 18 
t 552 25 
m 0 2 
1 34 13 
2 13 6 
3 30 17 
t 551 25 
m 0 2 
1 34 14 
2 12 6 
3 29 17 
t 550 25 
m 0 2 
1 34 15 
2 13 6 
3 28 17 
t 549 25 
m 0 2 
1 34 14 
2 12 6 
3 27 17 
t 548 25 
m 0 2 
1 34 15 
2 12 7 
3 28 17 
t 547 25 
m 0 2 
1 34 14 
2 12 8 
3 29 17 
t 546 25 
m 0 2 
1 34 13 
2 12 7 
3 30 17 
t 545 25 
m 0 2 
1 34 14 
2 12 8 
3 30 18 
t 544 25 
m 0 2 
1 34 13 
2 12 9 
3 30 19 
t 543 25 
m 0 2 
1 34 12 
2 12 8 
3 29 19 
t 542 25 
m 0 2 
1 34 13 
2 12 9 
3 28 19 
t 541 25 
m 0 2 
1 34 14 
2 12 8 
3 29 19 
t 540 25 
m 0 2 
1 34 15 
2 12 9 
3 30 19 
t 539 25 
m 0 2 
1 34 14 
2 12 8 
3 29 19 
t 538 25 
m 0 2 
1 33 14 
2 12 7 
3 30 19 
t 537 25 
m 0 2 
1 34 14 
2 12 6 
3 30 18 
t 536 25 
m 0 2 
1 34 15 
2 12 7 
3 30 19 
t 535 25 
m 0 2 
1 34 16 
2 12 6 
3 31 19 
t 534 25 
m 0 2 
1 33 16 
2 12 7 
3 30 19 
t 533 25 
m 0 2 
1 34 16 
2 12 6 
3 29 19 
t 532 25 
m 0 2 
1 33 16 
2 13 6 
3 28 19 
t 531 25 
m 0 2 
1 32 16 
2 14 6 
3 27 19 
t 530 25 
m 0 2 
1 33 16 
2 13 6 
3 26 19 
t 529 25 
m 0 2 
1 34 16 
2 12 6 
3 25 19 
t 528 25 
m 0 2 
1 33 16 
2 13 6 
3 26 19 
t 527 25 
m 0 2 
1 34 16 
2 14 6 
3 27 19 
t 526 25 
m 0 2 
1 33 16 
2 13 6 
3 28 19 
t 525 25 
m 0 2 
1 34 16 
2 12 6 
3 27 19 
t 524 25 
m 0 2 
1 33 16 
2 13 6 
3 27 18 
t 523 25 
m 0 2 
1 34 16 
2 14 6 
3 27 17 
t 522 25 
m 0 2 
1 34 17 
2 13 6 
3 28 17 
t 521 25 
m 0 2 
1 34 16 
2 14 6 
3 27 17 
t 520 25 
m 0 2 
1 34 15 
2 13 6 
3 28 17 
t 519 25 
m 0 2 
1 34 16 
2 14 6 
3 27 17 
t 518 25 
m 0 2 
1 34 17 
2 13 6 
3 28 17 
t 517 25 
m 0 2 
1 34 18 
2 14 6 
3 27 17 
t 516 25 
m 0 2 
1 34 19 
2 13 6 
3 28 17 
t 515 25 
m 0 2 
1 33 19 
2 14 6 
3 27 17 
t 514 25 
m 0 2 
1 34 19 
2 13 6 
3 27 18 
t 513 25 
m 0 2 
1 34 18 
2 14 6 
3 27 17 
t 512 25 
m 0 2 
1 34 19 
2 13 6 
3 27 18 
t 511 25 
m 0 2 
1 33 19 
2 14 6 
3 27 17 
t 510 25 
m 0 2 
1 32 19 
2 15 6 
3 27 18 
t 509 25 
m 0 2 
1 33 19 
2 16 6 
3 27 19 
t 508 25 
m 0 2 
1 34 19 
2 16 5 
3 27 18 
t 507 25 
m 0 2 
1 33 19 
2 17 5 
3 27 19 
t 506 25 
m 0 2 
1 34 19 
2 18 5 
3 26 19 
t 505 25 
m 0 2 
1 33 19 
2 18 6 
3 25 19 
t 504 25 
m 0 2 
1 34 19 
2 18 7 
3 26 19 
t 503 25 
m 0 2 
1 33 19 
2 18 8 
3 25 19 
t 502 25 
m 0 2 
1 34 19 
2 18 9 
3 25 18 
t 501 25 
m 0 2 
1 34 18 
2 18 8 
3 25 17 
t 500 25 
m 0 2 
1 34 19 
2 18 9 
3 25 18 
t 499 25 
m 0 2 
1 33 19 
2 18 10 
3 25 19 
t 498 25 
m 0 2 
1 32 19 
2 19 10 
3 26 19 
t 497 25 
m 0 2 
1 33 19 
2 20 10 
3 25 19 
t 496 25 
m 0 2 
1 32 19 
2 21 10 
3 24 19 
t 495 25 
m 0 2 
1 31 19 
2 21 11 
3 25 19 
t 494 25 
m 0 2 
1 32 19 
2 21 10 
3 25 18 
t 493 25 
m 0 2 
1 31 19 
2 20 10 
3 25 19 
t 492 25 
m 0 2 
1 30 19 
2 19 10 
3 24 19 
t 491 25 
m 0 2 
1 29 19 
2 20 10 
3 25 19 
t 490 25 
m 0 2 
1 30 19 
2 21 10 
3 26 19 
t 489 25 
m 0 2 
1 31 19 
2 21 11 
3 25 19 
t 488 25 
m 0 2 
1 32 19 
2 21 10 
3 25 18 
t 487 25 
m 0 2 
1 33 19 
2 21 11 
3 25 19 
t 486 25 
m 0 2 
1 32 19 
2 21 10 
3 25 18 
t 485 25 
m 0 2 
1 33 19 
2 20 10 
3 25 19 
t 484 25 
m 0 2 
1 34 19 
2 21 10 
3 25 18 
t 483 25 
m 0 2 
1 34 18 
2 22 10 
3 25 17 
t 482 25 
m 0 2 
1 34 17 
2 23 10 
3 25 18 
t 481 25 
m 0 2 
1 34 16 
2 22 10 
3 25 19 
t 480 25 
m 0 2 
1 33 16 
2 21 10 
3 24 19 
t 479 25 
m 0 2 
1 32 16 
2 22 10 
3 25 19 
t 478 25 
m 0 2 
1 33 16 
2 21 10 
3 24 19 
t 477 25 
m 0 2 
1 32 16 
2 20 10 
3 25 19 
t 476 25 
m 0 2 
1 31 16 
2 21 10 
3 24 19 
t 475 25 
m 0 2 
1 30 16 
2 22 10 
3 23 19 
t 474 25 
m 0 2 
1 30 17 
2 22 9 
3 24 19 
t 473 25 
m 0 2 
1 30 18 
2 22 10 
3 25 19 
t 472 25 
m 0 2 
1 30 19 
2 22 9 
3 26 19 
t 471 25 
m 0 2 
1 29 19 
2 22 8 
3 25 19 
t 470 25 
m 0 2 
1 28 19 
2 22 9 
3 25 18 
t 469 25 
m 0 2 
1 27 19 
2 22 10 
3 25 17 
t 468 25 
m 0 2 
1 26 19 
2 21 10 
3 25 18 
t 467 25 
m 0 2 
1 25 19 
2 22 10 
3 25 19 
t 466 25 
m 0 2 
1 24 19 
2 22 9 
3 26 19 
t 465 25 
m 0 2 
1 25 19 
2 22 10 
3 27 19 
t 464 25 
m 0 2 
1 26 19 
2 22 9 
3 27 18 
t 463 25 
m 0 2 
1 27 19 
2 22 10 
3 27 17 
t 462 25 
m 0 2 
1 26 19 
2 23 10 
3 26 17 
t 461 25 
m 0 2 
1 27 19 
2 24 10 
3 25 17 
t 460 25 
m 0 2 
1 28 19 
2 23 10 
3 25 18 
t 459 25 
m 0 2 
1 27 19 
2 22 10 
3 25 17 
t 458 25 
m 0 2 
1 26 19 
2 23 10 
3 25 18 
t 457 25 
m 0 2 
1 27 19 
2 22 10 
3 25 17 
t 456 25 
m 0 2 
1 27 18 
2 23 10 
3 26 17 
t 455 25 
m 0 2 
1 27 17 
2 24 10 
3 25 17 
t 454 25 
m 0 2 
1 26 17 
2 25 10 
3 26 17 
t 453 25 
m 0 2 
1 27 17 
2 26 10 
3 25 17 
t 452 25 
m 0 2 
1 27 18 
2 27 10 
3 26 17 
t 451 25 
m 0 2 
1 27 17 
2 27 11 
3 27 17 
t 450 25 
m 0 2 
1 28 17 
2 27 12 
3 26 17 
t 449 25 
m 0 2 
1 27 17 
2 27 11 
3 25 17 
t 448 25 
m 0 2 
1 26 17 
2 27 10 
3 26 17 
t 447 25 
m 0 2 
1 27 17 
2 26 10 
3 27 17 
t 446 25 
m 0 2 
1 28 17 
2 25 10 
3 28 17 
t 445 25 
m 0 2 
1 29 17 
2 26 10 
3 29 17 
t 444 25 
m 0 2 
1 28 17 
2 27 10 
3 28 17 
t 443 25 
m 0 2 
1 27 17 
2 27 11 
3 29 17 
t 442 25 
m 0 2 
1 28 17 
2 27 12 
3 30 17 
t 441 25 
m 0 2 
1 27 17 
2 27 11 
3 30 18 
t 440 25 
m 0 2 
1 27 18 
2 27 12 
3 30 17 
t 439 25 
m 0 2 
1 27 19 
2 27 11 
3 29 17 
t 438 25 
m 0 2 
1 28 19 
2 27 12 
3 30 17 
t 437 25 
m 0 2 
1 27 19 
2 27 11 
3 30 18 
t 436 25 
m 0 2 
1 27 18 
2 27 10 
3 30 19 
t 435 25 
m 0 2 
1 27 17 
2 27 11 
3 29 19 
t 434 25 
m 0 2 
1 27 18 
2 27 10 
3 28 19 
t 433 25 
m 0 2 
1 27 19 
2 26 10 
3 27 19 
t 432 25 
m 0 2 
1 27 18 
2 25 10 
3 27 18 
t 431 25 
m 0 2 
1 27 19 
2 26 10 
3 27 19 
t 430 25 
m 0 2 
1 27 18 
2 25 10 
3 26 19 
t 429 25 
m 0 2 
1 27 17 
2 26 10 
3 25 19 
t 428 25 
m 0 2 
1 28 17 
2 27 10 
3 24 19 
t 427 25 
m 0 2 
1 29 17 
2 27 11 
3 25 19 
t 426 25 
m 0 2 
1 28 17 
2 27 10 
3 25 18 
t 425 25 
m 0 2 
1 29 17 
2 27 11 
3 25 19 
t 424 25 
m 0 2 
1 28 17 
2 27 10 
3 24 19 
t 423 25 
m 0 2 
1 29 17 
2 27 11 
3 25 19 
t 422 25 
m 0 2 
1 30 17 
2 27 12 
3 26 19 
t 421 25 
m 0 2 
1 30 18 
2 27 13 
3 25 19 
t 420 25 
m 0 2 
1 30 17 
2 28 13 
3 26 19 
t 419 25 
m 0 2 
1 29 17 
2 27 13 
3 25 19 
t 418 25 
m 0 2 
1 28 17 
2 27 12 
3 25 18 
t 417 25 
m 0 2 
1 27 17 
2 27 13 
3 25 19 
t 416 25 
m 0 2 
1 28 17 
2 28 13 
3 25 18 
t 415 25 
m 0 2 
1 29 17 
2 29 13 
3 25 17 
t 414 25 
m 0 2 
1 28 17 
2 30 13 
3 26 17 
t 413 25 
m 0 2 
1 29 17 
2 30 12 
3 25 17 
t 412 25 
m 0 2 
1 28 17 
2 31 12 
3 26 17 
t 411 25 
m 0 2 
1 27 17 
2 32 12 
3 25 17 
t 410 25 
m 0 2 
1 27 18 
2 31 12 
3 25 18 
t 409 25 
m 0 2 
1 27 17 
2 32 12 
3 25 17 
t 408 25 
m 0 2 
1 27 18 
2 31 12 
3 26 17 
t 407 25 
m 0 2 
1 27 17 
2 32 12 
3 25 17 
t 406 25 
m 0 2 
1 27 18 
2 32 11 
3 26 17 
t 405 25 
m 0 2 
1 27 19 
2 32 10 
3 27 17 
t 404 25 
m 0 2 
1 27 18 
2 32 11 
3 28 17 
t 403 25 
m 0 2 
1 27 17 
2 32 12 
3 29 17 
t 402 25 
m 0 2 
1 27 18 
2 31 12 
3 28 17 
t 401 25 
m 0 2 
1 27 17 
2 30 12 
3 27 17 
t 400 25 
m 0 2 
1 26 17 
2 31 12 
3 26 17 
t 399 25 
m 0 2 
1 27 17 
2 30 12 
3 25 17 
t 398 25 
m 0 2 
1 26 17 
2 30 13 
3 25 18 
t 397 25 
m 0 2 
1 27 17 
2 30 14 
3 25 17 
t 396 25 
m 0 2 
1 26 17 
2 30 13 
3 25 18 
t 395 25 
m 0 2 
1 27 17 
2 29 13 
3 25 19 
t 394 25 
m 0 2 
1 28 17 
2 28 13 
3 24 19 
t 393 25 
m 0 2 
1 29 17 
2 29 13 
3 23 19 
t 392 25 
m 0 2 
1 28 17 
2 28 13 
3 24 19 
t 391 25 
m 0 2 
1 29 17 
2 27 13 
3 23 19 
t 390 25 
m 0 2 
1 28 17 
2 27 12 
3 22 19 
t 389 25 
m 0 2 
1 29 17 
2 27 11 
3 21 19 
t 388 25 
m 0 2 
1 28 17 
2 27 12 
3 20 19 
t 387 25 
m 0 2 
1 27 17 
2 27 13 
3 21 19 
t 386 25 
m 0 2 
1 27 18 
2 27 12 
3 20 19 
t 385 25 
m 0 2 
1 27 17 
2 27 11 
3 21 19 
t 384 25 
m 0 2 
1 28 17 
2 27 12 
3 21 18 
t 383 25 
m 0 2 
1 27 17 
2 27 13 
3 21 19 
t 382 25 
m 0 2 
1 26 17 
2 28 13 
3 20 19 
t 381 25 
m 0 2 
1 25 17 
2 29 13 
3 21 19 
t 380 25 
m 0 2 
1 25 18 
2 30 13 
3 20 19 
t 379 25 
m 0 2 
1 25 17 
2 29 13 
3 21 19 
t 378 25 
m 0 2 
1 25 18 
2 30 13 
3 20 19 
t 377 25 
m 0 2 
1 25 17 
2 30 14 
3 19 19 
t 376 25 
m 0 2 
1 25 18 
2 30 13 
3 19 18 
t 375 25 
m 0 2 
1 25 19 
2 30 14 
3 19 17 
t 374 25 
m 0 2 
1 24 19 
2 30 13 
3 19 16 
t 373 25 
m 0 2 
1 23 19 
2 30 14 
3 18 16 
t 372 25 
m 0 2 
1 24 19 
2 31 14 
3 17 16 
t 371 25 
m 0 2 
1 25 19 
2 31 15 
3 16 16 
t 370 25 
m 0 2 
1 25 18 
2 31 16 
3 15 16 
t 369 25 
m 0 2 
1 25 19 
2 32 16 
3 16 16 
t 368 25 
m 0 2 
1 24 19 
2 31 16 
3 15 16 
t 367 25 
m 0 2 
1 25 19 
2 32 16 
3 15 15 
t 366 25 
m 0 2 
1 24 19 
2 31 16 
3 15 14 
t 365 25 
m 0 2 
1 25 19 
2 31 15 
3 15 15 
t 364 25 
m 0 2 
1 26 19 
2 31 16 
3 15 16 
t 363 25 
m 0 2 
1 27 19 
2 31 15 
3 15 15 
t 362 25 
m 0 2 
1 27 18 
2 31 16 
3 15 16 
t 361 25 
m 0 2 
1 27 17 
2 31 15 
3 15 15 
t 360 25 
m 0 2 
1 26 17 
2 31 16 
3 15 16 
t 359 25 
m 0 2 
1 25 17 
2 30 16 
3 15 15 
t 358 25 
m 0 2 
1 26 17 
2 30 17 
3 15 16 
t 357 25 
m 0 2 
1 27 17 
2 29 17 
3 15 17 
t 356 25 
m 0 2 
1 26 17 
2 30 17 
3 15 16 
t 355 25 
m 0 2 
1 25 17 
2 30 16 
3 15 17 
t 354 25 
m 0 2 
1 25 18 
2 30 17 
3 15 16 
t 353 25 
m 0 2 
1 25 19 
2 30 18 
3 16 16 
t 352 25 
m 0 2 
1 26 19 
2 30 19 
3 15 16 
t 351 25 
m 0 2 
1 25 19 
2 31 19 
3 15 17 
t 350 25 
m 0 2 
1 24 19 
2 32 19 
3 15 18 
t 349 25 
m 0 3 
1 23 19 
2 31 19 
3 15 19 
t 348 25 
m 0 4 
1 22 19 
2 30 19 
3 14 19 
t 347 25 
m 0 4 
1 21 19 
2 29 19 
3 15 19 
t 346 25 
m 0 4 
1 20 19 
2 30 19 
3 15 18 
t 345 25 
m 0 3 
1 19 19 
2 31 19 
3 15 17 
t 344 25 
m 0 2 
1 19 18 
2 30 19 
3 15 18 
t 343 25 
m 0 3 
1 19 17 
2 30 18 
3 15 19 
t 342 25 
m 0 4 
1 19 18 
2 30 19 
3 14 19 
t 341 25 
m 0 4 
1 19 17 
2 31 19 
3 13 19 
t 340 25 
m 0 4 
1 19 18 
2 30 19 
3 12 19 
t 339 25 
m 0 4 
1 19 19 
2 30 18 
3 13 19 
t 338 25 
m 0 4 
1 20 19 
2 30 19 
3 14 19 
t 337 25 
m 0 4 
1 19 19 
2 30 18 
3 13 19 
t 336 25 
m 0 4 
1 19 18 
2 30 19 
3 13 18 
t 335 25 
m 0 4 
1 19 19 
2 30 18 
3 13 17 
t 334 25 
m 0 4 
1 19 18 
2 30 17 
3 13 18 
t 333 25 
m 0 4 
1 19 19 
2 29 17 
3 13 17 
t 332 25 
m 0 4 
1 20 19 
2 28 17 
3 13 18 
t 331 25 
m 0 4 
1 19 19 
2 29 17 
3 13 19 
t 330 25 
m 0 4 
1 20 19 
2 30 17 
3 13 18 
t 329 25 
m 0 4 
1 19 19 
2 29 17 
3 13 17 
t 328 25 
m 0 4 
1 19 18 
2 30 17 
3 13 16 
t 327 25 
m 0 3 
1 19 17 
2 29 17 
3 13 17 
t 326 25 
m 0 4 
1 19 16 
2 30 17 
3 13 18 
t 325 25 
m 0 4 
1 19 15 
2 29 17 
3 13 19 
t 324 25 
m 0 4 
1 19 14 
2 30 17 
3 12 19 
t 323 25 
m 0 4 
1 19 13 
2 30 16 
3 11 19 
t 322 25 
m 0 4 
1 19 14 
2 31 16 
3 12 19 
t 321 25 
m 0 4 
1 19 13 
2 32 16 
3 13 19 
t 320 25 
m 0 4 
1 19 14 
2 31 16 
3 13 18 
t 319 25 
m 0 4 
1 19 15 
2 32 16 
3 13 19 
t 318 25 
m 0 4 
1 19 14 
2 31 16 
3 14 19 
t 317 25 
m 0 4 
1 19 15 
2 32 16 
3 13 19 
t 316 25 
m 0 4 
1 19 16 
2 31 16 
3 14 19 
t 315 25 
m 0 4 
1 18 16 
2 31 15 
3 15 19 
t 314 25 
m 0 4 
1 17 16 
2 31 14 
3 14 19 
t 313 25 
m 0 4 
1 18 16 
2 30 14 
3 13 19 
t 312 25 
m 0 4 
1 19 16 
2 31 14 
3 13 18 
t 311 25 
m 0 4 
1 19 15 
2 30 14 
3 13 19 
t 310 25 
m 0 4 
1 19 14 
2 31 14 
3 14 19 
t 309 25 
m 0 4 
1 19 15 
2 30 14 
3 15 19 
t 308 25 
m 0 4 
1 19 14 
2 30 13 
3 15 18 
t 307 25 
m 0 3 
1 19 15 
2 30 14 
3 15 19 
t 306 25 
m 0 4 
1 19 14 
2 30 13 
3 14 19 
t 305 25 
m 0 4 
1 19 13 
2 30 12 
3 15 19 
t 304 25 
m 0 4 
1 19 12 
2 31 12 
3 15 18 
t 303 25 
m 0 3 
1 20 12 
2 32 12 
3 15 19 
t 302 25 
m 0 4 
1 21 12 
2 31 12 
3 15 18 
t 301 25 
m 0 3 
1 20 12 
2 32 12 
3 15 17 
t 300 25 
m 0 2 
1 19 12 
2 32 11 
3 15 18 
t 299 25 
m 0 3 
1 20 12 
2 32 12 
3 15 19 
t 298 25 
m 0 4 
1 19 12 
2 31 12 
3 15 18 
t 297 25 
m 0 3 
1 18 12 
2 30 12 
3 15 17 
t 296 25 
m 0 2 
1 19 12 
2 31 12 
3 15 18 
t 295 25 
m 0 3 
1 20 12 
2 32 12 
3 15 19 
t 294 25 
m 0 4 
1 19 12 
2 31 12 
3 15 18 
t 293 25 
m 0 3 
1 20 12 
2 30 12 
3 15 17 
t 292 25 
m 0 2 
1 19 12 
2 30 13 
3 15 18 
t 291 25 
m 0 3 
1 19 13 
2 30 14 
3 15 17 
t 290 25 
m 0 2 
1 19 12 
2 31 14 
3 15 18 
t 289 25 
m 0 3 
1 18 12 
2 32 14 
3 15 17 
t 288 25 
m 0 2 
1 19 12 
2 31 14 
3 15 16 
t 287 25 
m 0 2 
1 19 13 
2 30 14 
3 15 17 
t 286 25 
m 0 2 
1 19 12 
2 30 13 
3 15 16 
t 285 25 
m 0 2 
1 18 12 
2 30 14 
3 15 15 
t 284 25 
m 0 2 
1 18 11 
2 30 13 
3 15 16 
t 283 25 
m 0 2 
1 18 10 
2 29 13 
3 16 16 
t 282 25 
m 0 2 
1 18 11 
2 30 13 
3 17 16 
t 281 25 
m 0 2 
1 18 10 
2 29 13 
3 18 16 
t 280 25 
m 0 2 
1 18 9 
2 30 13 
3 17 16 
t 279 25 
m 0 2 
1 18 10 
2 30 14 
3 18 16 
t 278 25 
m 0 2 
1 19 10 
2 30 13 
3 17 16 
t 277 25 
m 0 2 
1 20 10 
2 30 12 
3 18 16 
t 276 25 
m 0 2 
1 21 10 
2 30 13 
3 19 16 
t 275 25 
m 0 2 
1 21 11 
2 30 14 
3 19 15 
t 274 25 
m 0 2 
1 21 12 
2 31 14 
3 19 16 
t 273 25 
m 0 2 
1 21 13 
2 32 14 
3 18 16 
t 272 25 
m 0 2 
1 21 14 
2 33 14 
3 17 16 
t 271 25 
m 0 2 
1 21 13 
2 34 14 
3 18 16 
t 270 25 
m 0 2 
1 21 14 
2 33 14 
3 19 16 
t 269 25 
m 0 2 
1 21 13 
2 32 14 
3 19 17 
t 268 25 
m 0 2 
1 21 14 
2 33 14 
3 19 16 
t 267 25 
m 0 2 
1 21 15 
2 32 14 
3 19 17 
t 266 25 
m 0 2 
1 21 16 
2 33 14 
3 19 16 
t 265 25 
m 0 2 
1 21 17 
2 32 14 
3 18 16 
t 264 25 
m 0 2 
1 21 18 
2 31 14 
3 19 16 
t 263 25 
m 0 2 
1 21 17 
2 31 15 
3 19 17 
t 262 25 
m 0 2 
1 21 16 
2 31 16 
3 19 16 
t 261 25 
m 0 2 
1 21 15 
2 32 16 
3 19 15 
t 260 25 
m 0 2 
1 21 14 
2 31 16 
3 19 16 
t 259 25 
m 0 2 
1 21 13 
2 32 16 
3 19 15 
t 258 25 
m 0 2 
1 21 14 
2 31 16 
3 19 16 
t 257 25 
m 0 2 
1 21 15 
2 32 16 
3 19 17 
t 256 25 
m 0 2 
1 21 14 
2 31 16 
3 19 18 
t 255 25 
m 0 2 
1 21 13 
2 31 15 
3 19 17 
t 254 25 
m 0 2 
1 21 14 
2 31 14 
3 19 16 
t 253 25 
m 0 2 
1 21 15 
2 30 14 
3 19 15 
t 252 25 
m 0 2 
1 21 14 
2 30 13 
3 19 14 
t 251 25 
m 0 2 
1 21 13 
2 29 13 
3 19 13 
t 250 25 
m 0 2 
1 21 14 
2 30 13 
3 19 14 
t 249 25 
m 0 2 
1 21 13 
2 30 14 
3 19 15 
t 248 25 
m 0 2 
1 21 12 
2 30 13 
3 19 16 
t 247 25 
m 0 2 
1 20 12 
2 30 14 
3 18 16 
t 246 25 
m 0 2 
1 19 12 
2 30 13 
3 17 16 
t 245 25 
m 0 2 
1 20 12 
2 30 14 
3 18 16 
t 244 25 
m 0 2 
1 21 12 
2 30 13 
3 19 16 
t 243 25 
m 0 2 
1 21 13 
2 30 14 
3 18 16 
t 242 25 
m 0 2 
1 21 14 
2 30 13 
3 17 16 
t 241 25 
m 0 2 
1 21 15 
2 30 12 
3 18 16 
t 240 25 
m 0 2 
1 21 14 
2 31 12 
3 19 16 
t 239 25 
m 0 2 
1 21 13 
2 32 12 
3 19 15 
t 238 25 
m 0 2 
1 21 14 
2 31 12 
3 19 16 
t 237 25 
m 0 2 
1 21 13 
2 30 12 
3 19 15 
t 236 25 
m 0 2 
1 21 12 
2 30 13 
3 19 14 
t 235 25 
m 0 2 
1 20 12 
2 29 13 
3 19 15 
t 234 25 
m 0 2 
1 21 12 
2 30 13 
3 19 14 
t 233 25 
m 0 2 
1 20 12 
2 30 14 
3 19 15 
t 232 25 
m 0 2 
1 21 12 
2 31 14 
3 19 14 
t 231 25 
m 0 2 
1 21 11 
2 32 14 
3 19 13 
t 230 25 
m 0 2 
1 21 10 
2 31 14 
3 19 14 
t 229 25 
m 0 2 
1 20 10 
2 32 14 
3 19 13 
t 228 25 
m 0 2 
1 19 10 
2 31 14 
3 19 12 
t 227 25 
m 0 2 
1 18 10 
2 30 14 
3 20 12 
t 226 25 
m 0 2 
1 19 10 
2 30 13 
3 21 12 
t 225 25 
m 0 2 
1 20 10 
2 30 12 
3 21 13 
t 224 25 
m 0 2 
1 19 10 
2 30 13 
3 21 12 
t 223 25 
m 0 2 
1 18 10 
2 30 14 
3 20 12 
t 222 25 
m 0 2 
1 18 11 
2 31 14 
3 21 12 
t 221 25 
m 0 2 
1 18 12 
2 30 14 
3 21 11 
t 220 25 
m 0 2 
1 17 12 
2 31 14 
3 21 10 
t 219 25 
m 0 2 
1 16 12 
2 30 14 
3 21 11 
t 218 25 
m 0 2 
1 17 12 
2 30 13 
3 21 10 
t 217 25 
m 0 2 
1 18 12 
2 30 12 
3 21 11 
t 216 25 
m 0 2 
1 17 12 
2 30 13 
3 21 12 
t 215 25 
m 0 2 
1 18 12 
2 29 13 
3 21 11 
t 214 25 
m 0 2 
1 17 12 
2 30 13 
3 21 12 
t 213 25 
m 0 2 
1 16 12 
2 29 13 
3 20 12 
t 212 25 
m 0 2 
1 16 11 
2 28 13 
3 19 12 
t 211 25 
m 0 2 
1 16 12 
2 29 13 
3 18 12 
t 210 25 
m 0 2 
1 15 12 
2 28 13 
3 19 12 
t 209 25 
m 0 2 
1 15 13 
2 29 13 
3 18 12 
t 208 25 
m 0 2 
1 15 14 
2 30 13 
3 17 12 
t 207 25 
m 0 2 
1 15 15 
2 30 12 
3 16 12 
t 206 25 
m 0 2 
1 15 16 
2 30 13 
3 17 12 
t 205 25 
m 0 2 
1 15 15 
2 29 13 
3 18 12 
t 204 25 
m 0 2 
1 15 16 
2 28 13 
3 19 12 
t 203 25 
m 0 2 
1 15 15 
2 27 13 
3 18 12 
t 202 25 
m 0 2 
1 15 16 
2 28 13 
3 17 12 
t 201 25 
m 0 2 
1 15 15 
2 27 13 
3 16 12 
t 200 25 
m 0 2 
1 15 16 
2 28 13 
3 17 12 
t 199 25 
m 0 2 
1 16 16 
2 27 13 
3 16 12 
t 198 25 
m 0 2 
1 15 16 
2 28 13 
3 15 12 
t 197 25 
m 0 2 
1 15 17 
2 27 13 
3 15 13 
t 196 25 
m 0 2 
1 15 16 
2 27 12 
3 15 12 
t 195 25 
m 0 2 
1 16 16 
2 27 11 
3 16 12 
t 194 25 
m 0 2 
1 17 16 
2 27 12 
3 15 12 
t 193 25 
m 0 2 
1 16 16 
2 27 13 
3 16 12 
t 192 25 
m 0 2 
1 15 16 
2 28 13 
3 17 12 
t 191 25 
m 0 2 
1 15 15 
2 29 13 
3 18 12 
t 190 25 
m 0 2 
1 15 14 
2 28 13 
3 17 12 
t 189 25 
m 0 2 
1 15 13 
2 27 13 
3 16 12 
t 188 25 
m 0 2 
1 15 12 
2 27 12 
3 17 12 
t 187 25 
m 0 2 
1 15 13 
2 27 13 
3 18 12 
t 186 25 
m 0 2 
1 15 12 
2 28 13 
3 17 12 
t 185 25 
m 0 2 
1 16 12 
2 29 13 
3 18 12 
t 184 25 
m 0 2 
1 16 11 
2 28 13 
3 18 11 
t 183 25 
m 0 2 
1 16 12 
2 29 13 
3 18 10 
t 182 25 
m 0 2 
1 16 11 
2 30 13 
3 19 10 
t 181 25 
m 0 2 
1 16 10 
2 30 12 
3 18 10 
t 180 25 
m 0 2 
1 15 10 
2 30 13 
3 18 9 
t 179 25 
m 0 2 
1 14 10 
2 30 12 
3 18 8 
t 178 25 
m 0 2 
1 13 10 
2 31 12 
3 18 9 
t 177 25 
m 0 2 
1 12 10 
2 32 12 
3 18 10 
t 176 25 
m 0 2 
1 13 10 
2 31 12 
3 19 10 
t 175 25 
m 0 2 
1 13 11 
2 30 12 
3 20 10 
t 174 25 
m 0 2 
1 13 12 
2 30 13 
3 21 10 
t 173 25 
m 0 2 
1 14 12 
2 30 12 
3 21 11 
t 172 25 
m 0 2 
1 15 12 
2 31 12 
3 21 12 
t 171 25 
m 0 2 
1 15 13 
2 32 12 
3 21 11 
t 170 25 
m 0 2 
1 15 12 
2 31 12 
3 21 10 
t 169 25 
m 0 2 
1 15 13 
2 32 12 
3 21 11 
t 168 25 
m 0 2 
1 15 14 
2 31 12 
3 21 10 
t 167 25 
m 0 2 
1 15 13 
2 30 12 
3 22 10 
t 166 25 
m 0 2 
1 15 12 
2 31 12 
3 22 9 
t 165 25 
m 0 2 
1 16 12 
2 30 12 
3 22 8 
t 164 25 
m 0 2 
1 15 12 
2 30 13 
3 22 7 
t 163 25 
m 0 2 
1 16 12 
2 29 13 
3 22 8 
t 162 25 
m 0 2 
1 16 11 
2 28 13 
3 22 9 
t 161 25 
m 0 2 
1 16 12 
2 27 13 
3 22 8 
t 160 25 
m 0 2 
1 17 12 
2 28 13 
3 22 7 
t 159 25 
m 0 2 
1 18 12 
2 29 13 
3 22 6 
t 158 25 
m 0 2 
1 19 12 
2 28 13 
3 22 7 
t 157 25 
m 0 2 
1 18 12 
2 29 13 
3 22 8 
t 156 25 
m 0 2 
1 18 11 
2 28 13 
3 22 7 
t 155 25 
m 0 2 
1 18 10 
2 29 13 
3 22 6 
t 154 25 
m 0 2 
1 18 9 
2 28 13 
3 22 7 
t 153 25 
m 0 2 
1 18 8 
2 27 13 
3 22 6 
t 152 25 
m 0 2 
1 18 7 
2 27 12 
3 22 7 
t 151 25 
m 0 2 
1 18 6 
2 27 13 
3 22 8 
t 150 25 
m 0 2 
1 18 7 
2 28 13 
3 22 7 
t 149 25 
m 0 2 
1 18 8 
2 29 13 
3 22 8 
t 148 25 
m 0 2 
1 18 7 
2 28 13 
3 22 7 
t 147 25 
m 0 2 
1 18 8 
2 29 13 
3 22 6 
t 146 25 
m 0 2 
1 18 9 
2 30 13 
3 21 6 
t 145 25 
m 0 2 
1 18 8 
2 30 14 
3 20 6 
t 144 25 
m 0 2 
1 18 9 
2 31 14 
3 19 6 
t 143 25 
m 0 2 
1 18 8 
2 30 14 
3 18 6 
t 142 25 
m 0 2 
1 18 9 
2 31 14 
3 19 6 
t 141 25 
m 0 2 
1 18 8 
2 32 14 
3 20 6 
t 140 25 
m 0 2 
1 18 7 
2 31 14 
3 21 6 
t 139 25 
m 0 2 
1 18 6 
2 31 15 
3 22 6 
t 138 25 
m 0 2 
1 19 6 
2 31 14 
3 22 7 
t 137 25 
m 0 2 
1 19 5 
2 32 14 
3 22 6 
t 136 25 
m 0 2 
1 19 6 
2 31 14 
3 21 6 
t 135 25 
m 0 2 
1 20 6 
2 30 14 
3 20 6 
t 134 25 
m 0 2 
1 19 6 
2 30 13 
3 19 6 
t 133 25 
m 0 2 
1 19 5 
2 29 13 
3 20 6 
t 132 25 
m 0 2 
1 18 5 
2 30 13 
3 19 6 
t 131 25 
m 0 2 
1 17 5 
2 29 13 
3 19 5 
t 130 25 
m 0 2 
1 18 5 
2 28 13 
3 19 4 
t 129 25 
m 0 2 
1 18 6 
2 27 13 
3 19 5 
t 128 25 
m 0 2 
1 18 7 
2 27 12 
3 18 5 
t 127 25 
m 0 2 
1 18 6 
2 27 11 
3 18 6 
t 126 25 
m 0 2 
1 18 7 
2 27 12 
3 18 7 
t 125 25 
m 0 2 
1 18 8 
2 27 13 
3 18 8 
t 124 25 
m 0 2 
1 18 7 
2 28 13 
3 18 9 
t 123 25 
m 0 2 
1 18 8 
2 27 13 
3 18 10 
t 122 25 
m 0 2 
1 18 7 
2 27 12 
3 18 9 
t 121 25 
m 0 2 
1 18 6 
2 27 11 
3 18 10 
t 120 25 
m 0 2 
1 18 7 
2 27 10 
3 18 9 
t 119 25 
m 0 2 
1 18 6 
2 26 10 
3 18 10 
t 118 25 
m 0 2 
1 18 5 
2 27 10 
3 19 10 
t 117 25 
m 0 2 
1 19 5 
2 26 10 
3 20 10 
t 116 25 
m 0 2 
1 19 4 
2 27 10 
3 19 10 
t 115 25 
m 0 2 
1 19 3 
2 27 11 
3 20 10 
t 114 25 
m 0 2 
1 19 2 
2 27 12 
3 19 10 
t 113 25 
m 0 2 
1 19 1 
2 27 11 
3 18 10 
t 112 25 
m 0 2 
1 19 2 
2 27 10 
3 19 10 
t 111 25 
m 0 2 
1 19 1 
2 26 10 
3 20 10 
t 110 25 
m 0 2 
1 19 2 
2 25 10 
3 21 10 
t 109 25 
m 0 2 
1 19 1 
2 24 10 
3 20 10 
t 108 25 
m 0 2 
1 19 2 
2 23 10 
3 21 10 
t 107 25 
m 0 2 
1 19 3 
2 24 10 
3 20 10 
t 106 25 
m 0 2 
1 19 4 
2 25 10 
3 21 10 
t 105 25 
m 0 2 
1 19 5 
2 24 10 
3 22 10 
t 104 25 
m 0 2 
1 18 5 
2 23 10 
3 22 9 
t 103 25 
m 0 2 
1 19 5 
2 24 10 
3 22 8 
t 102 25 
m 0 2 
1 19 6 
2 25 10 
3 22 9 
t 101 25 
m 0 2 
1 20 6 
2 26 10 
3 22 8 
t 100 25 
m 0 2 
1 19 6 
2 27 10 
3 22 7 
t 99 25 
m 0 2 
1 18 6 
2 27 11 
3 22 8 
t 98 25 
m 0 2 
1 19 6 
2 27 12 
3 22 7 
t 97 25 
m 0 2 
1 19 5 
2 27 13 
3 22 6 
t 96 25 
m 0 2 
1 18 5 
2 28 13 
3 22 7 
t 95 25 
m 0 2 
1 18 6 
2 29 13 
3 22 6 
t 94 25 
m 0 2 
1 18 5 
2 30 13 
3 21 6 
t 93 25 
m 0 2 
1 19 5 
2 29 13 
3 20 6 
t 92 25 
m 0 2 
1 19 6 
2 28 13 
3 19 6 
t 91 25 
m 0 2 
1 20 6 
2 29 13 
3 19 5 
t 90 25 
m 0 2 
1 19 6 
2 30 13 
3 19 6 
t 89 25 
m 0 2 
1 19 5 
2 29 13 
3 20 6 
t 88 25 
m 0 2 
1 18 5 
2 28 13 
3 21 6 
t 87 25 
m 0 2 
1 19 5 
2 29 13 
3 20 6 
t 86 25 
m 0 2 
1 19 4 
2 30 13 
3 21 6 
t 85 25 
m 0 2 
1 19 3 
2 30 14 
3 22 6 
t 84 25 
m 0 2 
1 19 4 
2 31 14 
3 22 7 
t 83 25 
m 0 2 
1 19 5 
2 30 14 
3 22 6 
t 82 25 
m 0 2 
1 18 5 
2 31 14 
3 22 7 
t 81 25 
m 0 2 
1 17 5 
2 30 14 
3 22 6 
t 80 25 
m 0 2 
1 16 5 
2 30 13 
3 22 7 
t 79 25 
m 0 2 
1 15 5 
2 29 13 
3 22 8 
t 78 25 
m 0 2 
1 15 6 
2 30 13 
3 22 9 
t 77 25 
m 0 2 
1 16 6 
2 30 12 
3 22 10 
t 76 25 
m 0 2 
1 15 6 
2 31 12 
3 21 10 
t 75 25 
m 0 2 
1 15 5 
2 32 12 
3 22 10 
t 74 25 
m 0 2 
1 16 5 
2 32 11 
3 22 9 
t 73 25 
m 0 2 
1 15 5 
2 32 12 
3 22 8 
t 72 25 
m 0 2 
1 15 6 
2 31 12 
3 22 9 
t 71 25 
m 0 2 
1 15 5 
2 30 12 
3 22 10 
t 70 25 
m 0 2 
1 16 5 
2 31 12 
3 23 10 
t 69 25 
m 0 2 
1 16 6 
2 30 12 
3 24 10 
t 68 25 
m 0 2 
1 16 7 
2 31 12 
3 23 10 
t 67 25 
m 0 2 
1 16 8 
2 30 12 
3 22 10 
t 66 25 
m 0 2 
1 16 7 
2 30 13 
3 22 9 
t 65 25 
m 0 2 
1 16 8 
2 30 12 
3 22 8 
t 64 25 
m 0 2 
1 16 7 
2 31 12 
3 22 9 
t 63 25 
m 0 2 
1 16 6 
2 32 12 
3 22 8 
t 62 25 
m 0 2 
1 16 7 
2 31 12 
3 22 7 
t 61 25 
m 0 2 
1 16 6 
2 32 12 
3 22 8 
t 60 25 
m 0 2 
1 16 5 
2 31 12 
3 22 7 
t 59 25 
m 0 2 
1 16 6 
2 30 12 
3 22 8 
t 58 25 
m 0 2 
1 16 7 
2 31 12 
3 22 7 
t 57 25 
m 0 2 
1 16 8 
2 32 12 
3 22 6 
t 56 25 
m 0 2 
1 16 9 
2 32 11 
3 22 7 
t 55 25 
m 0 2 
1 16 8 
2 32 12 
3 22 6 
t 54 25 
m 0 2 
1 16 9 
2 32 11 
3 22 7 
t 53 25 
m 0 2 
1 16 10 
2 32 10 
3 22 8 
t 52 25 
m 0 2 
1 16 9 
2 32 11 
3 22 7 
t 51 25 
m 0 2 
1 16 10 
2 32 12 
3 22 8 
t 50 25 
m 0 2 
1 15 10 
2 31 12 
3 22 9 
t 49 25 
m 0 2 
1 16 10 
2 32 12 
3 22 8 
t 48 25 
m 0 2 
1 16 9 
2 31 12 
3 22 7 
t 47 25 
m 0 2 
1 16 10 
2 32 12 
3 22 8 
t 46 25 
m 0 2 
1 16 11 
2 31 12 
3 22 9 
t 45 25 
m 0 2 
1 16 10 
2 30 12 
3 22 8 
t 44 25 
m 0 2 
1 16 9 
2 30 13 
3 22 7 
t 43 25 
m 0 2 
1 16 10 
2 30 12 
3 22 8 
t 42 25 
m 0 2 
1 16 11 
2 31 12 
3 22 9 
t 41 25 
m 0 2 
1 16 12 
2 32 12 
3 22 8 
t 40 25 
m 0 2 
1 15 12 
2 32 11 
3 22 9 
t 39 25 
m 0 2 
1 14 12 
2 32 10 
3 22 8 
t 38 25 
m 0 2 
1 15 12 
2 32 9 
3 22 9 
t 37 25 
m 0 2 
1 15 13 
2 33 9 
3 22 10 
t 36 25 
m 0 2 
1 15 12 
2 34 9 
3 21 10 
t 35 25 
m 0 2 
1 14 12 
2 34 10 
3 21 11 
t 34 25 
m 0 2 
1 13 12 
2 34 9 
3 21 10 
t 33 25 
m 0 2 
1 13 13 
2 33 9 
3 20 10 
t 32 25 
m 0 2 
1 13 14 
2 33 8 
3 21 10 
t 31 25 
m 0 2 
1 13 15 
2 33 9 
3 20 10 
t 30 25 
m 0 2 
1 13 14 
2 33 8 
3 21 10 
t 29 25 
m 0 2 
1 13 15 
2 33 7 
3 20 10 
t 28 25 
m 0 2 
1 13 14 
2 33 8 
3 21 10 
t 27 25 
m 0 2 
1 13 15 
2 33 7 
3 21 11 
t 26 25 
m 0 2 
1 13 14 
2 33 6 
3 21 10 
t 25 25 
m 0 2 
1 13 15 
2 33 5 
3 22 10 
t 24 25 
m 0 2 
1 13 16 
2 33 4 
3 23 10 
t 23 25 
m 0 3 
1 13 15 
2 33 5 
3 22 10 
t 22 25 
m 0 2 
1 13 14 
2 33 6 
3 21 10 
t 21 25 
m 0 2 
1 13 13 
2 33 7 
3 20 10 
t 20 25 
m 0 2 
1 13 12 
2 33 6 
3 21 10 
t 19 25 
m 0 2 
1 13 13 
2 33 5 
3 20 10 
t 18 25 
m 0 2 
1 13 12 
2 33 6 
3 19 10 
t 17 25 
m 0 2 
1 14 12 
2 33 7 
3 20 10 
t 16 25 
m 0 2 
1 15 12 
2 33 8 
3 19 10 
t 15 25 
m 0 2 
1 15 13 
2 33 9 
3 18 10 
t 14 25 
m 0 2 
1 15 12 
2 32 9 
3 18 11 
t 13 25 
m 0 2 
1 16 12 
2 33 9 
3 18 10 
t 12 25 
m 0 2 
1 17 12 
2 34 9 
3 19 10 
t 11 25 
m 0 2 
1 16 12 
2 34 10 
3 18 10 
t 10 25 
m 0 2 
1 15 12 
2 34 9 
3 19 10 
t 9 25 
m 0 2 
1 14 12 
2 34 10 
3 20 10 
t 8 25 
m 0 2 
1 13 12 
2 34 11 
3 19 10 
t 7 25 
m 0 2 
1 13 13 
2 34 12 
3 20 10 
t 6 25 
m 0 2 
1 13 14 
2 34 11 
3 19 10 
t 5 25 
m 0 2 
1 13 13 
2 34 10 
3 20 10 
t 4 25 
m 0 2 
1 13 14 
2 34 11 
3 19 10 
t 3 25 
m 0 2 
1 13 15 
2 34 10 
3 20 10 
t 2 25 
m 0 2 
1 13 14 
2 34 9 
3 19 10 
t 1 25 
