35
20
m 0 19 
1 34 0 
2 34 0 
3 34 0 
w 1 18 
w 2 18 
w 3 18 
w 4 18 
w 6 18 
w 8 18 
w 9 18 
w 11 18 
w 12 18 
w 13 18 
w 14 18 
w 16 18 
w 17 18 
w 18 18 
w 20 18 
w 21 18 
w 22 18 
w 23 18 
w 25 18 
w 26 18 
w 28 18 
w 30 18 
w 31 18 
w 32 18 
w 33 18 
w 1 17 
w 2 17 
w 3 17 
w 4 17 
w 6 17 
w 16 17 
w 17 17 
w 18 17 
w 28 17 
w 30 17 
w 31 17 
w 32 17 
w 33 17 
w 7 16 
w 8 16 
w 9 16 
w 11 16 
w 12 16 
w 13 16 
w 14 16 
w 15 16 
w 16 16 
w 17 16 
w 18 16 
w 19 16 
w 20 16 
w 21 16 
w 22 16 
w 23 16 
w 25 16 
w 26 16 
w 27 16 
w 0 15 
w 2 15 
w 3 15 
w 5 15 
w 29 15 
w 31 15 
w 32 15 
w 34 15 
w 0 14 
w 2 14 
w 7 14 
w 8 14 
w 9 14 
w 10 14 
w 11 14 
w 12 14 
w 13 14 
w 14 14 
w 16 14 
w 17 14 
w 18 14 
w 20 14 
w 21 14 
w 22 14 
w 23 14 
w 24 14 
w 25 14 
w 26 14 
w 27 14 
w 32 14 
w 34 14 
w 0 13 
w 2 13 
w 4 13 
w 5 13 
w 29 13 
w 30 13 
w 32 13 
w 34 13 
w 0 12 
w 7 12 
w 8 12 
w 9 12 
w 11 12 
w 12 12 
w 14 12 
w 15 12 
w 16 12 
w 17 12 
w 18 12 
w 19 12 
w 20 12 
w 22 12 
w 23 12 
w 25 12 
w 26 12 
w 27 12 
w 34 12 
w 0 11 
w 1 11 
w 2 11 
w 4 11 
w 5 11 
w 7 11 
w 8 11 
w 9 11 
w 14 11 
w 15 11 
w 16 11 
w 17 11 
w 18 11 
w 19 11 
w 20 11 
w 25 11 
w 26 11 
w 27 11 
w 29 11 
w 30 11 
w 32 11 
w 33 11 
w 34 11 
w 5 10 
w 7 10 
w 8 10 
w 9 10 
w 10 10 
w 11 10 
w 12 10 
w 14 10 
w 15 10 
w 16 10 
w 17 10 
w 18 10 
w 19 10 
w 20 10 
w 22 10 
w 23 10 
w 24 10 
w 25 10 
w 26 10 
w 27 10 
w 29 10 
w 1 9 
w 2 9 
w 3 9 
w 5 9 
w 7 9 
w 8 9 
w 9 9 
w 10 9 
w 11 9 
w 12 9 
w 14 9 
w 15 9 
w 16 9 
w 17 9 
w 18 9 
w 19 9 
w 20 9 
w 22 9 
w 23 9 
w 24 9 
w 25 9 
w 26 9 
w 27 9 
w 29 9 
w 31 9 
w 32 9 
w 33 9 
w 5 8 
w 7 8 
w 8 8 
w 9 8 
w 10 8 
w 11 8 
w 12 8 
w 22 8 
w 23 8 
w 24 8 
w 25 8 
w 26 8 
w 27 8 
w 29 8 
w 1 7 
w 3 7 
w 7 7 
w 8 7 
w 9 7 
w 10 7 
w 11 7 
w 12 7 
w 13 7 
w 14 7 
w 15 7 
w 16 7 
w 17 7 
w 18 7 
w 19 7 
w 20 7 
w 21 7 
w 22 7 
w 23 7 
w 24 7 
w 25 7 
w 26 7 
w 27 7 
w 31 7 
w 33 7 
w 5 6 
w 7 6 
w 8 6 
w 9 6 
w 10 6 
w 11 6 
w 12 6 
w 13 6 
w 14 6 
w 15 6 
w 16 6 
w 17 6 
w 18 6 
w 19 6 
w 20 6 
w 21 6 
w 22 6 
w 23 6 
w 24 6 
w 25 6 
w 26 6 
w 27 6 
w 29 6 
w 1 5 
w 2 5 
w 3 5 
w 7 5 
w 8 5 
w 9 5 
w 10 5 
w 11 5 
w 12 5 
w 13 5 
w 14 5 
w 15 5 
w 16 5 
w 17 5 
w 18 5 
w 19 5 
w 20 5 
w 21 5 
w 22 5 
w 23 5 
w 24 5 
w 25 5 
w 26 5 
w 27 5 
w 31 5 
w 32 5 
w 33 5 
w 5 4 
w 6 4 
w 7 4 
w 8 4 
w 9 4 
w 10 4 
w 11 4 
w 12 4 
w 13 4 
w 14 4 
w 15 4 
w 16 4 
w 17 4 
w 18 4 
w 19 4 
w 20 4 
w 21 4 
w 22 4 
w 23 4 
w 24 4 
w 25 4 
w 26 4 
w 27 4 
w 28 4 
w 29 4 
w 1 3 
w 2 3 
w 3 3 
w 5 3 
w 6 3 
w 7 3 
w 8 3 
w 9 3 
w 10 3 
w 11 3 
w 12 3 
w 13 3 
w 14 3 
w 15 3 
w 16 3 
w 17 3 
w 18 3 
w 19 3 
w 20 3 
w 21 3 
w 22 3 
w 23 3 
w 24 3 
w 25 3 
w 26 3 
w 27 3 
w 28 3 
w 29 3 
w 31 3 
w 32 3 
w 33 3 
w 5 2 
w 6 2 
w 7 2 
w 8 2 
w 9 2 
w 10 2 
w 11 2 
w 12 2 
w 13 2 
w 14 2 
w 15 2 
w 16 2 
w 17 2 
w 18 2 
w 19 2 
w 20 2 
w 21 2 
w 22 2 
w 23 2 
w 24 2 
w 25 2 
w 26 2 
w 27 2 
w 28 2 
w 29 2 
w 1 1 
w 2 1 
w 3 1 
w 5 1 
w 6 1 
w 7 1 
w 8 1 
w 9 1 
w 10 1 
w 11 1 
w 12 1 
w 13 1 
w 14 1 
w 15 1 
w 16 1 
w 17 1 
w 18 1 
w 19 1 
w 20 1 
w 21 1 
w 22 1 
w 23 1 
w 24 1 
w 25 1 
w 26 1 
w 27 1 
w 28 1 
w 29 1 
w 31 1 
w 32 1 
w 33 1 
w 5 0 
w 6 0 
w 7 0 
w 8 0 
w 9 0 
w 10 0 
w 11 0 
w 12 0 
w 13 0 
w 14 0 
w 15 0 
w 16 0 
w 17 0 
w 18 0 
w 19 0 
w 20 0 
w 21 0 
w 22 0 
w 23 0 
w 24 0 
w 25 0 
w 26 0 
w 27 0 
w 28 0 
w 29 0 
p 2 19 
p 9 19 
p 10 19 
p 12 19 
p 13 19 
p 16 19 
p 17 19 
p 18 19 
p 19 19 
p 21 19 
p 23 19 
p 27 19 
p 28 19 
p 30 19 
p 32 19 
p 33 19 
p 7 18 
p 19 18 
p 27 18 
p 5 17 
p 7 17 
p 8 17 
p 10 17 
p 11 17 
p 12 17 
p 19 17 
p 20 17 
p 21 17 
p 22 17 
p 24 17 
p 27 17 
p 29 17 
p 34 17 
p 0 16 
p 1 16 
p 6 16 
p 24 16 
p 29 16 
p 30 16 
p 32 16 
p 33 16 
p 34 16 
p 7 15 
p 8 15 
p 9 15 
p 10 15 
p 15 15 
p 16 15 
p 19 15 
p 20 15 
p 22 15 
p 23 15 
p 26 15 
p 33 15 
p 3 14 
p 4 14 
p 6 14 
p 29 14 
p 31 14 
p 33 14 
p 1 13 
p 7 13 
p 9 13 
p 10 13 
p 12 13 
p 14 13 
p 15 13 
p 17 13 
p 19 13 
p 21 13 
p 23 13 
p 25 13 
p 28 13 
p 31 13 
p 2 12 
p 3 12 
p 21 12 
p 31 12 
p 3 11 
p 10 11 
p 11 11 
p 12 11 
p 21 11 
p 22 11 
p 23 11 
p 28 11 
p 1 10 
p 3 10 
p 6 10 
p 13 10 
p 28 10 
p 31 10 
p 33 10 
p 34 10 
p 0 9 
p 4 9 
p 30 9 
p 34 9 
p 1 8 
p 6 8 
p 16 8 
p 19 8 
p 30 8 
p 33 8 
p 34 8 
p 5 7 
p 28 7 
p 29 7 
p 0 6 
p 2 6 
p 3 6 
p 4 6 
p 6 6 
p 30 6 
p 33 6 
p 34 6 
p 0 5 
p 4 5 
p 5 5 
p 28 5 
p 34 5 
p 1 4 
p 2 4 
p 3 4 
p 34 4 
p 0 3 
p 1 2 
p 30 2 
p 33 2 
p 0 1 
p 30 1 
p 0 0 
p 2 0 
p 4 0 
p 34 0 
p 3 19 
p 8 19 
p 11 19 
p 14 19 
p 26 19 
p 29 19 
p 31 19 
p 34 19 
t 1400 0 
m 0 19 
1 34 1 
2 34 1 
3 34 1 
t 1399 0 
m 0 18 
1 34 2 
2 34 2 
3 34 2 
t 1398 0 
m 0 17 
1 34 3 
2 34 3 
3 34 3 
t 1397 0 
m 0 18 
1 34 4 
2 34 4 
3 34 4 
t 1396 0 
m 0 17 
1 34 5 
2 34 5 
3 34 5 
t 1395 0 
m 0 16 
1 34 6 
2 34 6 
3 34 6 
t 1394 1 
m 1 16 
1 34 7 
2 34 7 
3 34 7 
t 1393 2 
m 1 15 
1 34 8 
2 34 8 
3 34 8 
t 1392 2 
m 1 15 
1 34 9 
2 34 9 
3 34 9 
t 1391 2 
m 1 15 
1 34 10 
2 34 10 
3 34 10 
t 1390 2 
m 1 14 
1 33 10 
2 33 10 
3 33 10 
t 1389 2 
m 1 15 
1 32 10 
2 32 10 
3 32 10 
t 1388 2 
m 1 14 
1 31 10 
2 31 10 
3 31 10 
t 1387 2 
m 1 14 
1 31 11 
2 31 11 
3 31 11 
t 1386 2 
m 1 15 
1 31 12 
2 31 12 
3 31 12 
t 1385 2 
m 1 16 
1 31 13 
2 31 13 
3 31 13 
t 1384 2 
m 2 16 
1 31 14 
2 31 14 
3 31 14 
t 1383 2 
m 2 16 
1 30 14 
2 30 14 
3 30 14 
t 1382 2 
m 2 16 
1 29 14 
2 29 14 
3 29 14 
t 1381 2 
m 1 16 
1 28 14 
2 28 14 
3 28 14 
t 1380 2 
m 2 16 
1 28 15 
2 28 15 
3 28 15 
t 1379 2 
m 3 16 
1 27 15 
2 27 15 
3 27 15 
t 1378 2 
m 2 16 
1 26 15 
2 26 15 
3 26 15 
t 1377 2 
m 1 16 
1 25 15 
2 25 15 
3 25 15 
t 1376 2 
m 1 16 
1 24 15 
2 24 15 
3 24 15 
t 1375 2 
m 1 16 
1 23 15 
2 23 15 
3 23 15 
t 1374 2 
m 0 16 
1 22 15 
2 22 15 
3 22 15 
t 1373 2 
m 0 17 
1 21 15 
2 21 15 
3 21 15 
t 1372 2 
m 0 16 
1 20 15 
2 20 15 
3 20 15 
t 1371 2 
m 0 17 
1 19 15 
2 19 15 
3 19 15 
t 1370 2 
m 0 18 
1 18 15 
2 18 15 
3 18 15 
t 1369 2 
m 0 18 
1 17 15 
2 17 15 
3 17 15 
t 1368 2 
m 0 18 
1 16 15 
2 16 15 
3 16 15 
t 1367 2 
m 0 18 
1 15 15 
2 15 15 
3 15 15 
t 1366 2 
m 0 18 
1 14 15 
2 14 15 
3 14 15 
t 1365 2 
m 0 19 
1 13 15 
2 13 15 
3 13 15 
t 1364 2 
m 0 19 
1 12 15 
2 12 15 
3 12 15 
t 1363 2 
m 0 18 
1 11 15 
2 11 15 
3 11 15 
t 1362 2 
m 0 19 
1 10 15 
2 10 15 
3 10 15 
t 1361 2 
m 1 19 
1 10 16 
2 10 16 
3 10 16 
t 1360 2 
m 0 19 
1 10 17 
2 10 17 
3 10 17 
t 1359 2 
m 0 19 
1 10 18 
2 10 18 
3 10 18 
t 1358 2 
m 0 19 
1 10 19 
2 10 19 
3 10 19 
t 1357 2 
m 0 19 
1 9 19 
2 9 19 
3 9 19 
t 1356 2 
m 1 19 
1 8 19 
2 8 19 
3 8 19 
t 1355 2 
m 2 19 
1 7 19 
2 7 19 
3 7 19 
t 1354 3 
m 3 19 
1 6 19 
2 6 19 
3 6 19 
t 1353 3 
m 2 19 
1 5 19 
2 5 19 
3 5 19 
t 1352 3 
m 1 19 
1 4 19 
2 4 19 
3 4 19 
t 1351 3 
m 0 19 
1 3 19 
2 3 19 
3 3 19 
t 1350 3 
m 0 18 
1 2 19 
2 2 19 
3 2 19 
t 1349 3 
m 0 18 
1 1 19 
2 1 19 
3 1 19 
t 1348 3 
m 0 17 
1 0 19 
2 0 19 
3 0 19 
t 1347 3 
m 0 16 
1 0 18 
2 0 18 
3 0 18 
t 1346 3 
m 0 16 
1 0 17 
2 0 17 
3 0 17 
t 1345 3 
m 1 16 
1 0 16 
2 0 16 
3 0 16 
t 1344 3 
m 1 15 
1 1 16 
2 1 16 
3 1 16 
t 1343 3 
m 1 14 
1 1 15 
2 1 15 
3 1 15 
t 1342 3 
m 1 13 
1 1 14 
2 1 14 
3 1 14 
t 1341 4 
m 1 12 
1 1 13 
2 1 13 
3 1 13 
t 1340 4 
m 2 12 
1 1 12 
2 1 12 
3 1 12 
t 1339 5 
m 3 12 
1 2 12 
2 2 12 
3 2 12 
t 1338 5 
m 4 12 
1 3 12 
2 3 12 
3 3 12 
t 1337 5 
m 5 12 
1 4 12 
2 4 12 
3 4 12 
t 1336 5 
m 6 12 
1 5 12 
2 5 12 
3 5 12 
t 1335 5 
m 6 13 
1 6 12 
2 6 12 
3 6 12 
t 1334 5 
m 7 13 
1 6 13 
2 6 13 
3 6 13 
t 1333 6 
m 8 13 
1 7 13 
2 7 13 
3 7 13 
t 1332 6 
m 9 13 
1 8 13 
2 8 13 
3 8 13 
t 1331 7 
m 10 13 
1 9 13 
2 9 13 
3 9 13 
t 1330 7 
m 10 12 
1 10 13 
2 10 13 
3 10 13 
t 1329 7 
m 10 11 
1 10 12 
2 10 12 
3 10 12 
t 1328 8 
m 11 11 
1 10 11 
2 10 11 
3 10 11 
t 1327 9 
m 12 11 
1 11 11 
2 11 11 
3 11 11 
t 1326 10 
m 13 11 
1 12 11 
2 12 11 
3 12 11 
t 1325 10 
m 13 10 
1 13 11 
2 13 11 
3 13 11 
t 1324 10 
m 13 9 
1 13 10 
2 13 10 
3 13 10 
t 1323 10 
m 13 8 
1 13 9 
2 13 9 
3 13 9 
t 1322 10 
m 14 8 
1 13 8 
2 13 8 
3 13 8 
t 1321 10 
m 15 8 
1 14 8 
2 14 8 
3 14 8 
t 1320 10 
m 16 8 
1 15 8 
2 15 8 
3 15 8 
t 1319 11 
m 17 8 
1 16 8 
2 16 8 
3 16 8 
t 1318 11 
m 18 8 
1 17 8 
2 17 8 
3 17 8 
t 1317 11 
m 19 8 
1 18 8 
2 18 8 
3 18 8 
t 1316 12 
m 20 8 
1 19 8 
2 19 8 
3 19 8 
t 1315 12 
m 21 8 
1 20 8 
2 20 8 
3 20 8 
t 1314 12 
m 21 9 
1 21 8 
2 21 8 
3 21 8 
t 1313 12 
m 21 10 
1 21 9 
2 21 9 
3 21 9 
t 1312 12 
m 21 11 
1 21 10 
2 21 10 
3 21 10 
t 1311 12 
m 21 12 
1 21 11 
2 21 11 
3 21 11 
t 1310 13 
m 21 13 
1 21 12 
2 21 12 
3 21 12 
t 1309 14 
m 20 13 
1 21 13 
2 21 13 
3 21 13 
t 1308 14 
m 19 13 
1 20 13 
2 20 13 
3 20 13 
t 1307 14 
m 19 14 
1 19 13 
2 19 13 
3 19 13 
t 1306 14 
m 19 15 
1 19 14 
2 19 14 
3 19 14 
t 1305 15 
m 18 15 
1 19 15 
2 19 15 
3 19 15 
t 1304 15 
m 17 15 
1 18 15 
2 18 15 
3 18 15 
t 1303 15 
m 16 15 
1 17 15 
2 17 15 
3 17 15 
t 1302 16 
m 15 15 
1 16 15 
2 16 15 
3 16 15 
t 1301 17 
m 15 14 
1 15 15 
2 15 15 
3 15 15 
t 1300 17 
m 15 13 
1 15 14 
2 15 14 
3 15 14 
t 1299 17 
m 14 13 
1 15 13 
2 15 13 
3 15 13 
t 1298 18 
m 13 13 
1 14 13 
2 14 13 
3 14 13 
t 1297 18 
m 12 13 
1 13 13 
2 13 13 
3 13 13 
t 1296 19 
m 11 13 
1 12 13 
2 12 13 
3 12 13 
t 1295 19 
m 10 13 
1 11 13 
2 11 13 
3 11 13 
t 1294 19 
m 9 13 
1 10 13 
2 10 13 
3 10 13 
t 1293 19 
m 8 13 
1 9 13 
2 9 13 
3 9 13 
t 1292 19 
m 7 13 
1 8 13 
2 8 13 
3 8 13 
t 1291 19 
m 6 13 
1 7 13 
2 7 13 
3 7 13 
t 1290 19 
m 6 14 
1 6 13 
2 6 13 
3 6 13 
t 1289 19 
m 6 15 
1 6 14 
2 6 14 
3 6 14 
t 1288 19 
m 6 16 
1 6 15 
2 6 15 
3 6 15 
t 1287 20 
m 5 16 
1 6 16 
2 6 16 
3 6 16 
t 1286 20 
m 4 16 
1 5 16 
2 5 16 
3 5 16 
t 1285 20 
m 4 15 
1 4 16 
2 4 16 
3 4 16 
t 1284 20 
m 4 14 
1 4 15 
2 4 15 
3 4 15 
t 1283 21 
m 5 14 
1 4 14 
2 4 14 
3 4 14 
t 1282 21 
m 6 14 
1 5 14 
2 5 14 
3 5 14 
t 1281 21 
m 6 15 
1 6 14 
2 6 14 
3 6 14 
t 1280 21 
m 7 15 
1 6 15 
2 6 15 
3 6 15 
t 1279 21 
m 8 15 
1 7 15 
2 7 15 
3 7 15 
t 1278 22 
m 9 15 
1 8 15 
2 8 15 
3 8 15 
t 1277 23 
m 10 15 
1 9 15 
2 9 15 
3 9 15 
t 1276 24 
m 10 16 
1 10 15 
2 10 15 
3 10 15 
t 1275 24 
m 10 17 
1 10 16 
2 10 16 
3 10 16 
t 1274 24 
m 9 17 
1 10 17 
2 10 17 
3 10 17 
t 1273 24 
m 8 17 
1 9 17 
2 9 17 
3 9 17 
t 1272 25 
m 7 17 
1 8 17 
2 8 17 
3 8 17 
t 1271 26 
m 7 18 
1 7 17 
2 7 17 
3 7 17 
t 1270 26 
m 7 19 
1 7 18 
2 7 18 
3 7 18 
t 1269 26 
m 6 19 
1 7 19 
2 7 19 
3 7 19 
t 1268 26 
m 5 19 
1 6 19 
2 6 19 
3 6 19 
t 1267 26 
m 5 18 
1 5 19 
2 5 19 
3 5 19 
t 1266 26 
m 5 17 
1 5 18 
2 5 18 
3 5 18 
t 1265 27 
m 5 16 
1 5 17 
2 5 17 
3 5 17 
t 1264 27 
m 6 16 
1 5 16 
2 5 16 
3 5 16 
t 1263 27 
m 6 15 
1 6 16 
2 6 16 
3 6 16 
t 1262 27 
m 6 14 
1 6 15 
2 6 15 
3 6 15 
t 1261 27 
m 6 13 
1 6 14 
2 6 14 
3 6 14 
t 1260 27 
m 6 12 
1 6 13 
2 6 13 
3 6 13 
t 1259 27 
m 5 12 
1 6 12 
2 6 12 
3 6 12 
t 1258 27 
m 4 12 
1 5 12 
2 5 12 
3 5 12 
t 1257 27 
m 3 12 
1 4 12 
2 4 12 
3 4 12 
t 1256 27 
m 3 13 
1 3 12 
2 3 12 
3 3 12 
t 1255 27 
m 3 14 
1 3 13 
2 3 13 
3 3 13 
t 1254 28 
m 4 14 
1 3 14 
2 3 14 
3 3 14 
t 1253 28 
m 5 14 
1 4 14 
2 4 14 
3 4 14 
t 1252 28 
m 6 14 
1 5 14 
2 5 14 
3 5 14 
t 1251 28 
m 6 15 
1 6 14 
2 6 14 
3 6 14 
t 1250 28 
m 6 16 
1 6 15 
2 6 15 
3 6 15 
t 1249 28 
m 5 16 
1 6 16 
2 6 16 
3 6 16 
t 1248 28 
m 5 17 
1 5 16 
2 5 16 
3 5 16 
t 1247 28 
m 5 18 
1 5 17 
2 5 17 
3 5 17 
t 1246 28 
m 5 19 
1 5 18 
2 5 18 
3 5 18 
t 1245 28 
m 4 19 
1 5 19 
2 5 19 
3 5 19 
t 1244 28 
m 3 19 
1 4 19 
2 4 19 
3 4 19 
t 1243 28 
m 2 19 
1 3 19 
2 3 19 
3 3 19 
t 1242 28 
m 1 19 
1 2 19 
2 2 19 
3 2 19 
t 1241 28 
m 0 19 
1 1 19 
2 1 19 
3 1 19 
t 1240 28 
m 0 18 
1 0 19 
2 0 19 
3 0 19 
t 1239 28 
m 0 17 
1 0 18 
2 0 18 
3 0 18 
t 1238 28 
m 0 16 
1 0 17 
2 0 17 
3 0 17 
t 1237 28 
m 1 16 
1 0 16 
2 0 16 
3 0 16 
t 1236 28 
m 2 16 
1 1 16 
2 1 16 
3 1 16 
t 1235 28 
m 3 16 
1 2 16 
2 2 16 
3 2 16 
t 1234 28 
m 4 16 
1 3 16 
2 3 16 
3 3 16 
t 1233 28 
m 4 15 
1 4 16 
2 4 16 
3 4 16 
t 1232 28 
m 4 14 
1 4 15 
2 4 15 
3 4 15 
t 1231 28 
m 3 14 
1 4 14 
2 4 14 
3 4 14 
t 1230 28 
m 3 13 
1 3 14 
2 3 14 
3 3 14 
t 1229 28 
m 3 12 
1 3 13 
2 3 13 
3 3 13 
t 1228 28 
m 4 12 
1 3 12 
2 3 12 
3 3 12 
t 1227 28 
m 5 12 
1 4 12 
2 4 12 
3 4 12 
t 1226 28 
m 6 12 
1 5 12 
2 5 12 
3 5 12 
t 1225 28 
m 6 13 
1 6 12 
2 6 12 
3 6 12 
t 1224 28 
m 7 13 
1 6 13 
2 6 13 
3 6 13 
t 1223 28 
m 8 13 
1 7 13 
2 7 13 
3 7 13 
t 1222 28 
m 9 13 
1 8 13 
2 8 13 
3 8 13 
t 1221 28 
m 10 13 
1 9 13 
2 9 13 
3 9 13 
t 1220 28 
m 10 12 
1 10 13 
2 10 13 
3 10 13 
t 1219 28 
m 10 11 
1 10 12 
2 10 12 
3 10 12 
t 1218 28 
m 11 11 
1 10 11 
2 10 11 
3 10 11 
t 1217 28 
m 12 11 
1 11 11 
2 11 11 
3 11 11 
t 1216 28 
m 13 11 
1 12 11 
2 12 11 
3 12 11 
t 1215 28 
m 13 10 
1 13 11 
2 13 11 
3 13 11 
t 1214 28 
m 13 9 
1 13 10 
2 13 10 
3 13 10 
t 1213 28 
m 13 8 
1 13 9 
2 13 9 
3 13 9 
t 1212 28 
m 14 8 
1 13 8 
2 13 8 
3 13 8 
t 1211 28 
m 15 8 
1 14 8 
2 14 8 
3 14 8 
t 1210 28 
m 16 8 
1 15 8 
2 15 8 
3 15 8 
t 1209 28 
m 17 8 
1 16 8 
2 16 8 
3 16 8 
t 1208 28 
m 18 8 
1 17 8 
2 17 8 
3 17 8 
t 1207 28 
m 19 8 
1 18 8 
2 18 8 
3 18 8 
t 1206 28 
m 20 8 
1 19 8 
2 19 8 
3 19 8 
t 1205 28 
m 21 8 
1 20 8 
2 20 8 
3 20 8 
t 1204 28 
m 21 9 
1 21 8 
2 21 8 
3 21 8 
t 1203 28 
m 21 10 
1 21 9 
2 21 9 
3 21 9 
t 1202 28 
m 21 11 
1 21 10 
2 21 10 
3 21 10 
t 1201 28 
m 22 11 
1 21 11 
2 21 11 
3 21 11 
t 1200 28 
m 23 11 
1 22 11 
2 22 11 
3 22 11 
t 1199 29 
m 24 11 
1 23 11 
2 23 11 
3 23 11 
t 1198 29 
m 24 12 
1 24 11 
2 24 11 
3 24 11 
t 1197 29 
m 24 13 
1 24 12 
2 24 12 
3 24 12 
t 1196 29 
m 23 13 
1 24 13 
2 24 13 
3 24 13 
t 1195 30 
m 22 13 
1 23 13 
2 23 13 
3 23 13 
t 1194 30 
m 21 13 
1 22 13 
2 22 13 
3 22 13 
t 1193 30 
m 20 13 
1 21 13 
2 21 13 
3 21 13 
t 1192 30 
m 19 13 
1 20 13 
2 20 13 
3 20 13 
t 1191 30 
m 19 14 
1 19 13 
2 19 13 
3 19 13 
t 1190 30 
m 19 15 
1 19 14 
2 19 14 
3 19 14 
t 1189 30 
m 20 15 
1 19 15 
2 19 15 
3 19 15 
t 1188 31 
m 21 15 
1 20 15 
2 20 15 
3 20 15 
t 1187 31 
m 22 15 
1 21 15 
2 21 15 
3 21 15 
t 1186 31 
m 23 15 
1 22 15 
2 22 15 
3 22 15 
t 1185 32 
m 24 15 
1 23 15 
2 23 15 
3 23 15 
t 1184 32 
m 24 16 
1 24 15 
2 24 15 
3 24 15 
t 1183 33 
m 24 17 
1 24 16 
2 24 16 
3 24 16 
t 1182 33 
m 25 17 
1 24 17 
2 24 17 
3 24 17 
t 1181 33 
m 26 17 
1 25 17 
2 25 17 
3 25 17 
t 1180 33 
m 27 17 
1 26 17 
2 26 17 
3 26 17 
t 1179 34 
m 27 18 
1 27 17 
2 27 17 
3 27 17 
t 1178 35 
m 27 19 
1 27 18 
2 27 18 
3 27 18 
t 1177 35 
m 26 19 
1 27 19 
2 27 19 
3 27 19 
t 1176 36 
m 25 19 
1 26 19 
2 26 19 
3 26 19 
t 1175 36 
m 24 19 
1 25 19 
2 25 19 
3 25 19 
t 1174 36 
m 24 18 
1 24 19 
2 24 19 
3 24 19 
t 1173 36 
m 24 17 
1 24 18 
2 24 18 
3 24 18 
t 1172 36 
m 23 17 
1 24 17 
2 24 17 
3 24 17 
t 1171 36 
m 22 17 
1 23 17 
2 23 17 
3 23 17 
t 1170 37 
m 21 17 
1 22 17 
2 22 17 
3 22 17 
t 1169 38 
m 20 17 
1 21 17 
2 21 17 
3 21 17 
t 1168 38 
m 19 17 
1 20 17 
2 20 17 
3 20 17 
t 1167 39 
m 19 18 
1 19 17 
2 19 17 
3 19 17 
t 1166 40 
m 19 19 
1 19 18 
2 19 18 
3 19 18 
t 1165 40 
m 20 19 
1 19 19 
2 19 19 
3 19 19 
t 1164 40 
m 21 19 
1 20 19 
2 20 19 
3 20 19 
t 1163 41 
m 22 19 
1 21 19 
2 21 19 
3 21 19 
t 1162 41 
m 23 19 
1 22 19 
2 22 19 
3 22 19 
t 1161 42 
m 24 19 
1 23 19 
2 23 19 
3 23 19 
t 1160 42 
m 25 19 
1 24 19 
2 24 19 
3 24 19 
t 1159 42 
m 26 19 
1 25 19 
2 25 19 
3 25 19 
t 1158 42 
m 27 19 
1 26 19 
2 26 19 
3 26 19 
t 1157 42 
m 27 18 
1 27 19 
2 27 19 
3 27 19 
t 1156 42 
m 27 17 
1 27 18 
2 27 18 
3 27 18 
t 1155 42 
m 26 17 
1 27 17 
2 27 17 
3 27 17 
t 1154 42 
m 25 17 
1 26 17 
2 26 17 
3 26 17 
t 1153 42 
m 24 17 
1 25 17 
2 25 17 
3 25 17 
t 1152 42 
m 23 17 
1 24 17 
2 24 17 
3 24 17 
t 1151 42 
m 22 17 
1 23 17 
2 23 17 
3 23 17 
t 1150 42 
m 21 17 
1 22 17 
2 22 17 
3 22 17 
t 1149 42 
m 20 17 
1 21 17 
2 21 17 
3 21 17 
t 1148 42 
m 19 17 
1 20 17 
2 20 17 
3 20 17 
t 1147 42 
m 19 18 
1 19 17 
2 19 17 
3 19 17 
t 1146 42 
m 19 19 
1 19 18 
2 19 18 
3 19 18 
t 1145 42 
m 20 19 
1 19 19 
2 19 19 
3 19 19 
t 1144 42 
m 21 19 
1 20 19 
2 20 19 
3 20 19 
t 1143 42 
m 22 19 
1 21 19 
2 21 19 
3 21 19 
t 1142 42 
m 23 19 
1 22 19 
2 22 19 
3 22 19 
t 1141 42 
m 24 19 
1 23 19 
2 23 19 
3 23 19 
t 1140 42 
m 25 19 
1 24 19 
2 24 19 
3 24 19 
t 1139 42 
m 26 19 
1 25 19 
2 25 19 
3 25 19 
t 1138 42 
m 27 19 
1 26 19 
2 26 19 
3 26 19 
t 1137 42 
m 27 18 
1 27 19 
2 27 19 
3 27 19 
t 1136 42 
m 27 17 
1 27 18 
2 27 18 
3 27 18 
t 1135 42 
m 26 17 
1 27 17 
2 27 17 
3 27 17 
t 1134 42 
m 25 17 
1 26 17 
2 26 17 
3 26 17 
t 1133 42 
m 24 17 
1 25 17 
2 25 17 
3 25 17 
t 1132 42 
m 23 17 
1 24 17 
2 24 17 
3 24 17 
t 1131 42 
m 22 17 
1 23 17 
2 23 17 
3 23 17 
t 1130 42 
m 21 17 
1 22 17 
2 22 17 
3 22 17 
t 1129 42 
m 20 17 
1 21 17 
2 21 17 
3 21 17 
t 1128 42 
m 19 17 
1 20 17 
2 20 17 
3 20 17 
t 1127 42 
m 19 18 
1 19 17 
2 19 17 
3 19 17 
t 1126 42 
m 19 19 
1 19 18 
2 19 18 
3 19 18 
t 1125 42 
m 18 19 
1 19 19 
2 19 19 
3 19 19 
t 1124 42 
m 17 19 
1 18 19 
2 18 19 
3 18 19 
t 1123 43 
m 16 19 
1 17 19 
2 17 19 
3 17 19 
t 1122 44 
m 15 19 
1 16 19 
2 16 19 
3 16 19 
t 1121 44 
m 15 18 
1 15 19 
2 15 19 
3 15 19 
t 1120 44 
m 15 17 
1 15 18 
2 15 18 
3 15 18 
t 1119 44 
m 14 17 
1 15 17 
2 15 17 
3 15 17 
t 1118 44 
m 13 17 
1 14 17 
2 14 17 
3 14 17 
t 1117 44 
m 12 17 
1 13 17 
2 13 17 
3 13 17 
t 1116 45 
m 11 17 
1 12 17 
2 12 17 
3 12 17 
t 1115 45 
m 10 17 
1 11 17 
2 11 17 
3 11 17 
t 1114 45 
m 10 18 
1 10 17 
2 10 17 
3 10 17 
t 1113 45 
m 10 19 
1 10 18 
2 10 18 
3 10 18 
t 1112 46 
m 9 19 
1 10 19 
2 10 19 
3 10 19 
t 1111 47 
m 8 19 
1 9 19 
2 9 19 
3 9 19 
t 1110 47 
m 7 19 
1 8 19 
2 8 19 
3 8 19 
t 1109 47 
m 7 18 
1 7 19 
2 7 19 
3 7 19 
t 1108 47 
m 7 17 
1 7 18 
2 7 18 
3 7 18 
t 1107 47 
m 8 17 
1 7 17 
2 7 17 
3 7 17 
t 1106 47 
m 9 17 
1 8 17 
2 8 17 
3 8 17 
t 1105 47 
m 10 17 
1 9 17 
2 9 17 
3 9 17 
t 1104 47 
m 10 16 
1 10 17 
2 10 17 
3 10 17 
t 1103 47 
m 10 15 
1 10 16 
2 10 16 
3 10 16 
t 1102 47 
m 11 15 
1 10 15 
2 10 15 
3 10 15 
t 1101 47 
m 12 15 
1 11 15 
2 11 15 
3 11 15 
t 1100 47 
m 13 15 
1 12 15 
2 12 15 
3 12 15 
t 1099 47 
m 14 15 
1 13 15 
2 13 15 
3 13 15 
t 1098 47 
m 15 15 
1 14 15 
2 14 15 
3 14 15 
t 1097 47 
m 15 14 
1 15 15 
2 15 15 
3 15 15 
t 1096 47 
m 15 13 
1 15 14 
2 15 14 
3 15 14 
t 1095 47 
m 16 13 
1 15 13 
2 15 13 
3 15 13 
t 1094 47 
m 17 13 
1 16 13 
2 16 13 
3 16 13 
t 1093 48 
m 18 13 
1 17 13 
2 17 13 
3 17 13 
t 1092 48 
m 19 13 
1 18 13 
2 18 13 
3 18 13 
t 1091 48 
m 19 14 
1 19 13 
2 19 13 
3 19 13 
t 1090 48 
m 19 15 
1 19 14 
2 19 14 
3 19 14 
t 1089 48 
m 18 15 
1 19 15 
2 19 15 
3 19 15 
t 1088 48 
m 17 15 
1 18 15 
2 18 15 
3 18 15 
t 1087 48 
m 16 15 
1 17 15 
2 17 15 
3 17 15 
t 1086 48 
m 15 15 
1 16 15 
2 16 15 
3 16 15 
t 1085 48 
m 15 14 
1 15 15 
2 15 15 
3 15 15 
t 1084 48 
m 15 13 
1 15 14 
2 15 14 
3 15 14 
t 1083 48 
m 16 13 
1 15 13 
2 15 13 
3 15 13 
t 1082 48 
m 17 13 
1 16 13 
2 16 13 
3 16 13 
t 1081 48 
m 18 13 
1 17 13 
2 17 13 
3 17 13 
t 1080 48 
m 19 13 
1 18 13 
2 18 13 
3 18 13 
t 1079 48 
m 20 13 
1 19 13 
2 19 13 
3 19 13 
t 1078 48 
m 21 13 
1 20 13 
2 20 13 
3 20 13 
t 1077 48 
m 21 12 
1 21 13 
2 21 13 
3 21 13 
t 1076 48 
m 21 11 
1 21 12 
2 21 12 
3 21 12 
t 1075 48 
m 22 11 
1 21 11 
2 21 11 
3 21 11 
t 1074 48 
m 23 11 
1 22 11 
2 22 11 
3 22 11 
t 1073 48 
m 24 11 
1 23 11 
2 23 11 
3 23 11 
t 1072 48 
m 24 12 
1 24 11 
2 24 11 
3 24 11 
t 1071 48 
m 24 13 
1 24 12 
2 24 12 
3 24 12 
t 1070 48 
m 25 13 
1 24 13 
2 24 13 
3 24 13 
t 1069 49 
m 26 13 
1 25 13 
2 25 13 
3 25 13 
t 1068 49 
m 27 13 
1 26 13 
2 26 13 
3 26 13 
t 1067 49 
m 28 13 
1 27 13 
2 27 13 
3 27 13 
t 1066 49 
m 28 12 
1 28 13 
2 28 13 
3 28 13 
t 1065 49 
m 29 12 
1 28 12 
2 28 12 
3 28 12 
t 1064 49 
m 30 12 
1 29 12 
2 29 12 
3 29 12 
t 1063 49 
m 31 12 
1 30 12 
2 30 12 
3 30 12 
t 1062 50 
m 31 11 
1 31 12 
2 31 12 
3 31 12 
t 1061 50 
m 31 10 
1 31 11 
2 31 11 
3 31 11 
t 1060 51 
m 30 10 
1 31 10 
2 31 10 
3 31 10 
t 1059 51 
m 30 9 
1 30 10 
2 30 10 
3 30 10 
t 1058 52 
m 30 8 
1 30 9 
2 30 9 
3 30 9 
t 1057 52 
m 30 7 
1 30 8 
2 30 8 
3 30 8 
t 1056 52 
m 29 7 
1 30 7 
2 30 7 
3 30 7 
t 1055 53 
m 28 7 
1 29 7 
2 29 7 
3 29 7 
t 1054 54 
m 28 8 
1 28 7 
2 28 7 
3 28 7 
t 1053 54 
m 28 9 
1 28 8 
2 28 8 
3 28 8 
t 1052 54 
m 28 10 
1 28 9 
2 28 9 
3 28 9 
t 1051 54 
m 28 11 
1 28 10 
2 28 10 
3 28 10 
t 1050 55 
m 28 12 
1 28 11 
2 28 11 
3 28 11 
t 1049 55 
m 29 12 
1 28 12 
2 28 12 
3 28 12 
t 1048 55 
m 30 12 
1 29 12 
2 29 12 
3 29 12 
t 1047 55 
m 31 12 
1 30 12 
2 30 12 
3 30 12 
t 1046 55 
m 31 13 
1 31 12 
2 31 12 
3 31 12 
t 1045 56 
m 31 14 
1 31 13 
2 31 13 
3 31 13 
t 1044 56 
m 30 14 
1 31 14 
2 31 14 
3 31 14 
t 1043 56 
m 30 15 
1 30 14 
2 30 14 
3 30 14 
t 1042 56 
m 30 16 
1 30 15 
2 30 15 
3 30 15 
t 1041 57 
m 31 16 
1 30 16 
2 30 16 
3 30 16 
t 1040 57 
m 32 16 
1 31 16 
2 31 16 
3 31 16 
t 1039 58 
m 33 16 
1 32 16 
2 32 16 
3 32 16 
t 1038 59 
m 33 15 
1 33 16 
2 33 16 
3 33 16 
t 1037 59 
m 33 14 
1 33 15 
2 33 15 
3 33 15 
t 1036 60 
m 33 13 
1 33 14 
2 33 14 
3 33 14 
t 1035 60 
m 33 12 
1 33 13 
2 33 13 
3 33 13 
t 1034 60 
m 32 12 
1 33 12 
2 33 12 
3 33 12 
t 1033 60 
m 31 12 
1 32 12 
2 32 12 
3 32 12 
t 1032 60 
m 31 13 
1 31 12 
2 31 12 
3 31 12 
t 1031 60 
m 31 14 
1 31 13 
2 31 13 
3 31 13 
t 1030 60 
m 30 14 
1 31 14 
2 31 14 
3 31 14 
t 1029 60 
m 29 14 
1 30 14 
2 30 14 
3 30 14 
t 1028 61 
m 28 14 
1 29 14 
2 29 14 
3 29 14 
t 1027 61 
m 28 13 
1 28 14 
2 28 14 
3 28 14 
t 1026 61 
m 28 12 
1 28 13 
2 28 13 
3 28 13 
t 1025 61 
m 29 12 
1 28 12 
2 28 12 
3 28 12 
t 1024 61 
m 30 12 
1 29 12 
2 29 12 
3 29 12 
t 1023 61 
m 31 12 
1 30 12 
2 30 12 
3 30 12 
t 1022 61 
m 31 11 
1 31 12 
2 31 12 
3 31 12 
t 1021 61 
m 31 10 
1 31 11 
2 31 11 
3 31 11 
t 1020 61 
m 30 10 
1 31 10 
2 31 10 
3 31 10 
t 1019 61 
m 30 9 
1 30 10 
2 30 10 
3 30 10 
t 1018 61 
m 30 8 
1 30 9 
2 30 9 
3 30 9 
t 1017 61 
m 30 7 
1 30 8 
2 30 8 
3 30 8 
t 1016 61 
m 29 7 
1 30 7 
2 30 7 
3 30 7 
t 1015 61 
m 28 7 
1 29 7 
2 29 7 
3 29 7 
t 1014 61 
m 28 6 
1 28 7 
2 28 7 
3 28 7 
t 1013 61 
m 28 5 
1 28 6 
2 28 6 
3 28 6 
t 1012 61 
m 29 5 
1 28 5 
2 28 5 
3 28 5 
t 1011 61 
m 30 5 
1 29 5 
2 29 5 
3 29 5 
t 1010 61 
m 30 4 
1 30 5 
2 30 5 
3 30 5 
t 1009 61 
m 30 3 
1 30 4 
2 30 4 
3 30 4 
t 1008 61 
m 30 2 
1 30 3 
2 30 3 
3 30 3 
t 1007 62 
m 31 2 
1 30 2 
2 30 2 
3 30 2 
t 1006 62 
m 32 2 
1 31 2 
2 31 2 
3 31 2 
t 1005 62 
m 33 2 
1 32 2 
2 32 2 
3 32 2 
t 1004 63 
m 34 2 
1 33 2 
2 33 2 
3 33 2 
t 1003 63 
m 34 3 
1 34 2 
2 34 2 
3 34 2 
t 1002 63 
m 34 4 
1 34 3 
2 34 3 
3 34 3 
t 1001 63 
m 33 4 
1 34 4 
2 34 4 
3 34 4 
t 1000 63 
m 32 4 
1 33 4 
2 33 4 
3 33 4 
t 999 63 
m 31 4 
1 32 4 
2 32 4 
3 32 4 
t 998 63 
m 30 4 
1 31 4 
2 31 4 
3 31 4 
t 997 63 
m 30 5 
1 30 4 
2 30 4 
3 30 4 
t 996 63 
m 30 6 
1 30 5 
2 30 5 
3 30 5 
t 995 64 
m 31 6 
1 30 6 
2 30 6 
3 30 6 
t 994 64 
m 32 6 
1 31 6 
2 31 6 
3 31 6 
t 993 64 
m 32 7 
1 32 6 
2 32 6 
3 32 6 
t 992 64 
m 32 8 
1 32 7 
2 32 7 
3 32 7 
t 991 64 
m 33 8 
1 32 8 
2 32 8 
3 32 8 
t 990 65 
m 34 8 
1 33 8 
2 33 8 
3 33 8 
t 989 66 
m 34 7 
1 34 8 
2 34 8 
3 34 8 
t 988 66 
m 34 6 
1 34 7 
2 34 7 
3 34 7 
t 987 66 
m 33 6 
1 34 6 
2 34 6 
3 34 6 
t 986 67 
m 32 6 
1 33 6 
2 33 6 
3 33 6 
t 985 67 
m 31 6 
1 32 6 
2 32 6 
3 32 6 
t 984 67 
m 30 6 
1 31 6 
2 31 6 
3 31 6 
t 983 67 
m 30 7 
1 30 6 
2 30 6 
3 30 6 
t 982 67 
m 30 8 
1 30 7 
2 30 7 
3 30 7 
t 981 67 
m 31 8 
1 30 8 
2 30 8 
3 30 8 
t 980 67 
m 32 8 
1 31 8 
2 31 8 
3 31 8 
t 979 67 
m 33 8 
1 32 8 
2 32 8 
3 32 8 
t 978 67 
m 34 8 
1 33 8 
2 33 8 
3 33 8 
t 977 67 
m 34 7 
1 34 8 
2 34 8 
3 34 8 
t 976 67 
m 34 6 
1 34 7 
2 34 7 
3 34 7 
t 975 67 
m 33 6 
1 34 6 
2 34 6 
3 34 6 
t 974 67 
m 32 6 
1 33 6 
2 33 6 
3 33 6 
t 973 67 
m 32 7 
1 32 6 
2 32 6 
3 32 6 
t 972 67 
m 32 8 
1 32 7 
2 32 7 
3 32 7 
t 971 67 
m 31 8 
1 32 8 
2 32 8 
3 32 8 
t 970 67 
m 30 8 
1 31 8 
2 31 8 
3 31 8 
t 969 67 
m 30 7 
1 30 8 
2 30 8 
3 30 8 
t 968 67 
m 30 6 
1 30 7 
2 30 7 
3 30 7 
t 967 67 
m 31 6 
1 30 6 
2 30 6 
3 30 6 
t 966 67 
m 32 6 
1 31 6 
2 31 6 
3 31 6 
t 965 67 
m 33 6 
1 32 6 
2 32 6 
3 32 6 
t 964 67 
m 34 6 
1 33 6 
2 33 6 
3 33 6 
t 963 67 
m 34 7 
1 34 6 
2 34 6 
3 34 6 
t 962 67 
m 34 8 
1 34 7 
2 34 7 
3 34 7 
t 961 67 
m 34 9 
1 34 8 
2 34 8 
3 34 8 
t 960 68 
m 34 10 
1 34 9 
2 34 9 
3 34 9 
t 959 68 
m 33 10 
1 34 10 
2 34 10 
3 34 10 
t 958 69 
m 32 10 
1 33 10 
2 33 10 
3 33 10 
t 957 69 
m 31 10 
1 32 10 
2 32 10 
3 32 10 
t 956 69 
m 30 10 
1 31 10 
2 31 10 
3 31 10 
t 955 69 
m 30 9 
1 30 10 
2 30 10 
3 30 10 
t 954 69 
m 30 8 
1 30 9 
2 30 9 
3 30 9 
t 953 69 
m 30 7 
1 30 8 
2 30 8 
3 30 8 
t 952 69 
m 30 6 
1 30 7 
2 30 7 
3 30 7 
t 951 69 
m 31 6 
1 30 6 
2 30 6 
3 30 6 
t 950 69 
m 32 6 
1 31 6 
2 31 6 
3 31 6 
t 949 69 
m 33 6 
1 32 6 
2 32 6 
3 32 6 
t 948 69 
m 34 6 
1 33 6 
2 33 6 
3 33 6 
t 947 69 
m 34 7 
1 34 6 
2 34 6 
3 34 6 
t 946 69 
m 34 8 
1 34 7 
2 34 7 
3 34 7 
t 945 69 
m 33 8 
1 34 8 
2 34 8 
3 34 8 
t 944 69 
m 32 8 
1 33 8 
2 33 8 
3 33 8 
t 943 69 
m 31 8 
1 32 8 
2 32 8 
3 32 8 
t 942 69 
m 30 8 
1 31 8 
2 31 8 
3 31 8 
t 941 69 
m 30 9 
1 30 8 
2 30 8 
3 30 8 
t 940 69 
m 30 10 
1 30 9 
2 30 9 
3 30 9 
t 939 69 
m 31 10 
1 30 10 
2 30 10 
3 30 10 
t 938 69 
m 31 11 
1 31 10 
2 31 10 
3 31 10 
t 937 69 
m 31 12 
1 31 11 
2 31 11 
3 31 11 
t 936 69 
m 31 13 
1 31 12 
2 31 12 
3 31 12 
t 935 69 
m 31 14 
1 31 13 
2 31 13 
3 31 13 
t 934 69 
m 30 14 
1 31 14 
2 31 14 
3 31 14 
t 933 69 
m 30 15 
1 30 14 
2 30 14 
3 30 14 
t 932 69 
m 30 16 
1 30 15 
2 30 15 
3 30 15 
t 931 69 
m 29 16 
1 30 16 
2 30 16 
3 30 16 
t 930 70 
m 29 17 
1 29 16 
2 29 16 
3 29 16 
t 929 70 
m 29 18 
1 29 17 
2 29 17 
3 29 17 
t 928 70 
m 29 19 
1 29 18 
2 29 18 
3 29 18 
t 927 71 
m 30 19 
1 29 19 
2 29 19 
3 29 19 
t 926 72 
m 31 19 
1 30 19 
2 30 19 
3 30 19 
t 925 73 
m 32 19 
1 31 19 
2 31 19 
3 31 19 
t 924 73 
m 33 19 
1 32 19 
2 32 19 
3 32 19 
t 923 74 
m 34 19 
1 33 19 
2 33 19 
3 33 19 
t 922 75 
m 34 18 
1 34 19 
2 34 19 
3 34 19 
t 921 75 
m 34 17 
1 34 18 
2 34 18 
3 34 18 
t 920 75 
m 34 16 
1 34 17 
2 34 17 
3 34 17 
t 919 76 
m 33 16 
1 34 16 
2 34 16 
3 34 16 
t 918 76 
m 33 15 
1 33 16 
2 33 16 
3 33 16 
t 917 76 
m 33 14 
1 33 15 
2 33 15 
3 33 15 
t 916 76 
m 33 13 
1 33 14 
2 33 14 
3 33 14 
t 915 76 
m 33 12 
1 33 13 
2 33 13 
3 33 13 
t 914 76 
m 32 12 
1 33 12 
2 33 12 
3 33 12 
t 913 76 
m 31 12 
1 32 12 
2 32 12 
3 32 12 
t 912 76 
m 30 12 
1 31 12 
2 31 12 
3 31 12 
t 911 76 
m 29 12 
1 30 12 
2 30 12 
3 30 12 
t 910 76 
m 28 12 
1 29 12 
2 29 12 
3 29 12 
t 909 76 
m 28 11 
1 28 12 
2 28 12 
3 28 12 
t 908 76 
m 28 10 
1 28 11 
2 28 11 
3 28 11 
t 907 76 
m 28 9 
1 28 10 
2 28 10 
3 28 10 
t 906 76 
m 28 8 
1 28 9 
2 28 9 
3 28 9 
t 905 76 
m 28 7 
1 28 8 
2 28 8 
3 28 8 
t 904 76 
m 28 6 
1 28 7 
2 28 7 
3 28 7 
t 903 76 
m 28 5 
1 28 6 
2 28 6 
3 28 6 
t 902 76 
m 29 5 
1 28 5 
2 28 5 
3 28 5 
t 901 76 
m 30 5 
1 29 5 
2 29 5 
3 29 5 
t 900 76 
m 30 4 
1 30 5 
2 30 5 
3 30 5 
t 899 76 
m 30 3 
1 30 4 
2 30 4 
3 30 4 
t 898 76 
m 30 2 
1 30 3 
2 30 3 
3 30 3 
t 897 76 
m 30 1 
1 30 2 
2 30 2 
3 30 2 
t 896 77 
m 30 0 
1 30 1 
2 30 1 
3 30 1 
t 895 77 
m 31 0 
1 30 0 
2 30 0 
3 30 0 
t 894 77 
m 32 0 
1 31 0 
2 31 0 
3 31 0 
t 893 77 
m 33 0 
1 32 0 
2 32 0 
3 32 0 
t 892 77 
m 34 0 
1 33 0 
2 33 0 
3 33 0 
t 891 77 
m 34 1 
1 34 0 
2 34 0 
3 34 0 
t 890 77 
m 34 2 
1 34 1 
2 34 1 
3 34 1 
t 889 77 
m 33 2 
1 34 2 
2 34 2 
3 34 2 
t 888 77 
f 30 2 
m 32 2 
1 33 2 
2 33 2 
3 33 2 
t 887 77 
m 31 2 
1 32 2 
2 32 2 
3 32 2 
t 886 77 
m 30 2 
1 31 2 
2 31 2 
3 31 2 
t 885 87 
m 30 1 
1 30 2 
2 30 2 
3 30 2 
t 884 87 
m 30 0 
1 30 1 
2 30 1 
3 30 1 
t 883 87 
m 31 0 
1 30 0 
2 30 0 
3 30 0 
t 882 87 
m 32 0 
1 31 0 
2 31 0 
3 31 0 
t 881 87 
m 33 0 
1 32 0 
2 32 0 
3 32 0 
t 880 87 
m 34 0 
1 33 0 
2 33 0 
3 33 0 
t 879 87 
m 34 1 
1 34 0 
2 34 0 
3 34 0 
t 878 87 
m 34 2 
1 34 1 
2 34 1 
3 34 1 
t 877 87 
m 33 2 
1 34 2 
2 34 2 
3 34 2 
t 876 87 
m 32 2 
1 33 2 
2 33 2 
3 33 2 
t 875 87 
m 31 2 
1 32 2 
2 32 2 
3 32 2 
t 874 87 
m 30 2 
1 31 2 
2 31 2 
3 31 2 
t 873 87 
m 30 3 
1 30 2 
2 30 2 
3 30 2 
t 872 87 
m 30 4 
1 30 3 
2 30 3 
3 30 3 
t 871 87 
m 30 5 
1 30 4 
2 30 4 
3 30 4 
t 870 87 
m 29 5 
1 30 5 
2 30 5 
3 30 5 
t 869 87 
m 28 5 
1 29 5 
2 29 5 
3 29 5 
t 868 87 
m 28 6 
1 28 5 
2 28 5 
3 28 5 
t 867 87 
m 28 7 
1 28 6 
2 28 6 
3 28 6 
t 866 87 
m 29 7 
1 28 7 
2 28 7 
3 28 7 
t 865 87 
m 30 7 
1 29 7 
2 29 7 
3 29 7 
t 864 87 
m 30 6 
1 30 7 
2 30 7 
3 30 7 
t 863 87 
m 31 6 
1 30 6 
2 30 6 
3 30 6 
t 862 87 
m 32 6 
1 31 6 
2 31 6 
3 31 6 
t 861 87 
m 33 6 
1 32 6 
2 32 6 
3 32 6 
t 860 87 
m 34 6 
1 33 6 
2 33 6 
3 33 6 
t 859 87 
m 34 5 
1 34 6 
2 34 6 
3 34 6 
t 858 88 
m 34 4 
1 34 5 
2 34 5 
3 34 5 
t 857 88 
m 34 3 
1 34 4 
2 34 4 
3 34 4 
t 856 88 
m 34 2 
1 34 3 
2 34 3 
3 34 3 
t 855 88 
m 34 1 
1 34 2 
2 34 2 
3 34 2 
t 854 88 
m 34 0 
1 34 1 
2 34 1 
3 34 1 
t 853 88 
m 33 0 
1 34 0 
2 34 0 
3 34 0 
t 852 88 
m 32 0 
1 33 0 
2 33 0 
3 33 0 
t 851 88 
m 31 0 
1 32 0 
2 32 0 
3 32 0 
t 850 88 
m 30 0 
1 31 0 
2 31 0 
3 31 0 
t 849 88 
m 30 1 
1 30 0 
2 30 0 
3 30 0 
t 848 88 
m 30 2 
1 30 1 
2 30 1 
3 30 1 
t 847 88 
m 31 2 
1 30 2 
2 30 2 
3 30 2 
t 846 88 
m 32 2 
1 31 2 
2 31 2 
3 31 2 
t 845 88 
m 33 2 
1 32 2 
2 32 2 
3 32 2 
t 844 88 
m 34 2 
1 33 2 
2 33 2 
3 33 2 
t 843 88 
m 34 3 
1 34 2 
2 34 2 
3 34 2 
t 842 88 
m 34 4 
1 34 3 
2 34 3 
3 34 3 
t 841 88 
m 34 5 
1 34 4 
2 34 4 
3 34 4 
t 840 88 
m 34 6 
1 34 5 
2 34 5 
3 34 5 
t 839 88 
m 34 7 
1 34 6 
2 34 6 
3 34 6 
t 838 88 
m 34 8 
1 34 7 
2 34 7 
3 34 7 
t 837 88 
m 34 9 
1 34 8 
2 34 8 
3 34 8 
t 836 88 
m 34 10 
1 34 9 
2 34 9 
3 34 9 
t 835 88 
m 33 10 
1 34 10 
2 34 10 
3 34 10 
t 834 88 
m 32 10 
1 33 10 
2 33 10 
3 33 10 
t 833 88 
m 31 10 
1 32 10 
2 32 10 
3 32 10 
t 832 88 
m 31 11 
1 31 10 
2 31 10 
3 31 10 
t 831 88 
m 31 12 
1 31 11 
2 31 11 
3 31 11 
t 830 88 
m 30 12 
1 31 12 
2 31 12 
3 31 12 
t 829 88 
m 29 12 
1 30 12 
2 30 12 
3 30 12 
t 828 88 
m 28 12 
1 29 12 
2 29 12 
3 29 12 
t 827 88 
m 28 13 
1 28 12 
2 28 12 
3 28 12 
t 826 88 
m 28 14 
1 28 13 
2 28 13 
3 28 13 
t 825 88 
m 29 14 
1 28 14 
2 28 14 
3 28 14 
t 824 88 
m 30 14 
1 29 14 
2 29 14 
3 29 14 
t 823 88 
m 31 14 
1 30 14 
2 30 14 
3 30 14 
t 822 88 
m 31 13 
1 31 14 
2 31 14 
3 31 14 
t 821 88 
m 31 12 
1 31 13 
2 31 13 
3 31 13 
t 820 88 
m 31 11 
1 31 12 
2 31 12 
3 31 12 
t 819 88 
m 31 10 
1 31 11 
2 31 11 
3 31 11 
t 818 88 
m 32 10 
1 31 10 
2 31 10 
3 31 10 
t 817 88 
m 33 10 
1 32 10 
2 32 10 
3 32 10 
t 816 88 
m 34 10 
1 33 10 
2 33 10 
3 33 10 
t 815 88 
m 34 9 
1 34 10 
2 34 10 
3 34 10 
t 814 88 
m 34 8 
1 34 9 
2 34 9 
3 34 9 
t 813 88 
m 34 7 
1 34 8 
2 34 8 
3 34 8 
t 812 88 
m 34 6 
1 34 7 
2 34 7 
3 34 7 
t 811 88 
m 33 6 
1 34 6 
2 34 6 
3 34 6 
t 810 88 
m 32 6 
1 33 6 
2 33 6 
3 33 6 
t 809 88 
m 31 6 
1 32 6 
2 32 6 
3 32 6 
t 808 88 
m 30 6 
1 31 6 
2 31 6 
3 31 6 
t 807 88 
m 30 7 
1 30 6 
2 30 6 
3 30 6 
t 806 88 
m 30 8 
1 30 7 
2 30 7 
3 30 7 
t 805 88 
m 30 9 
1 30 8 
2 30 8 
3 30 8 
t 804 88 
m 30 10 
1 30 9 
2 30 9 
3 30 9 
t 803 88 
m 31 10 
1 30 10 
2 30 10 
3 30 10 
t 802 88 
m 31 11 
1 31 10 
2 31 10 
3 31 10 
t 801 88 
m 31 12 
1 31 11 
2 31 11 
3 31 11 
t 800 88 
m 31 13 
1 31 12 
2 31 12 
3 31 12 
t 799 88 
m 31 14 
1 31 13 
2 31 13 
3 31 13 
t 798 88 
m 30 14 
1 31 14 
2 31 14 
3 31 14 
t 797 88 
m 30 15 
1 30 14 
2 30 14 
3 30 14 
t 796 88 
m 30 16 
1 30 15 
2 30 15 
3 30 15 
t 795 88 
m 29 16 
1 30 16 
2 30 16 
3 30 16 
t 794 88 
m 29 17 
1 29 16 
2 29 16 
3 29 16 
t 793 88 
m 29 18 
1 29 17 
2 29 17 
3 29 17 
t 792 88 
m 29 19 
1 29 18 
2 29 18 
3 29 18 
t 791 88 
m 30 19 
1 29 19 
2 29 19 
3 29 19 
t 790 88 
m 31 19 
1 30 19 
2 30 19 
3 30 19 
t 789 88 
m 32 19 
1 31 19 
2 31 19 
3 31 19 
t 788 88 
m 33 19 
1 32 19 
2 32 19 
3 32 19 
t 787 88 
m 34 19 
1 33 19 
2 33 19 
3 33 19 
t 786 88 
m 34 18 
1 34 19 
2 34 19 
3 34 19 
t 785 88 
m 34 17 
1 34 18 
2 34 18 
3 34 18 
t 784 88 
m 34 16 
1 34 17 
2 34 17 
3 34 17 
t 783 88 
m 33 16 
1 34 16 
2 34 16 
3 34 16 
t 782 88 
m 32 16 
1 33 16 
2 33 16 
3 33 16 
t 781 88 
m 31 16 
1 32 16 
2 32 16 
3 32 16 
t 780 88 
m 30 16 
1 31 16 
2 31 16 
3 31 16 
t 779 88 
m 29 16 
1 30 16 
2 30 16 
3 30 16 
t 778 88 
m 28 16 
1 29 16 
2 29 16 
3 29 16 
t 777 88 
m 28 15 
1 28 16 
2 28 16 
3 28 16 
t 776 88 
m 27 15 
1 28 15 
2 28 15 
3 28 15 
t 775 88 
m 26 15 
1 27 15 
2 27 15 
3 27 15 
t 774 89 
m 25 15 
1 26 15 
2 26 15 
3 26 15 
t 773 89 
m 24 15 
1 25 15 
2 25 15 
3 25 15 
t 772 89 
m 23 15 
1 24 15 
2 24 15 
3 24 15 
t 771 89 
m 22 15 
1 23 15 
2 23 15 
3 23 15 
t 770 89 
m 21 15 
1 22 15 
2 22 15 
3 22 15 
t 769 89 
m 20 15 
1 21 15 
2 21 15 
3 21 15 
t 768 89 
m 19 15 
1 20 15 
2 20 15 
3 20 15 
t 767 89 
m 18 15 
1 19 15 
2 19 15 
3 19 15 
t 766 89 
m 17 15 
1 18 15 
2 18 15 
3 18 15 
t 765 89 
m 16 15 
1 17 15 
2 17 15 
3 17 15 
t 764 89 
m 15 15 
1 16 15 
2 16 15 
3 16 15 
t 763 89 
m 14 15 
1 15 15 
2 15 15 
3 15 15 
t 762 89 
m 13 15 
1 14 15 
2 14 15 
3 14 15 
t 761 89 
m 12 15 
1 13 15 
2 13 15 
3 13 15 
t 760 89 
m 11 15 
1 12 15 
2 12 15 
3 12 15 
t 759 89 
m 10 15 
1 11 15 
2 11 15 
3 11 15 
t 758 89 
f 30 15 
m 9 15 
1 10 15 
2 10 15 
3 10 15 
t 757 89 
m 8 15 
1 9 15 
2 9 15 
3 9 15 
t 756 89 
m 7 15 
1 8 15 
2 8 15 
3 8 15 
t 755 89 
m 6 15 
1 7 15 
2 7 15 
3 7 15 
t 754 89 
m 6 14 
1 6 15 
2 6 15 
3 6 15 
t 753 89 
m 5 14 
1 6 14 
2 6 14 
3 6 14 
t 752 89 
m 4 14 
1 5 14 
2 5 14 
3 5 14 
t 751 89 
m 3 14 
1 4 14 
2 4 14 
3 4 14 
t 750 89 
m 3 13 
1 3 14 
2 3 14 
3 3 14 
t 749 89 
m 3 12 
1 3 13 
2 3 13 
3 3 13 
t 748 89 
m 3 11 
1 3 12 
2 3 12 
3 3 12 
t 747 90 
m 3 10 
1 3 11 
2 3 11 
3 3 11 
t 746 90 
m 4 10 
1 3 10 
2 3 10 
3 3 10 
t 745 90 
m 4 9 
1 4 10 
2 4 10 
3 4 10 
t 744 91 
m 4 8 
1 4 9 
2 4 9 
3 4 9 
t 743 91 
m 3 8 
1 4 8 
2 4 8 
3 4 8 
t 742 91 
m 2 8 
1 3 8 
2 3 8 
3 3 8 
t 741 91 
m 1 8 
1 2 8 
2 2 8 
3 2 8 
t 740 92 
m 0 8 
1 1 8 
2 1 8 
3 1 8 
t 739 92 
m 0 9 
1 0 8 
2 0 8 
3 0 8 
t 738 92 
m 0 10 
1 0 9 
2 0 9 
3 0 9 
t 737 92 
m 1 10 
1 0 10 
2 0 10 
3 0 10 
t 736 93 
m 2 10 
1 1 10 
2 1 10 
3 1 10 
t 735 93 
m 3 10 
1 2 10 
2 2 10 
3 2 10 
t 734 93 
m 3 11 
1 3 10 
2 3 10 
3 3 10 
t 733 93 
m 3 12 
1 3 11 
2 3 11 
3 3 11 
t 732 93 
m 4 12 
1 3 12 
2 3 12 
3 3 12 
t 731 93 
m 5 12 
1 4 12 
2 4 12 
3 4 12 
t 730 93 
m 6 12 
1 5 12 
2 5 12 
3 5 12 
t 729 93 
m 6 13 
1 6 12 
2 6 12 
3 6 12 
t 728 93 
m 6 14 
1 6 13 
2 6 13 
3 6 13 
t 727 93 
m 5 14 
1 6 14 
2 6 14 
3 6 14 
t 726 93 
m 4 14 
1 5 14 
2 5 14 
3 5 14 
t 725 93 
m 3 14 
1 4 14 
2 4 14 
3 4 14 
t 724 93 
m 3 13 
1 3 14 
2 3 14 
3 3 14 
t 723 93 
m 3 12 
1 3 13 
2 3 13 
3 3 13 
t 722 93 
m 3 11 
1 3 12 
2 3 12 
3 3 12 
t 721 93 
m 3 10 
1 3 11 
2 3 11 
3 3 11 
t 720 93 
m 4 10 
1 3 10 
2 3 10 
3 3 10 
t 719 93 
m 4 9 
1 4 10 
2 4 10 
3 4 10 
t 718 93 
m 4 8 
1 4 9 
2 4 9 
3 4 9 
t 717 93 
m 3 8 
1 4 8 
2 4 8 
3 4 8 
t 716 93 
m 2 8 
1 3 8 
2 3 8 
3 3 8 
t 715 93 
m 1 8 
1 2 8 
2 2 8 
3 2 8 
t 714 93 
m 0 8 
1 1 8 
2 1 8 
3 1 8 
t 713 93 
m 0 9 
1 0 8 
2 0 8 
3 0 8 
t 712 93 
m 0 10 
1 0 9 
2 0 9 
3 0 9 
t 711 93 
m 1 10 
1 0 10 
2 0 10 
3 0 10 
t 710 93 
m 2 10 
1 1 10 
2 1 10 
3 1 10 
t 709 93 
m 3 10 
1 2 10 
2 2 10 
3 2 10 
t 708 93 
m 3 11 
1 3 10 
2 3 10 
3 3 10 
t 707 93 
m 3 12 
1 3 11 
2 3 11 
3 3 11 
t 706 93 
m 4 12 
1 3 12 
2 3 12 
3 3 12 
t 705 93 
m 5 12 
1 4 12 
2 4 12 
3 4 12 
t 704 93 
m 6 12 
1 5 12 
2 5 12 
3 5 12 
t 703 93 
m 6 11 
1 6 12 
2 6 12 
3 6 12 
t 702 93 
m 6 10 
1 6 11 
2 6 11 
3 6 11 
t 701 94 
m 6 9 
1 6 10 
2 6 10 
3 6 10 
t 700 94 
m 6 8 
1 6 9 
2 6 9 
3 6 9 
t 699 94 
m 6 7 
1 6 8 
2 6 8 
3 6 8 
t 698 94 
m 6 6 
1 6 7 
2 6 7 
3 6 7 
t 697 95 
m 6 5 
1 6 6 
2 6 6 
3 6 6 
t 696 95 
m 5 5 
1 6 5 
2 6 5 
3 6 5 
t 695 96 
m 4 5 
1 5 5 
2 5 5 
3 5 5 
t 694 97 
m 4 4 
1 4 5 
2 4 5 
3 4 5 
t 693 97 
m 4 3 
1 4 4 
2 4 4 
3 4 4 
t 692 97 
m 4 2 
1 4 3 
2 4 3 
3 4 3 
t 691 97 
m 3 2 
1 4 2 
2 4 2 
3 4 2 
t 690 97 
m 2 2 
1 3 2 
2 3 2 
3 3 2 
t 689 97 
m 1 2 
1 2 2 
2 2 2 
3 2 2 
t 688 97 
m 0 2 
1 1 2 
2 1 2 
3 1 2 
t 687 97 
m 0 3 
1 0 2 
2 0 2 
3 0 2 
t 686 98 
m 0 4 
1 0 3 
2 0 3 
3 0 3 
t 685 98 
m 1 4 
1 0 4 
2 0 4 
3 0 4 
t 684 99 
m 2 4 
1 1 4 
2 1 4 
3 1 4 
t 683 99 
m 3 4 
1 2 4 
2 2 4 
3 2 4 
t 682 100 
m 4 4 
1 3 4 
2 3 4 
3 3 4 
t 681 100 
m 4 5 
1 4 4 
2 4 4 
3 4 4 
t 680 100 
m 4 6 
1 4 5 
2 4 5 
3 4 5 
t 679 101 
m 3 6 
1 4 6 
2 4 6 
3 4 6 
t 678 101 
m 2 6 
1 3 6 
2 3 6 
3 3 6 
t 677 102 
m 2 7 
1 2 6 
2 2 6 
3 2 6 
t 676 102 
m 2 8 
1 2 7 
2 2 7 
3 2 7 
t 675 102 
m 3 8 
1 2 8 
2 2 8 
3 2 8 
t 674 102 
m 4 8 
1 3 8 
2 3 8 
3 3 8 
t 673 102 
m 4 7 
1 4 8 
2 4 8 
3 4 8 
t 672 102 
m 5 7 
1 4 7 
2 4 7 
3 4 7 
t 671 103 
m 6 7 
1 5 7 
2 5 7 
3 5 7 
t 670 103 
m 6 6 
1 6 7 
2 6 7 
3 6 7 
t 669 103 
m 6 5 
1 6 6 
2 6 6 
3 6 6 
t 668 103 
m 5 5 
1 6 5 
2 6 5 
3 6 5 
t 667 103 
m 4 5 
1 5 5 
2 5 5 
3 5 5 
t 666 103 
m 4 6 
1 4 5 
2 4 5 
3 4 5 
t 665 103 
m 3 6 
1 4 6 
2 4 6 
3 4 6 
t 664 103 
m 2 6 
1 3 6 
2 3 6 
3 3 6 
t 663 103 
m 2 7 
1 2 6 
2 2 6 
3 2 6 
t 662 103 
m 2 8 
1 2 7 
2 2 7 
3 2 7 
t 661 103 
m 1 8 
1 2 8 
2 2 8 
3 2 8 
t 660 103 
m 0 8 
1 1 8 
2 1 8 
3 1 8 
t 659 103 
m 0 7 
1 0 8 
2 0 8 
3 0 8 
t 658 103 
m 0 6 
1 0 7 
2 0 7 
3 0 7 
t 657 104 
m 1 6 
1 0 6 
2 0 6 
3 0 6 
t 656 104 
m 2 6 
1 1 6 
2 1 6 
3 1 6 
t 655 104 
m 2 7 
1 2 6 
2 2 6 
3 2 6 
t 654 104 
m 2 8 
1 2 7 
2 2 7 
3 2 7 
t 653 104 
m 1 8 
1 2 8 
2 2 8 
3 2 8 
t 652 104 
m 0 8 
1 1 8 
2 1 8 
3 1 8 
t 651 104 
m 0 9 
1 0 8 
2 0 8 
3 0 8 
t 650 104 
m 0 10 
1 0 9 
2 0 9 
3 0 9 
t 649 104 
m 1 10 
1 0 10 
2 0 10 
3 0 10 
t 648 104 
m 2 10 
1 1 10 
2 1 10 
3 1 10 
t 647 104 
m 3 10 
1 2 10 
2 2 10 
3 2 10 
t 646 104 
m 4 10 
1 3 10 
2 3 10 
3 3 10 
t 645 104 
m 4 9 
1 4 10 
2 4 10 
3 4 10 
t 644 104 
m 4 8 
1 4 9 
2 4 9 
3 4 9 
t 643 104 
m 3 8 
1 4 8 
2 4 8 
3 4 8 
t 642 104 
m 2 8 
1 3 8 
2 3 8 
3 3 8 
t 641 104 
m 1 8 
1 2 8 
2 2 8 
3 2 8 
t 640 104 
m 0 8 
1 1 8 
2 1 8 
3 1 8 
t 639 104 
m 0 9 
1 0 8 
2 0 8 
3 0 8 
t 638 104 
m 0 10 
1 0 9 
2 0 9 
3 0 9 
t 637 104 
m 1 10 
1 0 10 
2 0 10 
3 0 10 
t 636 104 
m 2 10 
1 1 10 
2 1 10 
3 1 10 
t 635 104 
m 3 10 
1 2 10 
2 2 10 
3 2 10 
t 634 104 
m 4 10 
1 3 10 
2 3 10 
3 3 10 
t 633 104 
m 4 9 
1 4 10 
2 4 10 
3 4 10 
t 632 104 
m 4 8 
1 4 9 
2 4 9 
3 4 9 
t 631 104 
m 3 8 
1 4 8 
2 4 8 
3 4 8 
t 630 104 
m 2 8 
1 3 8 
2 3 8 
3 3 8 
t 629 104 
m 2 7 
1 2 8 
2 2 8 
3 2 8 
t 628 104 
m 2 6 
1 2 7 
2 2 7 
3 2 7 
t 627 104 
m 1 6 
1 2 6 
2 2 6 
3 2 6 
t 626 104 
m 0 6 
1 1 6 
2 1 6 
3 1 6 
t 625 104 
m 0 5 
1 0 6 
2 0 6 
3 0 6 
t 624 104 
m 0 4 
1 0 5 
2 0 5 
3 0 5 
t 623 104 
m 1 4 
1 0 4 
2 0 4 
3 0 4 
t 622 104 
m 2 4 
1 1 4 
2 1 4 
3 1 4 
t 621 104 
m 3 4 
1 2 4 
2 2 4 
3 2 4 
t 620 104 
m 4 4 
1 3 4 
2 3 4 
3 3 4 
t 619 104 
m 4 3 
1 4 4 
2 4 4 
3 4 4 
t 618 104 
m 4 2 
1 4 3 
2 4 3 
3 4 3 
t 617 104 
m 3 2 
1 4 2 
2 4 2 
3 4 2 
t 616 104 
m 2 2 
1 3 2 
2 3 2 
3 3 2 
t 615 104 
m 1 2 
1 2 2 
2 2 2 
3 2 2 
t 614 104 
m 0 2 
1 1 2 
2 1 2 
3 1 2 
t 613 104 
m 0 1 
1 0 2 
2 0 2 
3 0 2 
t 612 105 
m 0 0 
1 0 1 
2 0 1 
3 0 1 
t 611 106 
m 1 0 
1 0 0 
2 0 0 
3 0 0 
t 610 106 
m 2 0 
1 1 0 
2 1 0 
3 1 0 
t 609 106 
m 3 0 
1 2 0 
2 2 0 
3 2 0 
t 608 106 
m 4 0 
1 3 0 
2 3 0 
3 3 0 
t 607 107 
m 4 1 
1 4 0 
2 4 0 
3 4 0 
t 606 107 
m 4 2 
1 4 1 
2 4 1 
3 4 1 
t 605 107 
m 4 3 
1 4 2 
2 4 2 
3 4 2 
t 604 107 
m 4 4 
1 4 3 
2 4 3 
3 4 3 
t 603 107 
m 4 5 
1 4 4 
2 4 4 
3 4 4 
t 602 107 
m 4 6 
1 4 5 
2 4 5 
3 4 5 
t 601 107 
m 3 6 
1 4 6 
2 4 6 
3 4 6 
t 600 107 
m 2 6 
1 3 6 
2 3 6 
3 3 6 
t 599 107 
m 2 7 
1 2 6 
2 2 6 
3 2 6 
t 598 107 
m 2 8 
1 2 7 
2 2 7 
3 2 7 
t 597 107 
m 3 8 
1 2 8 
2 2 8 
3 2 8 
t 596 107 
m 4 8 
1 3 8 
2 3 8 
3 3 8 
t 595 107 
m 4 7 
1 4 8 
2 4 8 
3 4 8 
t 594 107 
m 5 7 
1 4 7 
2 4 7 
3 4 7 
t 593 107 
m 6 7 
1 5 7 
2 5 7 
3 5 7 
t 592 107 
m 6 6 
1 6 7 
2 6 7 
3 6 7 
t 591 107 
m 6 5 
1 6 6 
2 6 6 
3 6 6 
t 590 107 
m 5 5 
1 6 5 
2 6 5 
3 6 5 
t 589 107 
m 4 5 
1 5 5 
2 5 5 
3 5 5 
t 588 107 
m 4 4 
1 4 5 
2 4 5 
3 4 5 
t 587 107 
m 3 4 
1 4 4 
2 4 4 
3 4 4 
t 586 107 
m 2 4 
1 3 4 
2 3 4 
3 3 4 
t 585 107 
m 1 4 
1 2 4 
2 2 4 
3 2 4 
t 584 107 
m 0 4 
1 1 4 
2 1 4 
3 1 4 
t 583 107 
m 0 3 
1 0 4 
2 0 4 
3 0 4 
t 582 107 
m 0 2 
1 0 3 
2 0 3 
3 0 3 
t 581 107 
m 0 1 
1 0 2 
2 0 2 
3 0 2 
t 580 107 
m 0 0 
1 0 1 
2 0 1 
3 0 1 
t 579 107 
m 1 0 
1 0 0 
2 0 0 
3 0 0 
t 578 107 
m 2 0 
1 1 0 
2 1 0 
3 1 0 
t 577 107 
m 3 0 
1 2 0 
2 2 0 
3 2 0 
t 576 107 
m 4 0 
1 3 0 
2 3 0 
3 3 0 
t 575 107 
m 4 1 
1 4 0 
2 4 0 
3 4 0 
t 574 107 
m 4 2 
1 4 1 
2 4 1 
3 4 1 
t 573 107 
m 3 2 
1 4 2 
2 4 2 
3 4 2 
t 572 107 
m 2 2 
1 3 2 
2 3 2 
3 3 2 
t 571 107 
m 1 2 
1 2 2 
2 2 2 
3 2 2 
t 570 107 
m 0 2 
1 1 2 
2 1 2 
3 1 2 
t 569 107 
m 0 1 
1 0 2 
2 0 2 
3 0 2 
t 568 107 
m 0 0 
1 0 1 
2 0 1 
3 0 1 
t 567 107 
m 1 0 
1 0 0 
2 0 0 
3 0 0 
t 566 107 
m 2 0 
1 1 0 
2 1 0 
3 1 0 
t 565 107 
m 3 0 
1 2 0 
2 2 0 
3 2 0 
t 564 107 
m 4 0 
1 3 0 
2 3 0 
3 3 0 
t 563 107 
m 4 1 
1 4 0 
2 4 0 
3 4 0 
t 562 107 
m 4 2 
1 4 1 
2 4 1 
3 4 1 
t 561 107 
m 3 2 
1 4 2 
2 4 2 
3 4 2 
t 560 107 
m 2 2 
1 3 2 
2 3 2 
3 3 2 
t 559 107 
m 1 2 
1 2 2 
2 2 2 
3 2 2 
t 558 107 
m 0 2 
1 1 2 
2 1 2 
3 1 2 
t 557 107 
m 0 1 
1 0 2 
2 0 2 
3 0 2 
t 556 107 
m 0 0 
1 0 1 
2 0 1 
3 0 1 
t 555 107 
m 1 0 
1 0 0 
2 0 0 
3 0 0 
t 554 107 
m 2 0 
1 1 0 
2 1 0 
3 1 0 
t 553 107 
m 3 0 
1 2 0 
2 2 0 
3 2 0 
t 552 107 
m 4 0 
1 3 0 
2 3 0 
3 3 0 
t 551 107 
m 4 1 
1 4 0 
2 4 0 
3 4 0 
t 550 107 
m 4 2 
1 4 1 
2 4 1 
3 4 1 
t 549 107 
m 3 2 
1 4 2 
2 4 2 
3 4 2 
t 548 107 
m 2 2 
1 3 2 
2 3 2 
3 3 2 
t 547 107 
m 1 2 
1 2 2 
2 2 2 
3 2 2 
t 546 107 
m 0 2 
1 1 2 
2 1 2 
3 1 2 
t 545 107 
m 0 3 
1 0 2 
2 0 2 
3 0 2 
t 544 107 
m 0 4 
1 0 3 
2 0 3 
3 0 3 
t 543 107 
m 0 5 
1 0 4 
2 0 4 
3 0 4 
t 542 107 
m 0 6 
1 0 5 
2 0 5 
3 0 5 
t 541 107 
m 0 7 
1 0 6 
2 0 6 
3 0 6 
t 540 107 
m 0 8 
1 0 7 
2 0 7 
3 0 7 
t 539 107 
m 0 9 
1 0 8 
2 0 8 
3 0 8 
t 538 107 
m 0 10 
1 0 9 
2 0 9 
3 0 9 
t 537 107 
m 1 10 
1 0 10 
2 0 10 
3 0 10 
t 536 107 
m 2 10 
1 1 10 
2 1 10 
3 1 10 
t 535 107 
m 3 10 
1 2 10 
2 2 10 
3 2 10 
t 534 107 
m 3 11 
1 3 10 
2 3 10 
3 3 10 
t 533 107 
m 3 12 
1 3 11 
2 3 11 
3 3 11 
t 532 107 
m 4 12 
1 3 12 
2 3 12 
3 3 12 
t 531 107 
m 5 12 
1 4 12 
2 4 12 
3 4 12 
t 530 107 
m 6 12 
1 5 12 
2 5 12 
3 5 12 
t 529 107 
m 6 11 
1 6 12 
2 6 12 
3 6 12 
t 528 107 
m 6 10 
1 6 11 
2 6 11 
3 6 11 
t 527 107 
m 6 9 
1 6 10 
2 6 10 
3 6 10 
t 526 107 
m 6 8 
1 6 9 
2 6 9 
3 6 9 
t 525 107 
m 6 7 
1 6 8 
2 6 8 
3 6 8 
t 524 107 
m 5 7 
1 6 7 
2 6 7 
3 6 7 
t 523 107 
m 4 7 
1 5 7 
2 5 7 
3 5 7 
t 522 107 
m 4 6 
1 4 7 
2 4 7 
3 4 7 
t 521 107 
m 4 5 
1 4 6 
2 4 6 
3 4 6 
t 520 107 
m 4 4 
1 4 5 
2 4 5 
3 4 5 
t 519 107 
m 3 4 
1 4 4 
2 4 4 
3 4 4 
t 518 107 
m 2 4 
1 3 4 
2 3 4 
3 3 4 
t 517 107 
m 1 4 
1 2 4 
2 2 4 
3 2 4 
t 516 107 
m 0 4 
1 1 4 
2 1 4 
3 1 4 
t 515 107 
m 0 5 
1 0 4 
2 0 4 
3 0 4 
t 514 107 
m 0 6 
1 0 5 
2 0 5 
3 0 5 
t 513 107 
m 0 7 
1 0 6 
2 0 6 
3 0 6 
t 512 107 
m 0 8 
1 0 7 
2 0 7 
3 0 7 
t 511 107 
m 0 9 
1 0 8 
2 0 8 
3 0 8 
t 510 107 
m 0 10 
1 0 9 
2 0 9 
3 0 9 
t 509 107 
m 1 10 
1 0 10 
2 0 10 
3 0 10 
t 508 107 
m 2 10 
1 1 10 
2 1 10 
3 1 10 
t 507 107 
m 3 10 
1 2 10 
2 2 10 
3 2 10 
t 506 107 
m 3 11 
1 3 10 
2 3 10 
3 3 10 
t 505 107 
m 3 12 
1 3 11 
2 3 11 
3 3 11 
t 504 107 
m 3 13 
1 3 12 
2 3 12 
3 3 12 
t 503 107 
m 3 14 
1 3 13 
2 3 13 
3 3 13 
t 502 107 
m 4 14 
1 3 14 
2 3 14 
3 3 14 
t 501 107 
m 4 15 
1 4 14 
2 4 14 
3 4 14 
t 500 107 
m 4 16 
1 4 15 
2 4 15 
3 4 15 
t 499 107 
m 5 16 
1 4 16 
2 4 16 
3 4 16 
t 498 107 
m 6 16 
1 5 16 
2 5 16 
3 5 16 
t 497 107 
m 6 15 
1 6 16 
2 6 16 
3 6 16 
t 496 107 
m 6 14 
1 6 15 
2 6 15 
3 6 15 
t 495 107 
m 5 14 
1 6 14 
2 6 14 
3 6 14 
t 494 107 
m 4 14 
1 5 14 
2 5 14 
3 5 14 
t 493 107 
m 4 15 
1 4 14 
2 4 14 
3 4 14 
t 492 107 
m 4 16 
1 4 15 
2 4 15 
3 4 15 
t 491 107 
m 5 16 
1 4 16 
2 4 16 
3 4 16 
t 490 107 
m 5 17 
1 5 16 
2 5 16 
3 5 16 
t 489 107 
m 5 18 
1 5 17 
2 5 17 
3 5 17 
t 488 107 
m 5 19 
1 5 18 
2 5 18 
3 5 18 
t 487 107 
m 6 19 
1 5 19 
2 5 19 
3 5 19 
t 486 107 
m 7 19 
1 6 19 
2 6 19 
3 6 19 
t 485 107 
m 7 18 
1 7 19 
2 7 19 
3 7 19 
t 484 107 
m 7 17 
1 7 18 
2 7 18 
3 7 18 
t 483 107 
m 8 17 
1 7 17 
2 7 17 
3 7 17 
t 482 107 
m 9 17 
1 8 17 
2 8 17 
3 8 17 
t 481 107 
m 10 17 
1 9 17 
2 9 17 
3 9 17 
t 480 107 
m 10 18 
1 10 17 
2 10 17 
3 10 17 
t 479 107 
m 10 19 
1 10 18 
2 10 18 
3 10 18 
t 478 107 
m 11 19 
1 10 19 
2 10 19 
3 10 19 
t 477 108 
m 12 19 
1 11 19 
2 11 19 
3 11 19 
t 476 108 
m 13 19 
1 12 19 
2 12 19 
3 12 19 
t 475 109 
m 14 19 
1 13 19 
2 13 19 
3 13 19 
t 474 110 
m 15 19 
1 14 19 
2 14 19 
3 14 19 
t 473 110 
m 16 19 
1 15 19 
2 15 19 
3 15 19 
t 472 110 
m 17 19 
1 16 19 
2 16 19 
3 16 19 
t 471 110 
m 18 19 
1 17 19 
2 17 19 
3 17 19 
t 470 110 
m 19 19 
1 18 19 
2 18 19 
3 18 19 
t 469 110 
m 19 18 
1 19 19 
2 19 19 
3 19 19 
t 468 110 
m 19 17 
1 19 18 
2 19 18 
3 19 18 
t 467 110 
m 20 17 
1 19 17 
2 19 17 
3 19 17 
t 466 110 
m 21 17 
1 20 17 
2 20 17 
3 20 17 
t 465 110 
m 22 17 
1 21 17 
2 21 17 
3 21 17 
t 464 110 
m 23 17 
1 22 17 
2 22 17 
3 22 17 
t 463 110 
m 24 17 
1 23 17 
2 23 17 
3 23 17 
t 462 110 
m 24 16 
1 24 17 
2 24 17 
3 24 17 
t 461 110 
m 24 15 
1 24 16 
2 24 16 
3 24 16 
t 460 110 
m 25 15 
1 24 15 
2 24 15 
3 24 15 
t 459 110 
m 26 15 
1 25 15 
2 25 15 
3 25 15 
t 458 110 
m 27 15 
1 26 15 
2 26 15 
3 26 15 
t 457 110 
m 28 15 
1 27 15 
2 27 15 
3 27 15 
t 456 110 
m 28 16 
1 28 15 
2 28 15 
3 28 15 
t 455 110 
m 29 16 
1 28 16 
2 28 16 
3 28 16 
t 454 110 
m 29 17 
1 29 16 
2 29 16 
3 29 16 
t 453 110 
m 29 18 
1 29 17 
2 29 17 
3 29 17 
t 452 110 
m 29 19 
1 29 18 
2 29 18 
3 29 18 
t 451 110 
m 28 19 
1 29 19 
2 29 19 
3 29 19 
t 450 142 
