35
20
m 0 19 
1 34 0 
2 34 0 
3 34 0 
w 17 19 
w 1 18 
w 2 18 
w 3 18 
w 5 18 
w 6 18 
w 7 18 
w 8 18 
w 9 18 
w 11 18 
w 12 18 
w 14 18 
w 15 18 
w 17 18 
w 19 18 
w 20 18 
w 22 18 
w 23 18 
w 25 18 
w 26 18 
w 27 18 
w 28 18 
w 29 18 
w 31 18 
w 32 18 
w 33 18 
w 1 17 
w 2 17 
w 3 17 
w 5 17 
w 6 17 
w 7 17 
w 8 17 
w 9 17 
w 11 17 
w 12 17 
w 14 17 
w 15 17 
w 17 17 
w 19 17 
w 20 17 
w 22 17 
w 23 17 
w 25 17 
w 26 17 
w 27 17 
w 28 17 
w 29 17 
w 31 17 
w 32 17 
w 33 17 
w 1 16 
w 2 16 
w 3 16 
w 5 16 
w 6 16 
w 15 16 
w 17 16 
w 19 16 
w 28 16 
w 29 16 
w 31 16 
w 32 16 
w 33 16 
w 1 15 
w 2 15 
w 3 15 
w 5 15 
w 6 15 
w 8 15 
w 9 15 
w 10 15 
w 11 15 
w 13 15 
w 15 15 
w 17 15 
w 19 15 
w 21 15 
w 23 15 
w 24 15 
w 25 15 
w 26 15 
w 28 15 
w 29 15 
w 31 15 
w 32 15 
w 33 15 
w 1 13 
w 2 13 
w 3 13 
w 4 13 
w 5 13 
w 6 13 
w 7 13 
w 8 13 
w 10 13 
w 11 13 
w 12 13 
w 14 13 
w 15 13 
w 17 13 
w 19 13 
w 20 13 
w 22 13 
w 23 13 
w 24 13 
w 26 13 
w 27 13 
w 28 13 
w 29 13 
w 30 13 
w 31 13 
w 32 13 
w 33 13 
w 1 12 
w 2 12 
w 3 12 
w 4 12 
w 5 12 
w 6 12 
w 7 12 
w 8 12 
w 10 12 
w 11 12 
w 12 12 
w 22 12 
w 23 12 
w 24 12 
w 26 12 
w 27 12 
w 28 12 
w 29 12 
w 30 12 
w 31 12 
w 32 12 
w 33 12 
w 1 11 
w 2 11 
w 3 11 
w 4 11 
w 5 11 
w 6 11 
w 7 11 
w 8 11 
w 10 11 
w 11 11 
w 12 11 
w 14 11 
w 15 11 
w 17 11 
w 19 11 
w 20 11 
w 22 11 
w 23 11 
w 24 11 
w 26 11 
w 27 11 
w 28 11 
w 29 11 
w 30 11 
w 31 11 
w 32 11 
w 33 11 
w 1 10 
w 2 10 
w 3 10 
w 4 10 
w 5 10 
w 6 10 
w 7 10 
w 8 10 
w 10 10 
w 11 10 
w 12 10 
w 14 10 
w 15 10 
w 17 10 
w 19 10 
w 20 10 
w 22 10 
w 23 10 
w 24 10 
w 26 10 
w 27 10 
w 28 10 
w 29 10 
w 30 10 
w 31 10 
w 32 10 
w 33 10 
w 1 9 
w 2 9 
w 3 9 
w 4 9 
w 5 9 
w 6 9 
w 7 9 
w 8 9 
w 10 9 
w 11 9 
w 12 9 
w 22 9 
w 23 9 
w 24 9 
w 26 9 
w 27 9 
w 28 9 
w 29 9 
w 30 9 
w 31 9 
w 32 9 
w 33 9 
w 1 8 
w 2 8 
w 3 8 
w 4 8 
w 5 8 
w 6 8 
w 7 8 
w 14 8 
w 15 8 
w 16 8 
w 17 8 
w 18 8 
w 19 8 
w 20 8 
w 27 8 
w 28 8 
w 29 8 
w 30 8 
w 31 8 
w 32 8 
w 33 8 
w 1 7 
w 2 7 
w 3 7 
w 4 7 
w 5 7 
w 6 7 
w 7 7 
w 9 7 
w 11 7 
w 12 7 
w 14 7 
w 15 7 
w 16 7 
w 17 7 
w 18 7 
w 19 7 
w 20 7 
w 22 7 
w 23 7 
w 25 7 
w 27 7 
w 28 7 
w 29 7 
w 30 7 
w 31 7 
w 32 7 
w 33 7 
w 1 6 
w 2 6 
w 3 6 
w 4 6 
w 5 6 
w 6 6 
w 7 6 
w 9 6 
w 11 6 
w 12 6 
w 14 6 
w 15 6 
w 16 6 
w 17 6 
w 18 6 
w 19 6 
w 20 6 
w 22 6 
w 23 6 
w 25 6 
w 27 6 
w 28 6 
w 29 6 
w 30 6 
w 31 6 
w 32 6 
w 33 6 
w 1 5 
w 2 5 
w 3 5 
w 4 5 
w 5 5 
w 6 5 
w 7 5 
w 9 5 
w 11 5 
w 12 5 
w 14 5 
w 15 5 
w 16 5 
w 17 5 
w 18 5 
w 19 5 
w 20 5 
w 22 5 
w 23 5 
w 25 5 
w 27 5 
w 28 5 
w 29 5 
w 30 5 
w 31 5 
w 32 5 
w 33 5 
w 1 4 
w 2 4 
w 3 4 
w 7 4 
w 11 4 
w 12 4 
w 22 4 
w 23 4 
w 27 4 
w 31 4 
w 32 4 
w 33 4 
w 1 3 
w 2 3 
w 3 3 
w 5 3 
w 9 3 
w 10 3 
w 11 3 
w 12 3 
w 14 3 
w 15 3 
w 16 3 
w 17 3 
w 18 3 
w 19 3 
w 20 3 
w 22 3 
w 23 3 
w 24 3 
w 25 3 
w 29 3 
w 31 3 
w 32 3 
w 33 3 
w 1 2 
w 2 2 
w 3 2 
w 5 2 
w 7 2 
w 9 2 
w 10 2 
w 11 2 
w 12 2 
w 14 2 
w 15 2 
w 16 2 
w 17 2 
w 18 2 
w 19 2 
w 20 2 
w 22 2 
w 23 2 
w 24 2 
w 25 2 
w 27 2 
w 29 2 
w 31 2 
w 32 2 
w 33 2 
w 1 1 
w 2 1 
w 3 1 
w 5 1 
w 7 1 
w 9 1 
w 10 1 
w 11 1 
w 12 1 
w 14 1 
w 15 1 
w 16 1 
w 17 1 
w 18 1 
w 19 1 
w 20 1 
w 22 1 
w 23 1 
w 24 1 
w 25 1 
w 27 1 
w 29 1 
w 31 1 
w 32 1 
w 33 1 
w 14 0 
w 15 0 
w 16 0 
w 17 0 
w 18 0 
w 19 0 
w 20 0 
p 1 19 
p 3 19 
p 4 19 
p 6 19 
p 8 19 
p 9 19 
p 13 19 
p 14 19 
p 15 19 
p 18 19 
p 19 19 
p 20 19 
p 21 19 
p 26 19 
p 28 19 
p 29 19 
p 30 19 
p 32 19 
p 34 19 
p 4 18 
p 13 18 
p 16 18 
p 18 18 
p 24 18 
p 34 18 
p 0 17 
p 13 17 
p 21 17 
p 34 17 
p 7 16 
p 8 16 
p 10 16 
p 11 16 
p 12 16 
p 13 16 
p 14 16 
p 23 16 
p 24 16 
p 26 16 
p 4 15 
p 7 15 
p 16 15 
p 30 15 
p 0 14 
p 1 14 
p 2 14 
p 4 14 
p 5 14 
p 6 14 
p 9 14 
p 10 14 
p 12 14 
p 14 14 
p 16 14 
p 18 14 
p 20 14 
p 23 14 
p 26 14 
p 27 14 
p 31 14 
p 32 14 
p 33 14 
p 34 14 
p 0 13 
p 13 13 
p 16 13 
p 18 13 
p 0 12 
p 9 12 
p 17 12 
p 18 12 
p 19 12 
p 20 12 
p 21 12 
p 9 11 
p 13 11 
p 16 11 
p 18 11 
p 34 11 
p 0 10 
p 13 10 
p 16 10 
p 21 10 
p 0 9 
p 9 9 
p 14 9 
p 16 9 
p 18 9 
p 19 9 
p 20 9 
p 21 9 
p 25 9 
p 34 9 
p 0 8 
p 12 8 
p 23 8 
p 24 8 
p 26 8 
p 0 7 
p 10 7 
p 13 7 
p 34 7 
p 8 6 
p 21 6 
p 26 6 
p 0 5 
p 8 5 
p 10 5 
p 4 4 
p 5 4 
p 6 4 
p 13 4 
p 14 4 
p 19 4 
p 20 4 
p 21 4 
p 24 4 
p 25 4 
p 26 4 
p 28 4 
p 29 4 
p 0 3 
p 6 3 
p 8 3 
p 26 3 
p 27 3 
p 28 3 
p 30 3 
p 34 3 
p 0 2 
p 8 2 
p 26 2 
p 30 2 
p 34 2 
p 0 1 
p 4 1 
p 8 1 
p 13 1 
p 21 1 
p 28 1 
p 34 1 
p 1 0 
p 2 0 
p 3 0 
p 4 0 
p 5 0 
t 1400 0 
m 0 19 
1 33 0 
2 33 0 
3 33 0 
t 1399 0 
m 1 19 
1 34 0 
2 34 0 
3 32 0 
t 1398 1 
m 2 19 
1 34 1 
2 33 0 
3 31 0 
t 1397 1 
m 3 19 
1 34 2 
2 32 0 
3 32 0 
t 1396 2 
m 4 19 
1 34 1 
2 33 0 
3 31 0 
t 1395 3 
m 4 19 
1 34 0 
2 34 0 
3 32 0 
t 1394 3 
m 3 19 
1 34 1 
2 34 1 
3 31 0 
t 1393 3 
m 2 19 
1 34 2 
2 34 2 
3 32 0 
t 1392 3 
m 3 19 
1 34 1 
2 34 3 
3 33 0 
t 1391 3 
m 2 19 
1 34 0 
2 34 4 
3 34 0 
t 1390 3 
m 2 19 
1 33 0 
2 34 5 
3 34 1 
t 1389 3 
m 1 19 
1 32 0 
2 34 4 
3 34 0 
t 1388 3 
m 2 19 
1 31 0 
2 34 5 
3 34 1 
t 1387 3 
m 2 19 
1 30 0 
2 34 4 
3 34 2 
t 1386 3 
m 2 19 
1 31 0 
2 34 3 
3 34 1 
t 1385 3 
m 2 19 
1 32 0 
2 34 4 
3 34 2 
t 1384 3 
m 1 19 
1 31 0 
2 34 5 
3 34 1 
t 1383 3 
m 2 19 
1 30 0 
2 34 4 
3 34 2 
t 1382 3 
m 2 19 
1 30 1 
2 34 3 
3 34 1 
t 1381 3 
m 2 19 
1 30 2 
2 34 4 
3 34 0 
t 1380 3 
m 1 19 
1 30 1 
2 34 3 
3 34 1 
t 1379 3 
m 1 19 
1 30 0 
2 34 2 
3 34 2 
t 1378 3 
m 1 19 
1 31 0 
2 34 3 
3 34 3 
t 1377 3 
m 0 19 
1 30 0 
2 34 4 
3 34 2 
t 1376 3 
m 0 18 
1 29 0 
2 34 5 
3 34 3 
t 1375 3 
m 0 17 
1 30 0 
2 34 6 
3 34 4 
t 1374 3 
m 0 18 
1 31 0 
2 34 5 
3 34 3 
t 1373 3 
m 0 19 
1 30 0 
2 34 6 
3 34 4 
t 1372 3 
m 0 19 
1 31 0 
2 34 5 
3 34 3 
t 1371 3 
m 0 18 
1 32 0 
2 34 4 
3 34 2 
t 1370 3 
m 0 18 
1 33 0 
2 34 5 
3 34 1 
t 1369 3 
m 0 19 
1 32 0 
2 34 6 
3 34 0 
t 1368 3 
m 0 18 
1 31 0 
2 34 5 
3 34 1 
t 1367 3 
m 0 18 
1 32 0 
2 34 6 
3 34 0 
t 1366 3 
m 0 17 
1 33 0 
2 34 5 
3 34 1 
t 1365 3 
m 0 17 
1 32 0 
2 34 6 
3 34 0 
t 1364 3 
m 0 17 
1 33 0 
2 34 7 
3 34 1 
t 1363 3 
m 0 18 
1 32 0 
2 34 6 
3 34 2 
t 1362 3 
m 0 18 
1 31 0 
2 34 7 
3 34 3 
t 1361 3 
m 0 19 
1 32 0 
2 34 6 
3 34 2 
t 1360 3 
m 0 19 
1 33 0 
2 34 5 
3 34 1 
t 1359 3 
m 1 19 
1 32 0 
2 34 4 
3 34 0 
t 1358 3 
m 0 19 
1 33 0 
2 34 3 
3 33 0 
t 1357 3 
m 0 18 
1 34 0 
2 34 2 
3 34 0 
t 1356 3 
m 0 19 
1 34 1 
2 34 3 
3 34 1 
t 1355 3 
m 0 18 
1 34 2 
2 34 4 
3 34 2 
t 1354 3 
m 0 18 
1 34 1 
2 34 5 
3 34 3 
t 1353 3 
m 0 18 
1 34 2 
2 34 4 
3 34 4 
t 1352 3 
m 0 19 
1 34 3 
2 34 5 
3 34 5 
t 1351 3 
m 0 19 
1 34 4 
2 34 6 
3 34 4 
t 1350 3 
m 0 18 
1 34 3 
2 34 7 
3 34 3 
t 1349 3 
m 0 18 
1 34 4 
2 34 8 
3 34 2 
t 1348 3 
m 0 19 
1 34 3 
2 34 7 
3 34 3 
t 1347 3 
m 0 19 
1 34 2 
2 34 6 
3 34 4 
t 1346 3 
m 0 18 
1 34 3 
2 34 7 
3 34 3 
t 1345 3 
m 0 19 
1 34 2 
2 34 8 
3 34 4 
t 1344 3 
m 0 19 
1 34 1 
2 34 7 
3 34 5 
t 1343 3 
m 0 19 
1 34 0 
2 34 8 
3 34 4 
t 1342 3 
m 0 18 
1 34 1 
2 34 9 
3 34 5 
t 1341 3 
m 0 19 
1 34 2 
2 34 10 
3 34 6 
t 1340 3 
m 0 19 
1 34 1 
2 34 9 
3 34 7 
t 1339 3 
m 0 19 
1 34 2 
2 34 10 
3 34 8 
t 1338 3 
m 1 19 
1 34 3 
2 34 11 
3 34 9 
t 1337 3 
m 2 19 
1 34 4 
2 34 12 
3 34 8 
t 1336 3 
m 2 19 
1 34 3 
2 34 11 
3 34 9 
t 1335 3 
m 1 19 
1 34 2 
2 34 12 
3 34 10 
t 1334 3 
m 1 19 
1 34 1 
2 34 11 
3 34 9 
t 1333 3 
m 0 19 
1 34 0 
2 34 10 
3 34 8 
t 1332 3 
m 0 19 
1 34 1 
2 34 11 
3 34 9 
t 1331 3 
m 0 19 
1 34 2 
2 34 10 
3 34 8 
t 1330 3 
m 0 19 
1 34 3 
2 34 11 
3 34 9 
t 1329 3 
m 0 18 
1 34 2 
2 34 12 
3 34 8 
t 1328 3 
m 0 17 
1 34 1 
2 34 11 
3 34 7 
t 1327 3 
m 0 17 
1 34 2 
2 34 10 
3 34 8 
t 1326 3 
m 0 16 
1 34 1 
2 34 9 
3 34 9 
t 1325 3 
f 13 2 
m 0 15 
1 34 2 
2 34 8 
3 34 8 
t 1324 3 
m 0 14 
1 34 3 
2 34 9 
3 34 9 
t 1323 4 
m 0 15 
1 34 4 
2 34 10 
3 34 10 
t 1322 4 
m 0 14 
1 34 3 
2 34 9 
3 34 9 
t 1321 4 
m 0 13 
1 34 2 
2 34 8 
3 34 8 
t 1320 5 
m 0 12 
1 34 1 
2 34 9 
3 34 7 
t 1319 5 
m 0 11 
1 34 2 
2 34 8 
3 34 8 
t 1318 5 
m 0 11 
1 34 1 
2 34 7 
3 34 9 
t 1317 5 
m 0 10 
1 34 0 
2 34 8 
3 34 10 
t 1316 6 
m 0 10 
1 33 0 
2 34 9 
3 34 11 
t 1315 6 
m 0 10 
1 32 0 
2 34 10 
3 34 12 
t 1314 6 
m 0 10 
1 33 0 
2 34 9 
3 34 13 
t 1313 6 
m 0 10 
1 34 0 
2 34 10 
3 34 14 
t 1312 6 
m 0 10 
1 33 0 
2 34 11 
3 34 13 
t 1311 6 
m 0 9 
1 34 0 
2 34 10 
3 34 12 
t 1310 7 
m 0 8 
1 33 0 
2 34 11 
3 34 11 
t 1309 7 
m 0 7 
1 32 0 
2 34 10 
3 34 10 
t 1308 8 
m 0 7 
1 33 0 
2 34 9 
3 34 11 
t 1307 8 
m 0 7 
1 34 0 
2 34 8 
3 34 10 
t 1306 8 
m 0 6 
1 34 1 
2 34 9 
3 34 11 
t 1305 8 
m 0 5 
1 34 0 
2 34 8 
3 34 12 
t 1304 9 
m 0 6 
1 34 1 
2 34 9 
3 34 11 
t 1303 9 
m 0 7 
1 34 0 
2 34 8 
3 34 10 
t 1302 9 
m 0 6 
1 34 1 
2 34 9 
3 34 9 
t 1301 9 
m 0 5 
1 34 0 
2 34 10 
3 34 10 
t 1300 9 
m 0 4 
1 33 0 
2 34 11 
3 34 11 
t 1299 9 
m 0 4 
1 34 0 
2 34 10 
3 34 10 
t 1298 9 
m 0 5 
1 34 1 
2 34 11 
3 34 9 
t 1297 9 
m 0 4 
1 34 2 
2 34 10 
3 34 8 
t 1296 9 
m 0 5 
1 34 1 
2 34 9 
3 34 9 
t 1295 9 
m 0 6 
1 34 2 
2 34 8 
3 34 10 
t 1294 9 
m 0 5 
1 34 3 
2 34 7 
3 34 11 
t 1293 9 
m 0 5 
1 34 4 
2 34 8 
3 34 10 
t 1292 9 
m 0 6 
1 34 3 
2 34 7 
3 34 11 
t 1291 9 
m 0 7 
1 34 4 
2 34 6 
3 34 12 
t 1290 9 
m 0 8 
1 34 3 
2 34 5 
3 34 11 
t 1289 9 
m 0 8 
1 34 4 
2 34 6 
3 34 12 
t 1288 9 
m 0 9 
1 34 3 
2 34 7 
3 34 11 
t 1287 9 
m 0 9 
1 34 4 
2 34 8 
3 34 12 
t 1286 9 
m 0 8 
1 34 3 
2 34 9 
3 34 11 
t 1285 9 
m 0 7 
1 34 2 
2 34 8 
3 34 12 
t 1284 9 
m 0 6 
1 34 1 
2 34 7 
3 34 13 
t 1283 9 
m 0 5 
1 34 2 
2 34 6 
3 34 14 
t 1282 9 
m 0 5 
1 34 3 
2 34 5 
3 33 14 
t 1281 9 
m 0 6 
1 34 4 
2 34 6 
3 32 14 
t 1280 9 
m 0 7 
1 34 5 
2 34 5 
3 31 14 
t 1279 9 
m 0 7 
1 34 4 
2 34 6 
3 32 14 
t 1278 9 
m 0 8 
1 34 3 
2 34 5 
3 31 14 
t 1277 9 
m 0 9 
1 34 4 
2 34 6 
3 32 14 
t 1276 9 
m 0 8 
1 34 3 
2 34 5 
3 33 14 
t 1275 9 
m 0 7 
1 34 4 
2 34 6 
3 34 14 
t 1274 9 
m 0 6 
1 34 3 
2 34 5 
3 33 14 
t 1273 9 
m 0 6 
1 34 2 
2 34 6 
3 34 14 
t 1272 9 
m 0 7 
1 34 1 
2 34 5 
3 34 13 
t 1271 9 
m 0 7 
1 34 2 
2 34 4 
3 34 12 
t 1270 9 
m 0 8 
1 34 3 
2 34 3 
3 34 13 
t 1269 9 
m 0 8 
1 34 4 
2 34 4 
3 34 14 
t 1268 9 
m 0 7 
1 34 5 
2 34 3 
3 33 14 
t 1267 9 
m 0 8 
1 34 4 
2 34 2 
3 32 14 
t 1266 9 
m 0 7 
1 34 3 
2 34 1 
3 31 14 
t 1265 9 
m 0 8 
1 34 4 
2 34 0 
3 30 14 
t 1264 9 
m 0 8 
1 34 3 
2 34 1 
3 30 15 
t 1263 9 
m 0 8 
1 34 2 
2 34 0 
3 30 16 
t 1262 9 
m 0 9 
1 34 3 
2 34 1 
3 30 15 
t 1261 9 
m 0 8 
1 34 4 
2 34 2 
3 30 14 
t 1260 9 
m 0 8 
1 34 5 
2 34 3 
3 29 14 
t 1259 9 
m 0 8 
1 34 6 
2 34 2 
3 28 14 
t 1258 9 
m 0 7 
1 34 7 
2 34 3 
3 29 14 
t 1257 9 
m 0 8 
1 34 8 
2 34 4 
3 28 14 
t 1256 9 
m 0 9 
1 34 7 
2 34 5 
3 29 14 
t 1255 9 
m 0 8 
1 34 8 
2 34 4 
3 28 14 
t 1254 9 
m 0 7 
1 34 7 
2 34 5 
3 29 14 
t 1253 9 
m 0 7 
1 34 6 
2 34 6 
3 28 14 
t 1252 9 
m 0 6 
1 34 7 
2 34 5 
3 29 14 
t 1251 9 
m 0 5 
1 34 8 
2 34 6 
3 30 14 
t 1250 9 
m 0 5 
1 34 7 
2 34 5 
3 30 15 
t 1249 9 
m 0 4 
1 34 6 
2 34 6 
3 30 16 
t 1248 9 
m 0 5 
1 34 7 
2 34 7 
3 30 17 
t 1247 9 
m 0 6 
1 34 8 
2 34 8 
3 30 18 
t 1246 9 
m 0 5 
1 34 9 
2 34 9 
3 30 17 
t 1245 9 
m 0 4 
1 34 10 
2 34 8 
3 30 16 
t 1244 9 
m 0 3 
1 34 9 
2 34 7 
3 30 17 
t 1243 9 
m 0 3 
1 34 10 
2 34 6 
3 30 18 
t 1242 9 
m 0 3 
1 34 11 
2 34 7 
3 30 17 
t 1241 9 
m 0 3 
1 34 12 
2 34 8 
3 30 18 
t 1240 9 
m 0 2 
1 34 13 
2 34 9 
3 30 19 
t 1239 10 
m 0 1 
1 34 12 
2 34 8 
3 30 18 
t 1238 11 
m 0 1 
1 34 13 
2 34 7 
3 30 19 
t 1237 11 
m 0 0 
1 34 12 
2 34 6 
3 29 19 
t 1236 11 
m 1 0 
1 34 11 
2 34 5 
3 28 19 
t 1235 11 
m 0 0 
1 34 10 
2 34 4 
3 27 19 
t 1234 11 
m 0 0 
1 34 11 
2 34 5 
3 28 19 
t 1233 11 
m 0 0 
1 34 10 
2 34 6 
3 29 19 
t 1232 11 
m 0 1 
1 34 9 
2 34 5 
3 30 19 
t 1231 11 
m 0 0 
1 34 10 
2 34 6 
3 30 18 
t 1230 11 
m 0 1 
1 34 11 
2 34 5 
3 30 17 
t 1229 11 
m 0 1 
1 34 12 
2 34 4 
3 30 16 
t 1228 11 
m 0 0 
1 34 11 
2 34 5 
3 30 15 
t 1227 11 
m 0 0 
1 34 12 
2 34 4 
3 30 14 
t 1226 11 
m 0 1 
1 34 11 
2 34 3 
3 30 15 
t 1225 11 
m 0 1 
1 34 10 
2 34 2 
3 30 14 
t 1224 11 
m 0 0 
1 34 11 
2 34 1 
3 30 15 
t 1223 11 
m 0 1 
1 34 12 
2 34 2 
3 30 16 
t 1222 11 
m 0 1 
1 34 11 
2 34 1 
3 30 15 
t 1221 11 
m 0 0 
1 34 10 
2 34 2 
3 30 16 
t 1220 11 
m 0 0 
1 34 9 
2 34 1 
3 30 17 
t 1219 11 
m 1 0 
1 34 10 
2 34 2 
3 30 18 
t 1218 11 
m 0 0 
1 34 11 
2 34 3 
3 30 17 
t 1217 11 
m 0 0 
1 34 10 
2 34 4 
3 30 16 
t 1216 11 
m 1 0 
1 34 9 
2 34 5 
3 30 15 
t 1215 11 
m 1 0 
1 34 10 
2 34 6 
3 30 16 
t 1214 11 
m 1 0 
1 34 11 
2 34 5 
3 30 17 
t 1213 11 
m 1 0 
1 34 10 
2 34 4 
3 30 16 
t 1212 11 
m 2 0 
1 34 9 
2 34 5 
3 30 17 
t 1211 12 
m 1 0 
1 34 8 
2 34 6 
3 30 18 
t 1210 12 
m 1 0 
1 34 7 
2 34 5 
3 30 19 
t 1209 12 
m 2 0 
1 34 8 
2 34 4 
3 29 19 
t 1208 12 
m 1 0 
1 34 9 
2 34 3 
3 30 19 
t 1207 12 
m 2 0 
1 34 8 
2 34 2 
3 30 18 
t 1206 12 
m 2 0 
1 34 9 
2 34 1 
3 30 17 
t 1205 12 
m 3 0 
1 34 8 
2 34 0 
3 30 16 
t 1204 13 
m 3 0 
1 34 9 
2 33 0 
3 30 15 
t 1203 13 
m 4 0 
1 34 10 
2 32 0 
3 30 16 
t 1202 14 
m 3 0 
1 34 9 
2 31 0 
3 30 15 
t 1201 14 
m 2 0 
1 34 10 
2 32 0 
3 30 14 
t 1200 14 
m 2 0 
1 34 9 
2 31 0 
3 30 15 
t 1199 14 
m 1 0 
1 34 10 
2 30 0 
3 30 16 
t 1198 14 
m 1 0 
1 34 9 
2 29 0 
3 30 17 
t 1197 14 
m 2 0 
1 34 10 
2 30 0 
3 30 18 
t 1196 14 
m 3 0 
1 34 9 
2 30 1 
3 30 19 
t 1195 14 
m 4 0 
1 34 10 
2 30 2 
3 31 19 
t 1194 14 
m 4 0 
1 34 9 
2 30 3 
3 32 19 
t 1193 14 
m 4 0 
1 34 10 
2 30 4 
3 31 19 
t 1192 14 
m 3 0 
1 34 9 
2 29 4 
3 32 19 
t 1191 14 
m 3 0 
1 34 10 
2 28 4 
3 33 19 
t 1190 14 
m 4 0 
1 34 11 
2 29 4 
3 34 19 
t 1189 14 
m 3 0 
1 34 12 
2 30 4 
3 33 19 
t 1188 14 
m 3 0 
1 34 13 
2 29 4 
3 32 19 
t 1187 14 
m 2 0 
1 34 14 
2 28 4 
3 33 19 
t 1186 14 
m 1 0 
1 33 14 
2 28 3 
3 32 19 
t 1185 14 
m 0 0 
1 34 14 
2 27 3 
3 33 19 
t 1184 14 
m 1 0 
1 34 13 
2 28 3 
3 32 19 
t 1183 14 
m 0 0 
1 34 12 
2 27 3 
3 31 19 
t 1182 14 
m 0 0 
1 34 13 
2 28 3 
3 30 19 
t 1181 14 
m 1 0 
1 34 12 
2 28 2 
3 31 19 
t 1180 14 
m 0 0 
1 34 11 
2 28 1 
3 30 19 
t 1179 14 
m 1 0 
1 34 12 
2 28 0 
3 31 19 
t 1178 14 
m 1 0 
1 34 11 
2 29 0 
3 30 19 
t 1177 14 
m 2 0 
1 34 12 
2 28 0 
3 30 18 
t 1176 14 
m 2 0 
1 34 11 
2 29 0 
3 30 19 
t 1175 14 
m 3 0 
1 34 10 
2 28 0 
3 31 19 
t 1174 14 
m 2 0 
1 34 11 
2 27 0 
3 32 19 
t 1173 14 
m 2 0 
1 34 12 
2 28 0 
3 33 19 
t 1172 14 
m 1 0 
1 34 11 
2 27 0 
3 32 19 
t 1171 14 
m 1 0 
1 34 10 
2 28 0 
3 33 19 
t 1170 14 
m 0 0 
1 34 11 
2 29 0 
3 32 19 
t 1169 14 
m 1 0 
1 34 12 
2 28 0 
3 31 19 
t 1168 14 
m 0 0 
1 34 13 
2 29 0 
3 32 19 
t 1167 14 
m 0 0 
1 34 14 
2 30 0 
3 31 19 
t 1166 14 
m 0 0 
1 33 14 
2 31 0 
3 30 19 
t 1165 14 
m 1 0 
1 34 14 
2 32 0 
3 31 19 
t 1164 14 
m 0 0 
1 34 15 
2 31 0 
3 30 19 
t 1163 14 
m 1 0 
1 34 14 
2 30 0 
3 30 18 
t 1162 14 
m 2 0 
1 33 14 
2 31 0 
3 30 17 
t 1161 14 
m 3 0 
1 34 14 
2 30 0 
3 30 18 
t 1160 14 
m 3 0 
1 34 13 
2 31 0 
3 30 17 
t 1159 14 
m 2 0 
1 34 12 
2 30 0 
3 30 18 
t 1158 14 
m 1 0 
1 34 11 
2 29 0 
3 30 19 
t 1157 14 
m 2 0 
1 34 10 
2 28 0 
3 29 19 
t 1156 14 
m 3 0 
1 34 11 
2 28 1 
3 28 19 
t 1155 14 
m 2 0 
1 34 12 
2 28 2 
3 29 19 
t 1154 14 
m 2 0 
1 34 11 
2 28 1 
3 28 19 
t 1153 14 
m 3 0 
1 34 10 
2 28 2 
3 27 19 
t 1152 14 
m 4 0 
1 34 9 
2 28 3 
3 28 19 
t 1151 14 
m 4 1 
1 34 8 
2 28 2 
3 29 19 
t 1150 14 
m 4 0 
1 34 7 
2 28 1 
3 28 19 
t 1149 14 
m 4 1 
1 34 8 
2 28 2 
3 27 19 
t 1148 14 
m 4 0 
1 34 7 
2 28 3 
3 26 19 
t 1147 14 
m 3 0 
1 34 6 
2 28 2 
3 25 19 
t 1146 14 
m 2 0 
1 34 7 
2 28 3 
3 26 19 
t 1145 14 
m 2 0 
1 34 6 
2 28 4 
3 27 19 
t 1144 14 
m 3 0 
1 34 5 
2 29 4 
3 28 19 
t 1143 14 
m 4 0 
1 34 4 
2 30 4 
3 29 19 
t 1142 14 
m 5 0 
1 34 5 
2 29 4 
3 28 19 
t 1141 15 
m 6 0 
1 34 4 
2 28 4 
3 27 19 
t 1140 15 
m 5 0 
1 34 3 
2 28 3 
3 26 19 
t 1139 15 
m 6 0 
1 34 2 
2 28 2 
3 25 19 
t 1138 15 
m 6 1 
1 34 3 
2 28 3 
3 26 19 
t 1137 15 
m 6 1 
1 34 4 
2 28 2 
3 25 19 
t 1136 15 
m 6 1 
1 34 5 
2 28 1 
3 26 19 
t 1135 15 
m 6 1 
1 34 4 
2 28 0 
3 27 19 
t 1134 15 
m 6 2 
1 34 5 
2 29 0 
3 28 19 
t 1133 15 
m 6 1 
1 34 4 
2 28 0 
3 29 19 
t 1132 15 
m 6 2 
1 34 5 
2 28 1 
3 28 19 
t 1131 15 
m 6 2 
1 34 4 
2 28 0 
3 27 19 
t 1130 15 
m 6 3 
1 34 3 
2 29 0 
3 28 19 
t 1129 16 
m 6 3 
1 34 2 
2 28 0 
3 29 19 
t 1128 16 
m 7 3 
1 34 3 
2 28 1 
3 30 19 
t 1127 16 
m 8 3 
1 34 2 
2 28 2 
3 29 19 
t 1126 16 
m 8 2 
1 34 3 
2 28 1 
3 30 19 
t 1125 17 
m 8 1 
1 34 2 
2 28 0 
3 31 19 
t 1124 18 
m 8 0 
1 34 3 
2 29 0 
3 30 19 
t 1123 18 
m 9 0 
1 34 4 
2 28 0 
3 31 19 
t 1122 18 
m 9 0 
1 34 5 
2 28 1 
3 30 19 
t 1121 18 
m 10 0 
1 34 6 
2 28 0 
3 31 19 
t 1120 18 
m 9 0 
1 34 5 
2 28 1 
3 32 19 
t 1119 18 
m 9 0 
1 34 4 
2 28 0 
3 33 19 
t 1118 18 
m 10 0 
1 34 3 
2 27 0 
3 34 19 
t 1117 18 
m 11 0 
1 34 2 
2 26 0 
3 34 18 
t 1116 18 
m 10 0 
1 34 1 
2 26 1 
3 34 19 
t 1115 18 
m 10 0 
1 34 0 
2 26 0 
3 33 19 
t 1114 18 
m 9 0 
1 33 0 
2 27 0 
3 32 19 
t 1113 18 
m 10 0 
1 34 0 
2 26 0 
3 33 19 
t 1112 18 
m 10 0 
1 33 0 
2 27 0 
3 32 19 
t 1111 18 
m 9 0 
1 34 0 
2 28 0 
3 31 19 
t 1110 18 
m 9 0 
1 33 0 
2 29 0 
3 30 19 
t 1109 18 
m 10 0 
1 32 0 
2 28 0 
3 30 18 
t 1108 18 
m 10 0 
1 33 0 
2 29 0 
3 30 19 
t 1107 18 
m 11 0 
1 34 0 
2 28 0 
3 30 18 
t 1106 18 
m 11 0 
1 34 1 
2 29 0 
3 30 17 
t 1105 18 
m 10 0 
1 34 2 
2 28 0 
3 30 18 
t 1104 18 
m 11 0 
1 34 1 
2 28 1 
3 30 19 
t 1103 18 
m 12 0 
1 34 0 
2 28 2 
3 30 18 
t 1102 18 
m 11 0 
1 33 0 
2 28 3 
3 30 17 
t 1101 18 
m 10 0 
1 34 0 
2 28 4 
3 30 16 
t 1100 18 
m 10 0 
1 33 0 
2 29 4 
3 30 17 
t 1099 18 
m 9 0 
1 34 0 
2 28 4 
3 30 16 
t 1098 18 
m 9 0 
1 34 1 
2 29 4 
3 30 15 
t 1097 18 
m 9 0 
1 34 2 
2 28 4 
3 30 14 
t 1096 18 
m 10 0 
1 34 3 
2 28 3 
3 29 14 
t 1095 18 
m 10 0 
1 34 4 
2 28 2 
3 30 14 
t 1094 18 
m 9 0 
1 34 5 
2 28 1 
3 29 14 
t 1093 18 
m 10 0 
1 34 6 
2 28 0 
3 28 14 
t 1092 18 
m 11 0 
1 34 5 
2 28 1 
3 27 14 
t 1091 18 
m 10 0 
1 34 6 
2 28 0 
3 28 14 
t 1090 18 
m 9 0 
1 34 5 
2 28 1 
3 29 14 
t 1089 18 
m 10 0 
1 34 6 
2 28 0 
3 28 14 
t 1088 18 
m 11 0 
1 34 7 
2 29 0 
3 29 14 
t 1087 18 
m 11 0 
1 34 6 
2 28 0 
3 30 14 
t 1086 18 
m 11 0 
1 34 5 
2 28 1 
3 30 15 
t 1085 18 
m 11 0 
1 34 4 
2 28 2 
3 30 14 
t 1084 18 
m 11 0 
1 34 5 
2 28 1 
3 31 14 
t 1083 18 
m 11 0 
1 34 6 
2 28 2 
3 30 14 
t 1082 18 
m 12 0 
1 34 5 
2 28 3 
3 29 14 
t 1081 18 
m 11 0 
1 34 4 
2 28 4 
3 28 14 
t 1080 18 
m 11 0 
1 34 3 
2 28 3 
3 29 14 
t 1079 18 
m 11 0 
1 34 4 
2 28 2 
3 30 14 
t 1078 18 
m 10 0 
1 34 3 
2 28 1 
3 30 15 
t 1077 18 
m 9 0 
1 34 4 
2 28 0 
3 30 14 
t 1076 18 
m 10 0 
1 34 5 
2 27 0 
3 29 14 
t 1075 18 
m 11 0 
1 34 4 
2 28 0 
3 28 14 
t 1074 18 
m 12 0 
1 34 3 
2 29 0 
3 27 14 
t 1073 18 
m 11 0 
1 34 2 
2 28 0 
3 27 15 
t 1072 18 
m 10 0 
1 34 3 
2 27 0 
3 27 16 
t 1071 18 
m 11 0 
1 34 2 
2 26 0 
3 27 15 
t 1070 18 
m 10 0 
1 34 3 
2 25 0 
3 27 16 
t 1069 18 
m 11 0 
1 34 4 
2 24 0 
3 26 16 
t 1068 18 
m 12 0 
1 34 5 
2 23 0 
3 25 16 
t 1067 18 
m 11 0 
1 34 4 
2 24 0 
3 26 16 
t 1066 18 
m 12 0 
1 34 3 
2 25 0 
3 27 16 
t 1065 18 
m 13 0 
1 34 4 
2 24 0 
3 27 15 
t 1064 18 
m 12 0 
1 34 5 
2 23 0 
3 27 16 
t 1063 18 
m 13 0 
1 34 4 
2 24 0 
3 27 15 
t 1062 18 
m 12 0 
1 34 5 
2 23 0 
3 27 14 
t 1061 18 
m 11 0 
1 34 4 
2 24 0 
3 26 14 
t 1060 18 
m 10 0 
1 34 5 
2 23 0 
3 27 14 
t 1059 18 
m 10 0 
1 34 6 
2 22 0 
3 26 14 
t 1058 18 
m 9 0 
1 34 7 
2 21 0 
3 27 14 
t 1057 18 
m 8 0 
1 34 6 
2 22 0 
3 27 15 
t 1056 18 
m 7 0 
1 34 7 
2 23 0 
3 27 16 
t 1055 18 
m 8 0 
1 34 8 
2 24 0 
3 26 16 
t 1054 18 
m 8 1 
1 34 9 
2 25 0 
3 27 16 
t 1053 18 
m 8 0 
1 34 8 
2 26 0 
3 27 15 
t 1052 18 
m 7 0 
1 34 7 
2 25 0 
3 27 16 
t 1051 18 
m 8 0 
1 34 8 
2 24 0 
3 27 15 
t 1050 18 
m 9 0 
1 34 7 
2 25 0 
3 27 16 
t 1049 18 
m 10 0 
1 34 6 
2 24 0 
3 27 15 
t 1048 18 
m 11 0 
1 34 5 
2 25 0 
3 27 14 
t 1047 18 
m 10 0 
1 34 4 
2 26 0 
3 28 14 
t 1046 18 
m 11 0 
1 34 5 
2 25 0 
3 29 14 
t 1045 18 
m 11 0 
1 34 4 
2 26 0 
3 28 14 
t 1044 18 
m 11 0 
1 34 5 
2 25 0 
3 29 14 
t 1043 18 
m 10 0 
1 34 6 
2 24 0 
3 30 14 
t 1042 18 
m 9 0 
1 34 5 
2 25 0 
3 30 15 
t 1041 18 
m 9 0 
1 34 6 
2 26 0 
3 30 14 
t 1040 18 
m 10 0 
1 34 5 
2 27 0 
3 29 14 
t 1039 18 
m 9 0 
1 34 4 
2 28 0 
3 28 14 
t 1038 18 
m 9 0 
1 34 5 
2 29 0 
3 27 14 
t 1037 18 
m 9 0 
1 34 6 
2 30 0 
3 27 15 
t 1036 18 
m 10 0 
1 34 5 
2 29 0 
3 27 14 
t 1035 18 
m 9 0 
1 34 4 
2 28 0 
3 26 14 
t 1034 18 
m 9 0 
1 34 3 
2 28 1 
3 27 14 
t 1033 18 
m 8 0 
1 34 2 
2 28 2 
3 26 14 
t 1032 18 
m 9 0 
1 34 3 
2 28 3 
3 25 14 
t 1031 18 
m 10 0 
1 34 2 
2 28 2 
3 24 14 
t 1030 18 
m 11 0 
1 34 3 
2 28 3 
3 25 14 
t 1029 18 
m 12 0 
1 34 2 
2 27 3 
3 26 14 
t 1028 18 
m 11 0 
1 34 1 
2 28 3 
3 25 14 
t 1027 18 
m 12 0 
1 34 2 
2 28 2 
3 24 14 
t 1026 18 
m 12 0 
1 34 1 
2 28 3 
3 23 14 
t 1025 18 
m 11 0 
1 34 2 
2 28 4 
3 22 14 
t 1024 18 
m 12 0 
1 34 3 
2 29 4 
3 22 15 
t 1023 18 
m 11 0 
1 34 4 
2 28 4 
3 22 14 
t 1022 18 
m 12 0 
1 34 5 
2 28 3 
3 22 15 
t 1021 18 
m 11 0 
1 34 6 
2 28 2 
3 22 16 
t 1020 18 
m 11 0 
1 34 5 
2 28 3 
3 21 16 
t 1019 18 
m 11 0 
1 34 6 
2 27 3 
3 21 17 
t 1018 18 
m 11 0 
1 34 7 
2 28 3 
3 21 16 
t 1017 18 
m 11 0 
1 34 8 
2 27 3 
3 20 16 
t 1016 18 
m 10 0 
1 34 9 
2 28 3 
3 20 15 
t 1015 18 
m 11 0 
1 34 10 
2 27 3 
3 20 16 
t 1014 18 
m 12 0 
1 34 9 
2 26 3 
3 21 16 
t 1013 18 
m 12 0 
1 34 8 
2 26 2 
3 22 16 
t 1012 18 
m 11 0 
1 34 7 
2 26 1 
3 22 15 
t 1011 18 
m 11 0 
1 34 8 
2 26 2 
3 22 16 
t 1010 18 
m 11 0 
1 34 7 
2 26 1 
3 21 16 
t 1009 18 
m 12 0 
1 34 8 
2 26 2 
3 20 16 
t 1008 18 
m 13 0 
1 34 9 
2 26 1 
3 21 16 
t 1007 18 
m 12 0 
1 34 10 
2 26 2 
3 20 16 
t 1006 18 
m 11 0 
1 34 9 
2 26 1 
3 21 16 
t 1005 18 
m 12 0 
1 34 8 
2 26 2 
3 22 16 
t 1004 18 
m 13 0 
1 34 7 
2 26 1 
3 21 16 
t 1003 18 
m 13 1 
1 34 6 
2 26 2 
3 22 16 
t 1002 18 
m 13 1 
1 34 7 
2 26 3 
3 21 16 
t 1001 18 
m 13 0 
1 34 8 
2 27 3 
3 21 17 
t 1000 18 
m 12 0 
1 34 9 
2 28 3 
3 21 16 
t 999 18 
m 11 0 
1 34 8 
2 27 3 
3 22 16 
t 998 18 
m 10 0 
1 34 9 
2 28 3 
3 21 16 
t 997 18 
m 10 0 
1 34 10 
2 28 4 
3 21 17 
t 996 18 
m 10 0 
1 34 9 
2 28 3 
3 21 18 
t 995 18 
m 10 0 
1 34 8 
2 28 2 
3 21 19 
t 994 18 
m 10 0 
1 34 7 
2 28 3 
3 22 19 
t 993 18 
m 10 0 
1 34 8 
2 27 3 
3 23 19 
t 992 18 
m 11 0 
1 34 9 
2 28 3 
3 24 19 
t 991 18 
m 12 0 
1 34 8 
2 28 4 
3 24 18 
t 990 18 
m 12 0 
1 34 7 
2 28 3 
3 24 17 
t 989 18 
m 13 0 
1 34 8 
2 28 2 
3 24 18 
t 988 18 
m 13 0 
1 34 7 
2 28 1 
3 24 17 
t 987 18 
m 13 1 
1 34 8 
2 28 0 
3 24 16 
t 986 18 
m 13 1 
1 34 7 
2 27 0 
3 25 16 
t 985 18 
m 13 0 
1 34 8 
2 28 0 
3 26 16 
t 984 18 
m 13 1 
1 34 7 
2 28 1 
3 27 16 
t 983 18 
m 13 0 
1 34 8 
2 28 2 
3 26 16 
t 982 18 
m 13 0 
1 34 9 
2 28 3 
3 27 16 
t 981 18 
m 13 1 
1 34 10 
2 28 4 
3 27 15 
t 980 18 
m 13 2 
1 34 11 
2 29 4 
3 27 16 
t 979 28 
m 13 1 
1 34 10 
2 28 4 
3 26 16 
t 978 28 
m 13 0 
1 34 9 
2 28 3 
3 27 16 
t 977 28 
m 13 1 
1 34 10 
2 28 2 
3 26 16 
t 976 28 
m 13 0 
1 34 9 
2 28 3 
3 25 16 
t 975 28 
m 13 0 
1 34 8 
2 28 4 
3 24 16 
t 974 28 
m 13 1 
1 34 7 
2 28 3 
3 25 16 
t 973 28 
m 13 0 
1 34 6 
2 27 3 
3 24 16 
t 972 28 
m 13 1 
1 34 7 
2 28 3 
3 25 16 
t 971 28 
m 13 1 
1 34 6 
2 27 3 
3 26 16 
t 970 28 
m 13 1 
1 34 7 
2 26 3 
3 25 16 
t 969 28 
m 13 1 
1 34 8 
2 26 4 
3 26 16 
t 968 28 
m 13 0 
1 34 9 
2 26 5 
3 25 16 
t 967 28 
m 13 0 
1 34 8 
2 26 6 
3 24 16 
t 966 28 
m 13 0 
1 34 9 
2 26 5 
3 24 17 
t 965 28 
m 13 1 
1 34 8 
2 26 4 
3 24 16 
t 964 28 
m 13 2 
1 34 7 
2 26 5 
3 25 16 
t 963 28 
m 13 1 
1 34 8 
2 26 6 
3 24 16 
t 962 28 
m 13 0 
1 34 7 
2 26 7 
3 24 17 
t 961 28 
m 13 1 
1 34 8 
2 26 8 
3 24 18 
t 960 28 
m 13 1 
1 34 7 
2 26 7 
3 24 17 
t 959 28 
m 13 1 
1 34 8 
2 26 6 
3 24 18 
t 958 28 
m 13 0 
1 34 7 
2 26 7 
3 24 19 
t 957 28 
m 12 0 
1 34 8 
2 26 8 
3 23 19 
t 956 28 
m 12 0 
1 34 9 
2 26 7 
3 24 19 
t 955 28 
m 12 0 
1 34 8 
2 26 8 
3 24 18 
t 954 28 
m 12 0 
1 34 7 
2 25 8 
3 24 17 
t 953 28 
m 11 0 
1 34 6 
2 26 8 
3 24 18 
t 952 28 
m 12 0 
1 34 7 
2 25 8 
3 24 17 
t 951 28 
m 11 0 
1 34 6 
2 24 8 
3 24 18 
t 950 28 
m 12 0 
1 34 7 
2 25 8 
3 24 17 
t 949 28 
m 12 0 
1 34 6 
2 25 9 
3 24 18 
t 948 28 
m 12 0 
1 34 5 
2 25 10 
3 24 19 
t 947 28 
m 11 0 
1 34 4 
2 25 9 
3 25 19 
t 946 28 
m 11 0 
1 34 5 
2 25 10 
3 24 19 
t 945 28 
m 11 0 
1 34 4 
2 25 11 
3 24 18 
t 944 28 
m 10 0 
1 34 3 
2 25 12 
3 24 17 
t 943 28 
m 11 0 
1 34 2 
2 25 13 
3 24 18 
t 942 28 
m 11 0 
1 34 1 
2 25 12 
3 24 19 
t 941 28 
m 10 0 
1 34 2 
2 25 13 
3 23 19 
t 940 28 
m 10 0 
1 34 3 
2 25 12 
3 22 19 
t 939 28 
m 9 0 
1 34 4 
2 25 11 
3 21 19 
t 938 28 
m 10 0 
1 34 3 
2 25 10 
3 22 19 
t 937 28 
m 9 0 
1 34 2 
2 25 9 
3 23 19 
t 936 28 
m 10 0 
1 34 3 
2 25 8 
3 24 19 
t 935 28 
m 9 0 
1 34 4 
2 24 8 
3 25 19 
t 934 28 
m 8 0 
1 34 5 
2 24 7 
3 26 19 
t 933 28 
m 9 0 
1 34 6 
2 24 6 
3 27 19 
t 932 28 
m 10 0 
1 34 7 
2 24 7 
3 28 19 
t 931 28 
m 11 0 
1 34 6 
2 24 6 
3 27 19 
t 930 28 
f 17 9 
m 12 0 
1 34 7 
2 24 5 
3 26 19 
t 929 28 
m 12 0 
1 34 6 
2 24 4 
3 25 19 
t 928 28 
m 11 0 
1 34 5 
2 25 4 
3 26 19 
t 927 28 
m 10 0 
1 34 6 
2 24 4 
3 25 19 
t 926 28 
m 10 0 
1 34 5 
2 25 4 
3 24 19 
t 925 28 
m 9 0 
1 34 6 
2 24 4 
3 25 19 
t 924 28 
m 10 0 
1 34 7 
2 24 5 
3 24 19 
t 923 28 
m 9 0 
1 34 6 
2 24 6 
3 25 19 
t 922 28 
m 10 0 
1 34 5 
2 24 7 
3 26 19 
t 921 28 
m 10 0 
1 34 4 
2 24 8 
3 25 19 
t 920 28 
m 9 0 
1 34 3 
2 23 8 
3 26 19 
t 919 28 
m 8 0 
1 34 4 
2 22 8 
3 25 19 
t 918 28 
m 8 0 
1 34 3 
2 23 8 
3 26 19 
t 917 28 
m 9 0 
1 34 4 
2 24 8 
3 25 19 
t 916 28 
m 10 0 
1 34 5 
2 25 8 
3 24 19 
t 915 28 
m 9 0 
1 34 6 
2 25 9 
3 25 19 
t 914 28 
m 9 0 
1 34 5 
2 25 10 
3 24 19 
t 913 28 
m 9 0 
1 34 4 
2 25 11 
3 24 18 
t 912 28 
m 9 0 
1 34 3 
2 25 12 
3 24 19 
t 911 28 
m 9 0 
1 34 4 
2 25 11 
3 23 19 
t 910 28 
m 8 0 
1 34 5 
2 25 10 
3 22 19 
t 909 28 
m 9 0 
1 34 6 
2 25 11 
3 23 19 
t 908 28 
m 9 0 
1 34 5 
2 25 12 
3 24 19 
t 907 28 
m 10 0 
1 34 6 
2 25 11 
3 24 18 
t 906 28 
m 10 0 
1 34 5 
2 25 12 
3 24 17 
t 905 28 
m 10 0 
1 34 6 
2 25 13 
3 24 18 
t 904 28 
m 9 0 
1 34 7 
2 25 14 
3 24 19 
t 903 28 
m 8 0 
1 34 6 
2 25 13 
3 25 19 
t 902 28 
m 8 0 
1 34 5 
2 25 14 
3 24 19 
t 901 28 
m 8 0 
1 34 4 
2 25 13 
3 25 19 
t 900 28 
m 9 0 
1 34 3 
2 25 14 
3 24 19 
t 899 28 
m 8 0 
1 34 2 
2 26 14 
3 25 19 
t 898 28 
m 8 0 
1 34 3 
2 27 14 
3 24 19 
t 897 28 
m 9 0 
1 34 4 
2 26 14 
3 23 19 
t 896 28 
m 8 0 
1 34 5 
2 27 14 
3 24 19 
t 895 28 
m 9 0 
1 34 4 
2 28 14 
3 25 19 
t 894 28 
m 10 0 
1 34 3 
2 29 14 
3 26 19 
t 893 28 
m 9 0 
1 34 2 
2 30 14 
3 27 19 
t 892 28 
m 10 0 
1 34 1 
2 30 15 
3 26 19 
t 891 28 
m 10 0 
1 34 0 
2 30 16 
3 25 19 
t 890 28 
m 10 0 
1 33 0 
2 30 17 
3 26 19 
t 889 28 
m 9 0 
1 34 0 
2 30 18 
3 25 19 
t 888 28 
m 9 0 
1 34 1 
2 30 19 
3 26 19 
t 887 28 
m 9 0 
1 34 0 
2 31 19 
3 27 19 
t 886 28 
m 10 0 
1 34 1 
2 30 19 
3 28 19 
t 885 28 
m 9 0 
1 34 2 
2 29 19 
3 27 19 
t 884 28 
m 8 0 
1 34 3 
2 30 19 
3 28 19 
t 883 28 
m 8 0 
1 34 2 
2 30 18 
3 27 19 
t 882 28 
m 9 0 
1 34 3 
2 30 17 
3 26 19 
t 881 28 
m 10 0 
1 34 2 
2 30 18 
3 25 19 
t 880 28 
m 9 0 
1 34 1 
2 30 19 
3 24 19 
t 879 28 
m 8 0 
1 34 0 
2 29 19 
3 23 19 
t 878 28 
m 8 0 
1 33 0 
2 28 19 
3 24 19 
t 877 28 
m 8 1 
1 34 0 
2 29 19 
3 23 19 
t 876 28 
m 8 0 
1 33 0 
2 28 19 
3 22 19 
t 875 28 
m 8 1 
1 34 0 
2 29 19 
3 21 19 
t 874 28 
m 8 0 
1 34 1 
2 30 19 
3 22 19 
t 873 28 
m 8 0 
1 34 0 
2 31 19 
3 23 19 
t 872 28 
m 8 0 
1 33 0 
2 32 19 
3 22 19 
t 871 28 
m 8 1 
1 34 0 
2 33 19 
3 21 19 
t 870 28 
m 8 0 
1 33 0 
2 34 19 
3 22 19 
t 869 28 
m 9 0 
1 34 0 
2 34 18 
3 23 19 
t 868 28 
m 9 0 
1 33 0 
2 34 17 
3 24 19 
t 867 28 
m 9 0 
1 32 0 
2 34 16 
3 25 19 
t 866 28 
m 8 0 
1 31 0 
2 34 15 
3 24 19 
t 865 28 
m 9 0 
1 32 0 
2 34 14 
3 25 19 
t 864 28 
m 9 0 
1 33 0 
2 34 15 
3 26 19 
t 863 28 
m 10 0 
1 34 0 
2 34 16 
3 27 19 
t 862 28 
m 11 0 
1 34 1 
2 34 15 
3 26 19 
t 861 28 
m 11 0 
1 34 0 
2 34 14 
3 25 19 
t 860 28 
m 11 0 
1 34 1 
2 33 14 
3 24 19 
t 859 28 
m 12 0 
1 34 2 
2 32 14 
3 23 19 
t 858 28 
m 11 0 
1 34 3 
2 31 14 
3 22 19 
t 857 28 
m 11 0 
1 34 4 
2 30 14 
3 23 19 
t 856 28 
m 10 0 
1 34 3 
2 31 14 
3 24 19 
t 855 28 
m 9 0 
1 34 4 
2 32 14 
3 25 19 
t 854 28 
m 9 0 
1 34 5 
2 31 14 
3 26 19 
t 853 28 
m 8 0 
1 34 6 
2 30 14 
3 25 19 
t 852 28 
m 9 0 
1 34 7 
2 29 14 
3 26 19 
t 851 28 
m 10 0 
1 34 8 
2 28 14 
3 27 19 
t 850 28 
m 11 0 
1 34 9 
2 29 14 
3 26 19 
t 849 28 
m 11 0 
1 34 10 
2 30 14 
3 25 19 
t 848 28 
m 11 0 
1 34 11 
2 30 15 
3 26 19 
t 847 28 
m 10 0 
1 34 10 
2 30 16 
3 27 19 
t 846 28 
m 11 0 
1 34 11 
2 30 17 
3 26 19 
t 845 28 
m 10 0 
1 34 12 
2 30 16 
3 25 19 
t 844 28 
m 9 0 
1 34 11 
2 30 17 
3 24 19 
t 843 28 
m 8 0 
1 34 12 
2 30 18 
3 23 19 
t 842 28 
m 8 0 
1 34 13 
2 30 19 
3 22 19 
t 841 28 
m 7 0 
1 34 14 
2 30 18 
3 21 19 
t 840 28 
m 8 0 
1 33 14 
2 30 17 
3 21 18 
t 839 28 
m 8 0 
1 34 14 
2 30 18 
3 21 17 
t 838 28 
m 8 1 
1 34 13 
2 30 19 
3 21 18 
t 837 28 
m 8 0 
1 34 14 
2 29 19 
3 21 19 
t 836 28 
m 7 0 
1 34 13 
2 28 19 
3 20 19 
t 835 28 
m 6 0 
1 34 14 
2 29 19 
3 19 19 
t 834 28 
m 7 0 
1 33 14 
2 28 19 
3 20 19 
t 833 28 
m 8 0 
1 32 14 
2 27 19 
3 21 19 
t 832 28 
m 9 0 
1 31 14 
2 26 19 
3 22 19 
t 831 28 
m 8 0 
1 30 14 
2 25 19 
3 23 19 
t 830 28 
m 8 0 
1 31 14 
2 24 19 
3 24 19 
t 829 28 
m 9 0 
1 32 14 
2 25 19 
3 24 18 
t 828 28 
m 10 0 
1 31 14 
2 26 19 
3 24 17 
t 827 28 
m 11 0 
1 30 14 
2 25 19 
3 24 18 
t 826 28 
m 10 0 
1 29 14 
2 24 19 
3 24 17 
t 825 28 
m 10 0 
1 28 14 
2 23 19 
3 24 16 
t 824 28 
m 11 0 
1 27 14 
2 22 19 
3 25 16 
t 823 28 
m 10 0 
1 28 14 
2 23 19 
3 24 16 
t 822 28 
m 11 0 
1 27 14 
2 24 19 
3 24 17 
t 821 28 
m 10 0 
1 27 15 
2 24 18 
3 24 16 
t 820 28 
m 9 0 
1 27 14 
2 24 17 
3 23 16 
t 819 28 
m 9 0 
1 27 15 
2 24 16 
3 22 16 
t 818 28 
m 10 0 
1 27 14 
2 24 17 
3 22 15 
t 817 28 
m 10 0 
1 28 14 
2 24 16 
3 22 16 
t 816 28 
m 11 0 
1 27 14 
2 23 16 
3 21 16 
t 815 28 
m 10 0 
1 28 14 
2 22 16 
3 22 16 
t 814 28 
m 9 0 
1 29 14 
2 23 16 
3 23 16 
t 813 28 
m 9 0 
1 30 14 
2 24 16 
3 22 16 
t 812 28 
m 10 0 
1 29 14 
2 25 16 
3 22 15 
t 811 28 
m 10 0 
1 30 14 
2 26 16 
3 22 16 
t 810 28 
m 9 0 
1 31 14 
2 25 16 
3 23 16 
t 809 28 
m 8 0 
1 30 14 
2 24 16 
3 24 16 
t 808 28 
m 9 0 
1 30 15 
2 24 17 
3 25 16 
t 807 28 
m 8 0 
1 30 14 
2 24 18 
3 24 16 
t 806 28 
m 9 0 
1 30 15 
2 24 19 
3 23 16 
t 805 28 
m 9 0 
1 30 16 
2 24 18 
3 22 16 
t 804 28 
m 10 0 
1 30 17 
2 24 19 
3 22 15 
t 803 28 
m 10 0 
1 30 18 
2 23 19 
3 22 14 
t 802 28 
m 9 0 
1 30 17 
2 24 19 
3 21 14 
t 801 28 
m 10 0 
1 30 18 
2 25 19 
3 21 13 
t 800 28 
m 9 0 
1 30 19 
2 26 19 
3 21 12 
t 799 28 
m 8 0 
1 30 18 
2 25 19 
3 21 13 
t 798 28 
m 9 0 
1 30 17 
2 26 19 
3 21 12 
t 797 28 
m 8 0 
1 30 16 
2 25 19 
3 21 13 
t 796 28 
m 9 0 
1 30 15 
2 26 19 
3 21 12 
t 795 28 
m 8 0 
1 30 14 
2 25 19 
3 21 11 
t 794 28 
m 8 0 
1 31 14 
2 24 19 
3 21 10 
t 793 28 
m 8 0 
1 32 14 
2 25 19 
3 21 11 
t 792 28 
m 8 0 
1 33 14 
2 26 19 
3 21 10 
t 791 28 
m 8 0 
1 34 14 
2 25 19 
3 21 11 
t 790 28 
m 8 0 
1 34 13 
2 24 19 
3 21 10 
t 789 28 
m 8 0 
1 34 12 
2 25 19 
3 21 9 
t 788 28 
m 8 0 
1 34 13 
2 24 19 
3 20 9 
t 787 28 
m 8 0 
1 34 12 
2 23 19 
3 19 9 
t 786 28 
m 8 0 
1 34 11 
2 24 19 
3 18 9 
t 785 28 
m 8 0 
1 34 10 
2 24 18 
3 19 9 
t 784 28 
m 8 0 
1 34 11 
2 24 17 
3 20 9 
t 783 28 
m 9 0 
1 34 12 
2 24 18 
3 19 9 
t 782 28 
m 8 0 
1 34 11 
2 24 19 
3 18 9 
t 781 28 
m 7 0 
1 34 12 
2 24 18 
3 18 10 
t 780 28 
m 8 0 
1 34 11 
2 24 17 
3 18 9 
t 779 28 
m 8 0 
1 34 10 
2 24 18 
3 19 9 
t 778 28 
m 8 0 
1 34 11 
2 24 17 
3 18 9 
t 777 28 
m 8 0 
1 34 12 
2 24 18 
3 17 9 
t 776 28 
m 9 0 
1 34 11 
2 24 17 
3 18 9 
t 775 28 
m 8 0 
1 34 12 
2 24 16 
3 17 9 
t 774 28 
m 9 0 
1 34 13 
2 24 17 
3 16 9 
t 773 28 
m 10 0 
1 34 14 
2 24 18 
3 15 9 
t 772 28 
m 10 0 
1 33 14 
2 24 17 
3 16 9 
t 771 28 
m 11 0 
1 32 14 
2 24 18 
3 15 9 
t 770 28 
m 10 0 
1 33 14 
2 24 17 
3 14 9 
t 769 28 
m 11 0 
1 34 14 
2 24 16 
3 13 9 
t 768 28 
m 12 0 
1 34 15 
2 23 16 
3 14 9 
t 767 28 
m 13 0 
1 34 14 
2 22 16 
3 13 9 
t 766 28 
m 13 0 
1 34 15 
2 21 16 
3 14 9 
t 765 28 
m 12 0 
1 34 16 
2 21 17 
3 13 9 
t 764 28 
m 11 0 
1 34 17 
2 21 16 
3 14 9 
t 763 28 
m 11 0 
1 34 16 
2 21 17 
3 13 9 
t 762 28 
m 11 0 
1 34 17 
2 21 18 
3 14 9 
t 761 28 
m 11 0 
1 34 18 
2 21 19 
3 15 9 
t 760 28 
m 10 0 
1 34 17 
2 21 18 
3 14 9 
t 759 28 
m 10 0 
1 34 18 
2 21 19 
3 13 9 
t 758 28 
m 9 0 
1 34 19 
2 22 19 
3 14 9 
t 757 28 
m 10 0 
1 33 19 
2 21 19 
3 15 9 
t 756 28 
m 9 0 
1 34 19 
2 22 19 
3 16 9 
t 755 28 
m 9 0 
1 34 18 
2 23 19 
3 17 9 
t 754 28 
m 10 0 
1 34 17 
2 24 19 
3 18 9 
t 753 28 
m 11 0 
1 34 18 
2 24 18 
3 18 10 
t 752 28 
m 12 0 
1 34 17 
2 24 19 
3 18 9 
t 751 28 
m 12 0 
1 34 16 
2 23 19 
3 19 9 
t 750 28 
m 11 0 
1 34 17 
2 24 19 
3 20 9 
t 749 28 
m 10 0 
1 34 18 
2 25 19 
3 21 9 
t 748 28 
m 9 0 
1 34 17 
2 24 19 
3 21 8 
t 747 28 
m 10 0 
1 34 18 
2 25 19 
3 22 8 
t 746 28 
m 10 0 
1 34 17 
2 26 19 
3 21 8 
t 745 28 
m 10 0 
1 34 16 
2 27 19 
3 22 8 
t 744 28 
m 11 0 
1 34 15 
2 26 19 
3 23 8 
t 743 28 
m 11 0 
1 34 14 
2 27 19 
3 24 8 
t 742 28 
m 12 0 
1 34 15 
2 26 19 
3 24 7 
t 741 28 
m 12 0 
1 34 16 
2 25 19 
3 24 6 
t 740 28 
m 12 0 
1 34 15 
2 26 19 
3 24 5 
t 739 28 
m 11 0 
1 34 16 
2 27 19 
3 24 4 
t 738 28 
m 12 0 
1 34 15 
2 26 19 
3 24 5 
t 737 28 
m 13 0 
1 34 14 
2 27 19 
3 24 4 
t 736 28 
m 13 1 
1 34 13 
2 28 19 
3 25 4 
t 735 28 
m 13 2 
1 34 12 
2 27 19 
3 26 4 
t 734 28 
m 13 1 
1 34 11 
2 26 19 
3 26 5 
t 733 28 
m 13 1 
1 34 10 
2 27 19 
3 26 6 
t 732 28 
m 13 0 
1 34 9 
2 28 19 
3 26 5 
t 731 28 
m 13 0 
1 34 8 
2 29 19 
3 26 4 
t 730 28 
m 13 1 
1 34 9 
2 30 19 
3 26 3 
t 729 28 
m 13 2 
1 34 8 
2 31 19 
3 27 3 
t 728 28 
m 13 3 
1 34 9 
2 32 19 
3 26 3 
t 727 28 
m 13 4 
1 34 8 
2 31 19 
3 26 4 
t 726 29 
m 13 4 
1 34 9 
2 32 19 
3 25 4 
t 725 29 
m 13 5 
1 34 10 
2 31 19 
3 24 4 
t 724 29 
m 13 6 
1 34 11 
2 30 19 
3 25 4 
t 723 29 
m 13 6 
1 34 10 
2 29 19 
3 24 4 
t 722 29 
m 13 7 
1 34 11 
2 30 19 
3 24 5 
t 721 30 
m 13 6 
1 34 10 
2 29 19 
3 24 6 
t 720 30 
m 13 7 
1 34 9 
2 30 19 
3 24 7 
t 719 30 
m 13 6 
1 34 10 
2 30 18 
3 24 8 
t 718 30 
m 13 5 
1 34 11 
2 30 17 
3 25 8 
t 717 30 
m 13 5 
1 34 10 
2 30 18 
3 26 8 
t 716 30 
m 13 5 
1 34 9 
2 30 17 
3 26 7 
t 715 30 
m 13 4 
1 34 8 
2 30 16 
3 26 6 
t 714 30 
m 13 5 
1 34 7 
2 30 17 
3 26 5 
t 713 30 
m 13 5 
1 34 6 
2 30 18 
3 26 4 
t 712 30 
m 13 6 
1 34 7 
2 30 17 
3 26 3 
t 711 30 
m 13 7 
1 34 8 
2 30 18 
3 27 3 
t 710 30 
m 13 6 
1 34 9 
2 30 19 
3 26 3 
t 709 30 
m 13 7 
1 34 10 
2 29 19 
3 27 3 
t 708 30 
m 13 7 
1 34 9 
2 28 19 
3 26 3 
t 707 30 
m 13 8 
1 34 10 
2 29 19 
3 26 4 
t 706 30 
m 13 9 
1 34 9 
2 30 19 
3 25 4 
t 705 30 
m 14 9 
1 34 10 
2 29 19 
3 24 4 
t 704 30 
m 15 9 
1 34 9 
2 28 19 
3 25 4 
t 703 30 
m 14 9 
1 34 8 
2 29 19 
3 26 4 
t 702 30 
m 15 9 
1 34 9 
2 28 19 
3 26 5 
t 701 30 
m 15 9 
1 34 8 
2 27 19 
3 26 4 
t 700 30 
m 16 9 
1 34 9 
2 28 19 
3 25 4 
t 699 31 
m 16 9 
1 34 8 
2 29 19 
3 26 4 
t 698 31 
m 15 9 
1 34 9 
2 30 19 
3 26 5 
t 697 31 
m 15 9 
1 34 10 
2 29 19 
3 26 4 
t 696 31 
m 14 9 
1 34 9 
2 30 19 
3 25 4 
t 695 31 
m 15 9 
1 34 8 
2 29 19 
3 26 4 
t 694 31 
m 15 9 
1 34 9 
2 30 19 
3 25 4 
t 693 31 
m 15 9 
1 34 10 
2 30 18 
3 26 4 
t 692 31 
m 14 9 
1 34 9 
2 30 19 
3 26 3 
t 691 31 
m 15 9 
1 34 8 
2 31 19 
3 27 3 
t 690 31 
m 16 9 
1 34 7 
2 30 19 
3 26 3 
t 689 31 
m 16 10 
1 34 6 
2 31 19 
3 26 2 
t 688 32 
m 16 9 
1 34 5 
2 32 19 
3 26 3 
t 687 32 
m 16 10 
1 34 4 
2 33 19 
3 27 3 
t 686 32 
m 16 9 
1 34 5 
2 32 19 
3 28 3 
t 685 32 
m 16 10 
1 34 4 
2 33 19 
3 28 4 
t 684 32 
m 16 11 
1 34 3 
2 34 19 
3 28 3 
t 683 32 
m 16 11 
1 34 4 
2 33 19 
3 28 2 
t 682 32 
m 16 12 
1 34 5 
2 34 19 
3 28 3 
t 681 32 
m 16 13 
1 34 4 
2 34 18 
3 27 3 
t 680 33 
m 16 12 
1 34 3 
2 34 19 
3 26 3 
t 679 33 
m 16 13 
1 34 2 
2 33 19 
3 27 3 
t 678 33 
m 16 13 
1 34 1 
2 32 19 
3 28 3 
t 677 33 
m 16 12 
1 34 0 
2 31 19 
3 27 3 
t 676 33 
m 16 13 
1 34 1 
2 30 19 
3 26 3 
t 675 33 
m 16 14 
1 34 2 
2 31 19 
3 27 3 
t 674 34 
m 16 13 
1 34 3 
2 30 19 
3 28 3 
t 673 34 
m 16 12 
1 34 4 
2 31 19 
3 28 2 
t 672 34 
m 16 13 
1 34 3 
2 30 19 
3 28 3 
t 671 34 
m 16 14 
1 34 4 
2 30 18 
3 27 3 
t 670 34 
m 17 14 
1 34 3 
2 30 17 
3 28 3 
t 669 34 
m 17 14 
1 34 4 
2 30 18 
3 28 2 
t 668 34 
m 16 14 
1 34 3 
2 30 17 
3 28 1 
t 667 34 
m 15 14 
1 34 4 
2 30 16 
3 28 2 
t 666 34 
m 14 14 
1 34 3 
2 30 17 
3 28 1 
t 665 34 
m 14 14 
1 34 4 
2 30 18 
3 28 2 
t 664 34 
m 15 14 
1 34 3 
2 30 19 
3 28 3 
t 663 34 
m 15 14 
1 34 4 
2 30 18 
3 28 2 
t 662 34 
m 15 14 
1 34 3 
2 30 19 
3 28 3 
t 661 34 
m 14 14 
1 34 2 
2 30 18 
3 28 4 
t 660 34 
m 14 14 
1 34 1 
2 30 19 
3 28 3 
t 659 34 
m 13 14 
1 34 0 
2 29 19 
3 28 4 
t 658 34 
m 13 13 
1 34 1 
2 28 19 
3 29 4 
t 657 35 
m 13 12 
1 34 0 
2 27 19 
3 30 4 
t 656 35 
m 13 11 
1 34 1 
2 28 19 
3 29 4 
t 655 36 
m 13 11 
1 34 2 
2 27 19 
3 30 4 
t 654 36 
m 13 10 
1 34 1 
2 26 19 
3 29 4 
t 653 37 
m 13 9 
1 34 2 
2 27 19 
3 28 4 
t 652 37 
m 13 8 
1 34 3 
2 28 19 
3 28 3 
t 651 37 
m 12 8 
1 34 2 
2 29 19 
3 28 4 
t 650 37 
m 13 8 
1 34 3 
2 30 19 
3 28 3 
t 649 37 
m 12 8 
1 34 4 
2 30 18 
3 27 3 
t 648 37 
m 13 8 
1 34 5 
2 30 17 
3 26 3 
t 647 37 
m 12 8 
1 34 6 
2 30 16 
3 26 4 
t 646 37 
m 11 8 
1 34 7 
2 30 17 
3 25 4 
t 645 37 
m 12 8 
1 34 6 
2 30 16 
3 24 4 
t 644 37 
m 11 8 
1 34 5 
2 30 15 
3 24 5 
t 643 37 
m 10 8 
1 34 6 
2 30 14 
3 24 6 
t 642 37 
m 10 7 
1 34 5 
2 31 14 
3 24 5 
t 641 38 
m 10 7 
1 34 6 
2 32 14 
3 24 6 
t 640 38 
m 10 7 
1 34 7 
2 31 14 
3 24 7 
t 639 38 
m 10 7 
1 34 6 
2 30 14 
3 24 8 
t 638 38 
m 10 8 
1 34 5 
2 31 14 
3 23 8 
t 637 38 
m 10 7 
1 34 6 
2 32 14 
3 22 8 
t 636 38 
m 10 6 
1 34 5 
2 31 14 
3 21 8 
t 635 38 
m 10 5 
1 34 4 
2 30 14 
3 22 8 
t 634 39 
m 10 6 
1 34 3 
2 29 14 
3 23 8 
t 633 39 
m 10 5 
1 34 2 
2 28 14 
3 24 8 
t 632 39 
m 10 4 
1 34 3 
2 29 14 
3 24 7 
t 631 39 
m 10 5 
1 34 2 
2 28 14 
3 24 6 
t 630 39 
m 10 6 
1 34 3 
2 27 14 
3 24 7 
t 629 39 
m 10 6 
1 34 2 
2 28 14 
3 24 8 
t 628 39 
m 10 5 
1 34 1 
2 29 14 
3 25 8 
t 627 39 
m 10 6 
1 34 2 
2 28 14 
3 26 8 
t 626 39 
m 10 6 
1 34 3 
2 29 14 
3 26 7 
t 625 39 
m 10 5 
1 34 2 
2 28 14 
3 26 6 
t 624 39 
m 10 4 
1 34 3 
2 27 14 
3 26 7 
t 623 39 
m 9 4 
1 34 4 
2 27 15 
3 26 6 
t 622 39 
m 9 4 
1 34 3 
2 27 14 
3 26 7 
t 621 39 
m 10 4 
1 34 2 
2 27 15 
3 26 8 
t 620 39 
m 10 5 
1 34 1 
2 27 16 
3 25 8 
t 619 39 
m 10 5 
1 34 0 
2 27 15 
3 24 8 
t 618 39 
m 10 6 
1 34 1 
2 27 16 
3 25 8 
t 617 39 
m 10 7 
1 34 2 
2 27 15 
3 24 8 
t 616 39 
m 10 7 
1 34 3 
2 27 14 
3 25 8 
t 615 39 
m 10 8 
1 34 4 
2 27 15 
3 24 8 
t 614 39 
m 9 8 
1 34 3 
2 27 14 
3 24 7 
t 613 39 
m 9 9 
1 34 2 
2 26 14 
3 24 6 
t 612 39 
m 9 10 
1 34 3 
2 27 14 
3 24 5 
t 611 39 
m 9 9 
1 34 2 
2 26 14 
3 24 6 
t 610 39 
m 9 8 
1 34 3 
2 27 14 
3 24 7 
t 609 39 
m 10 8 
1 34 4 
2 27 15 
3 24 8 
t 608 39 
m 10 7 
1 34 3 
2 27 16 
3 24 7 
t 607 39 
m 10 8 
1 34 4 
2 27 15 
3 24 8 
t 606 39 
m 10 8 
1 34 3 
2 27 16 
3 23 8 
t 605 39 
m 9 8 
1 34 4 
2 27 15 
3 24 8 
t 604 39 
m 9 9 
1 34 3 
2 27 14 
3 25 8 
t 603 39 
m 9 8 
1 34 2 
2 27 15 
3 25 9 
t 602 39 
m 9 9 
1 34 1 
2 27 16 
3 25 8 
t 601 39 
m 9 9 
1 34 2 
2 26 16 
3 24 8 
t 600 39 
m 9 9 
1 34 3 
2 25 16 
3 24 7 
t 599 39 
m 9 10 
1 34 2 
2 26 16 
3 24 6 
t 598 39 
m 9 10 
1 34 3 
2 27 16 
3 24 7 
t 597 39 
m 9 11 
1 34 2 
2 26 16 
3 24 6 
t 596 40 
m 9 11 
1 34 1 
2 27 16 
3 24 5 
t 595 40 
m 9 11 
1 34 2 
2 27 15 
3 24 6 
t 594 40 
m 9 11 
1 34 1 
2 27 16 
3 24 5 
t 593 40 
m 9 12 
1 34 0 
2 26 16 
3 24 4 
t 592 41 
m 9 13 
1 33 0 
2 27 16 
3 24 5 
t 591 41 
m 9 14 
1 32 0 
2 26 16 
3 24 6 
t 590 41 
m 10 14 
1 31 0 
2 27 16 
3 24 7 
t 589 42 
m 10 14 
1 32 0 
2 26 16 
3 24 6 
t 588 42 
m 10 14 
1 33 0 
2 25 16 
3 24 5 
t 587 42 
m 11 14 
1 32 0 
2 24 16 
3 24 6 
t 586 42 
m 12 14 
1 31 0 
2 24 17 
3 24 7 
t 585 43 
m 12 15 
1 30 0 
2 24 16 
3 24 8 
t 584 43 
m 12 14 
1 29 0 
2 23 16 
3 25 8 
t 583 43 
m 13 14 
1 30 0 
2 22 16 
3 24 8 
t 582 43 
m 14 14 
1 30 1 
2 21 16 
3 25 8 
t 581 43 
m 15 14 
1 30 2 
2 22 16 
3 25 9 
t 580 43 
m 15 14 
1 30 1 
2 23 16 
3 25 8 
t 579 43 
m 14 14 
1 30 0 
2 24 16 
3 24 8 
t 578 43 
m 15 14 
1 30 1 
2 23 16 
3 25 8 
t 577 43 
m 16 14 
1 30 2 
2 24 16 
3 26 8 
t 576 43 
m 16 13 
1 30 1 
2 23 16 
3 25 8 
t 575 43 
m 16 13 
1 30 2 
2 22 16 
3 26 8 
t 574 43 
m 16 13 
1 30 1 
2 23 16 
3 26 7 
t 573 43 
m 16 13 
1 30 0 
2 24 16 
3 26 8 
t 572 43 
m 16 12 
1 29 0 
2 24 17 
3 26 7 
t 571 43 
m 16 13 
1 28 0 
2 24 16 
3 26 6 
t 570 43 
m 16 12 
1 28 1 
2 25 16 
3 26 5 
t 569 43 
m 15 12 
1 28 0 
2 24 16 
3 26 4 
t 568 43 
m 16 12 
1 29 0 
2 24 17 
3 26 5 
t 567 43 
m 15 12 
1 28 0 
2 24 18 
3 26 4 
t 566 43 
m 15 12 
1 28 1 
2 24 17 
3 26 3 
t 565 43 
m 15 12 
1 28 2 
2 24 16 
3 27 3 
t 564 43 
m 16 12 
1 28 3 
2 23 16 
3 26 3 
t 563 43 
m 16 13 
1 27 3 
2 22 16 
3 26 4 
t 562 43 
m 16 14 
1 26 3 
2 21 16 
3 25 4 
t 561 43 
m 15 14 
1 27 3 
2 20 16 
3 26 4 
t 560 43 
m 16 14 
1 26 3 
2 21 16 
3 25 4 
t 559 43 
m 16 13 
1 27 3 
2 20 16 
3 26 4 
t 558 43 
m 16 13 
1 26 3 
2 21 16 
3 25 4 
t 557 43 
m 16 13 
1 26 4 
2 21 17 
3 24 4 
t 556 43 
m 16 14 
1 25 4 
2 21 16 
3 24 5 
t 555 43 
m 16 15 
1 24 4 
2 21 17 
3 24 6 
t 554 43 
m 16 14 
1 24 5 
2 21 16 
3 24 7 
t 553 43 
m 16 15 
1 24 4 
2 22 16 
3 24 8 
t 552 43 
m 16 15 
1 24 5 
2 23 16 
3 23 8 
t 551 43 
m 16 14 
1 24 4 
2 24 16 
3 24 8 
t 550 43 
m 16 13 
1 24 5 
2 23 16 
3 25 8 
t 549 43 
m 16 13 
1 24 6 
2 22 16 
3 26 8 
t 548 43 
m 16 14 
1 24 7 
2 21 16 
3 26 7 
t 547 43 
m 17 14 
1 24 8 
2 20 16 
3 26 8 
t 546 43 
m 18 14 
1 25 8 
2 20 15 
3 26 7 
t 545 44 
m 18 13 
1 24 8 
2 20 16 
3 26 8 
t 544 45 
m 18 12 
1 25 8 
2 21 16 
3 25 8 
t 543 45 
m 18 11 
1 26 8 
2 20 16 
3 25 9 
t 542 46 
m 18 10 
1 26 7 
2 21 16 
3 25 10 
t 541 46 
m 18 10 
1 26 8 
2 20 16 
3 25 11 
t 540 46 
m 18 9 
1 26 7 
2 20 15 
3 25 12 
t 539 47 
m 18 9 
1 26 8 
2 20 16 
3 25 13 
t 538 47 
m 18 10 
1 26 7 
2 20 15 
3 25 14 
t 537 47 
m 18 10 
1 26 8 
2 20 16 
3 26 14 
t 536 47 
m 18 11 
1 26 7 
2 20 15 
3 25 14 
t 535 47 
m 18 11 
1 26 6 
2 20 14 
3 26 14 
t 534 47 
m 18 10 
1 26 5 
2 20 15 
3 27 14 
t 533 47 
m 18 10 
1 26 4 
2 20 16 
3 28 14 
t 532 47 
m 18 9 
1 25 4 
2 21 16 
3 29 14 
t 531 47 
m 18 9 
1 26 4 
2 21 17 
3 30 14 
t 530 47 
m 18 9 
1 25 4 
2 21 18 
3 29 14 
t 529 47 
m 18 9 
1 26 4 
2 21 17 
3 30 14 
t 528 47 
m 18 9 
1 26 3 
2 21 16 
3 30 15 
t 527 47 
m 19 9 
1 26 4 
2 20 16 
3 30 16 
t 526 47 
m 19 9 
1 26 3 
2 20 15 
3 30 15 
t 525 47 
m 18 9 
1 26 4 
2 20 16 
3 30 16 
t 524 47 
m 17 9 
1 26 5 
2 20 15 
3 30 15 
t 523 57 
m 17 9 
1 26 4 
2 20 14 
3 30 14 
t 522 57 
m 18 9 
1 25 4 
2 20 15 
3 31 14 
t 521 57 
m 18 9 
1 24 4 
2 20 16 
3 32 14 
t 520 57 
m 19 9 
1 25 4 
2 20 15 
3 33 14 
t 519 57 
m 20 9 
1 26 4 
2 20 14 
3 32 14 
t 518 58 
m 20 9 
1 26 3 
2 21 14 
3 31 14 
t 517 58 
m 20 9 
1 27 3 
2 21 13 
3 32 14 
t 516 58 
m 21 9 
1 28 3 
2 21 12 
3 31 14 
t 515 59 
m 21 8 
1 27 3 
2 20 12 
3 30 14 
t 514 59 
m 21 8 
1 26 3 
2 19 12 
3 29 14 
t 513 59 
m 21 9 
1 27 3 
2 18 12 
3 30 14 
t 512 59 
m 20 9 
1 26 3 
2 17 12 
3 29 14 
t 511 59 
m 19 9 
1 27 3 
2 18 12 
3 28 14 
t 510 59 
m 20 9 
1 26 3 
2 18 13 
3 29 14 
t 509 59 
m 19 9 
1 26 2 
2 18 12 
3 30 14 
t 508 59 
m 20 9 
1 26 3 
2 19 12 
3 29 14 
t 507 59 
m 20 9 
1 26 4 
2 20 12 
3 30 14 
t 506 59 
m 19 9 
1 25 4 
2 21 12 
3 30 15 
t 505 59 
m 19 9 
1 26 4 
2 20 12 
3 30 16 
t 504 59 
m 20 9 
1 26 3 
2 19 12 
3 30 15 
t 503 59 
m 21 9 
1 26 4 
2 18 12 
3 30 16 
t 502 59 
m 21 10 
1 26 3 
2 18 11 
3 30 17 
t 501 60 
m 21 11 
1 27 3 
2 18 10 
3 30 16 
t 500 60 
m 21 11 
1 26 3 
2 18 11 
3 30 15 
t 499 60 
m 21 11 
1 26 4 
2 18 12 
3 30 14 
t 498 60 
m 21 11 
1 26 3 
2 17 12 
3 31 14 
t 497 60 
m 21 11 
1 26 4 
2 16 12 
3 32 14 
t 496 60 
m 21 11 
1 26 5 
2 17 12 
3 33 14 
t 495 60 
f 22 15 
m 21 11 
1 26 4 
2 18 12 
3 34 14 
t 494 60 
m 21 12 
1 26 3 
2 18 13 
3 34 13 
t 493 60 
m 21 13 
1 27 3 
2 18 12 
3 34 12 
t 492 60 
m 21 13 
1 28 3 
2 19 12 
3 34 13 
t 491 60 
m 21 12 
1 28 4 
2 18 12 
3 34 14 
t 490 60 
m 21 13 
1 29 4 
2 17 12 
3 34 15 
t 489 60 
m 21 14 
1 28 4 
2 18 12 
3 34 16 
t 488 60 
m 22 14 
1 29 4 
2 18 11 
3 34 17 
t 487 60 
m 23 14 
1 30 4 
2 18 12 
3 34 18 
t 486 61 
m 24 14 
1 30 3 
2 18 11 
3 34 17 
t 485 61 
m 25 14 
1 30 2 
2 18 12 
3 34 16 
t 484 61 
m 24 14 
1 30 3 
2 18 11 
3 34 17 
t 483 61 
m 25 14 
1 30 2 
2 18 10 
3 34 18 
t 482 61 
m 25 13 
1 30 3 
2 18 11 
3 34 19 
t 481 61 
m 25 14 
1 30 4 
2 18 12 
3 34 18 
t 480 61 
m 24 14 
1 30 3 
2 18 11 
3 34 19 
t 479 61 
m 25 14 
1 30 4 
2 18 12 
3 34 18 
t 478 61 
m 24 14 
1 29 4 
2 18 13 
3 34 17 
t 477 61 
m 25 14 
1 28 4 
2 18 14 
3 34 16 
t 476 61 
m 25 14 
1 28 3 
2 18 15 
3 34 17 
t 475 61 
m 24 14 
1 28 4 
2 18 14 
3 34 16 
t 474 61 
m 25 14 
1 29 4 
2 18 13 
3 34 15 
t 473 61 
m 26 14 
1 30 4 
2 18 12 
3 34 16 
t 472 62 
m 25 14 
1 29 4 
2 18 13 
3 34 15 
t 471 62 
m 26 14 
1 30 4 
2 18 12 
3 34 14 
t 470 62 
m 25 14 
1 30 3 
2 18 13 
3 34 15 
t 469 62 
m 26 14 
1 30 4 
2 18 12 
3 34 14 
t 468 62 
m 26 14 
1 30 3 
2 19 12 
3 33 14 
t 467 62 
m 27 14 
1 30 4 
2 20 12 
3 32 14 
t 466 62 
m 28 14 
1 29 4 
2 21 12 
3 31 14 
t 465 62 
m 27 14 
1 30 4 
2 20 12 
3 32 14 
t 464 62 
m 26 14 
1 30 3 
2 19 12 
3 33 14 
t 463 62 
m 27 14 
1 30 2 
2 20 12 
3 32 14 
t 462 62 
m 27 15 
1 30 1 
2 21 12 
3 31 14 
t 461 62 
m 27 16 
1 30 0 
2 21 13 
3 32 14 
t 460 62 
m 26 16 
1 30 1 
2 21 12 
3 33 14 
t 459 63 
m 25 16 
1 30 0 
2 21 13 
3 32 14 
t 458 63 
m 26 16 
1 31 0 
2 21 12 
3 33 14 
t 457 63 
m 27 16 
1 32 0 
2 21 11 
3 32 14 
t 456 63 
m 26 16 
1 31 0 
2 21 10 
3 33 14 
t 455 63 
m 25 16 
1 30 0 
2 21 9 
3 34 14 
t 454 63 
m 24 16 
1 29 0 
2 21 10 
3 33 14 
t 453 64 
m 23 16 
1 28 0 
2 21 9 
3 34 14 
t 452 64 
m 22 16 
1 27 0 
2 21 8 
3 33 14 
t 451 64 
m 22 16 
1 26 0 
2 21 9 
3 34 14 
t 450 64 
m 21 16 
1 26 1 
2 20 9 
3 33 14 
t 449 64 
m 21 17 
1 26 0 
2 21 9 
3 34 14 
t 448 65 
m 21 17 
1 26 1 
2 20 9 
3 34 15 
t 447 65 
m 21 18 
1 26 0 
2 21 9 
3 34 14 
t 446 65 
m 21 17 
1 27 0 
2 21 8 
3 34 15 
t 445 65 
m 21 18 
1 26 0 
2 21 9 
3 34 14 
t 444 65 
m 21 17 
1 25 0 
2 21 10 
3 34 13 
t 443 65 
m 21 18 
1 24 0 
2 21 9 
3 34 14 
t 442 65 
m 21 18 
1 23 0 
2 21 8 
3 34 15 
t 441 65 
m 21 17 
1 24 0 
2 22 8 
3 34 16 
t 440 65 
m 21 18 
1 23 0 
2 23 8 
3 34 15 
t 439 65 
m 21 17 
1 22 0 
2 22 8 
3 34 14 
t 438 65 
m 21 18 
1 21 0 
2 23 8 
3 33 14 
t 437 65 
m 21 17 
1 22 0 
2 22 8 
3 32 14 
t 436 65 
m 21 18 
1 23 0 
2 21 8 
3 31 14 
t 435 65 
m 21 18 
1 24 0 
2 22 8 
3 30 14 
t 434 65 
m 21 18 
1 25 0 
2 23 8 
3 31 14 
t 433 65 
m 21 18 
1 24 0 
2 24 8 
3 32 14 
t 432 65 
m 21 17 
1 23 0 
2 25 8 
3 31 14 
t 431 65 
m 21 18 
1 24 0 
2 24 8 
3 30 14 
t 430 65 
m 21 19 
1 23 0 
2 25 8 
3 31 14 
t 429 66 
m 22 19 
1 22 0 
2 25 9 
3 32 14 
t 428 66 
m 21 19 
1 21 0 
2 25 10 
3 31 14 
t 427 66 
m 22 19 
1 22 0 
2 25 9 
3 32 14 
t 426 66 
m 22 19 
1 21 0 
2 25 10 
3 31 14 
t 425 66 
m 22 19 
1 21 1 
2 25 9 
3 32 14 
t 424 66 
m 23 19 
1 21 2 
2 25 10 
3 31 14 
t 423 66 
m 24 19 
1 21 1 
2 25 9 
3 30 14 
t 422 66 
m 24 19 
1 21 2 
2 25 8 
3 31 14 
t 421 66 
m 24 19 
1 21 1 
2 26 8 
3 30 14 
t 420 66 
m 24 18 
1 21 2 
2 25 8 
3 29 14 
t 419 66 
m 24 19 
1 21 1 
2 24 8 
3 28 14 
t 418 66 
m 24 18 
1 21 2 
2 23 8 
3 29 14 
t 417 66 
m 24 19 
1 21 1 
2 24 8 
3 28 14 
t 416 66 
m 25 19 
1 21 2 
2 25 8 
3 27 14 
t 415 66 
m 24 19 
1 21 3 
2 26 8 
3 27 15 
t 414 66 
m 24 19 
1 21 4 
2 26 7 
3 27 14 
t 413 66 
m 24 18 
1 20 4 
2 26 8 
3 26 14 
t 412 66 
m 24 17 
1 21 4 
2 25 8 
3 27 14 
t 411 66 
m 24 16 
1 20 4 
2 25 9 
3 26 14 
t 410 66 
m 24 16 
1 21 4 
2 25 8 
3 27 14 
t 409 66 
m 23 16 
1 21 3 
2 24 8 
3 28 14 
t 408 66 
m 22 16 
1 21 4 
2 24 7 
3 29 14 
t 407 66 
m 23 16 
1 21 3 
2 24 8 
3 30 14 
t 406 66 
m 22 16 
1 21 4 
2 23 8 
3 29 14 
t 405 66 
m 23 16 
1 20 4 
2 22 8 
3 28 14 
t 404 66 
m 24 16 
1 19 4 
2 21 8 
3 27 14 
t 403 66 
m 23 16 
1 20 4 
2 21 7 
3 27 15 
t 402 66 
m 22 16 
1 21 4 
2 21 8 
3 27 14 
t 401 66 
m 22 16 
1 21 5 
2 21 9 
3 27 15 
t 400 66 
m 23 16 
1 21 4 
2 21 10 
3 27 16 
t 399 66 
m 22 16 
1 20 4 
2 21 9 
3 26 16 
t 398 66 
m 21 16 
1 19 4 
2 20 9 
3 27 16 
t 397 66 
m 22 16 
1 20 4 
2 21 9 
3 27 15 
t 396 66 
m 23 16 
1 21 4 
2 21 8 
3 27 16 
t 395 66 
m 23 16 
1 21 3 
2 21 9 
3 26 16 
t 394 66 
m 22 16 
1 21 4 
2 21 8 
3 27 16 
t 393 66 
m 23 16 
1 21 3 
2 22 8 
3 26 16 
t 392 66 
m 23 16 
1 21 2 
2 23 8 
3 27 16 
t 391 66 
m 23 16 
1 21 1 
2 24 8 
3 26 16 
t 390 66 
m 23 16 
1 21 2 
2 25 8 
3 25 16 
t 389 66 
m 22 16 
1 21 3 
2 24 8 
3 26 16 
t 388 66 
m 22 15 
1 21 4 
2 23 8 
3 27 16 
t 387 76 
m 22 15 
1 20 4 
2 22 8 
3 26 16 
t 386 76 
f 20 15 
m 22 16 
1 21 4 
2 21 8 
3 25 16 
t 385 76 
m 21 16 
1 21 5 
2 22 8 
3 24 16 
t 384 76 
m 21 16 
1 21 6 
2 23 8 
3 23 16 
t 383 76 
m 20 16 
1 21 7 
2 22 8 
3 22 16 
t 382 76 
m 21 16 
1 21 8 
2 21 8 
3 22 15 
t 381 76 
m 21 16 
1 21 9 
2 21 9 
3 22 16 
t 380 76 
m 20 16 
1 20 9 
2 20 9 
3 21 16 
t 379 76 
m 20 15 
1 21 9 
2 21 9 
3 21 17 
t 378 86 
m 20 14 
1 21 8 
2 20 9 
3 21 18 
t 377 87 
m 20 14 
1 22 8 
2 19 9 
3 21 19 
t 376 87 
m 20 15 
1 23 8 
2 20 9 
3 20 19 
t 375 87 
m 20 16 
1 22 8 
2 19 9 
3 21 19 
t 374 87 
m 21 16 
1 23 8 
2 20 9 
3 20 19 
t 373 87 
m 21 17 
1 22 8 
2 19 9 
3 19 19 
t 372 87 
m 21 18 
1 21 8 
2 20 9 
3 18 19 
t 371 87 
m 21 19 
1 21 9 
2 19 9 
3 18 18 
t 370 87 
m 22 19 
1 21 10 
2 18 9 
3 18 19 
t 369 87 
m 23 19 
1 21 11 
2 17 9 
3 19 19 
t 368 87 
m 24 19 
1 21 10 
2 16 9 
3 18 19 
t 367 87 
m 23 19 
1 21 11 
2 16 10 
3 18 18 
t 366 87 
m 22 19 
1 21 10 
2 16 11 
3 18 17 
t 365 87 
m 22 19 
1 21 9 
2 16 10 
3 18 16 
t 364 87 
m 23 19 
1 21 10 
2 16 9 
3 18 15 
t 363 87 
m 23 19 
1 21 11 
2 16 10 
3 18 14 
t 362 87 
m 22 19 
1 21 10 
2 16 11 
3 19 14 
t 361 87 
m 21 19 
1 21 9 
2 16 12 
3 18 14 
t 360 87 
m 20 19 
1 21 8 
2 16 13 
3 18 15 
t 359 88 
m 20 19 
1 21 7 
2 16 14 
3 18 16 
t 358 88 
m 19 19 
1 21 6 
2 17 14 
3 18 15 
t 357 88 
m 19 19 
1 21 7 
2 18 14 
3 18 14 
t 356 88 
m 18 19 
1 21 8 
2 18 13 
3 18 15 
t 355 89 
m 18 18 
1 21 9 
2 18 14 
3 18 14 
t 354 90 
m 18 19 
1 20 9 
2 18 13 
3 18 13 
t 353 90 
m 18 18 
1 21 9 
2 18 12 
3 18 14 
t 352 90 
m 18 19 
1 21 8 
2 18 11 
3 18 13 
t 351 90 
m 19 19 
1 21 7 
2 18 12 
3 18 12 
t 350 90 
m 18 19 
1 21 8 
2 17 12 
3 19 12 
t 349 90 
m 18 19 
1 21 9 
2 16 12 
3 18 12 
t 348 90 
m 19 19 
1 21 10 
2 16 11 
3 18 13 
t 347 90 
m 18 19 
1 21 11 
2 16 12 
3 18 14 
t 346 90 
f 22 15 
m 18 19 
1 21 10 
2 15 12 
3 19 14 
t 345 90 
m 18 18 
1 21 11 
2 14 12 
3 18 14 
t 344 90 
m 18 19 
1 21 12 
2 15 12 
3 18 13 
t 343 90 
m 18 18 
1 20 12 
2 14 12 
3 18 14 
t 342 90 
m 18 17 
1 19 12 
2 13 12 
3 18 15 
t 341 90 
m 18 16 
1 20 12 
2 13 11 
3 18 14 
t 340 90 
m 18 17 
1 19 12 
2 13 10 
3 17 14 
t 339 90 
m 18 17 
1 20 12 
2 13 11 
3 16 14 
t 338 90 
m 18 18 
1 19 12 
2 13 12 
3 15 14 
t 337 90 
m 18 19 
1 20 12 
2 13 13 
3 16 14 
t 336 90 
m 19 19 
1 21 12 
2 13 14 
3 16 13 
t 335 90 
m 20 19 
1 20 12 
2 13 13 
3 16 12 
t 334 90 
m 21 19 
1 21 12 
2 13 12 
3 15 12 
t 333 90 
m 20 19 
1 21 13 
2 13 13 
3 14 12 
t 332 90 
m 21 19 
1 21 14 
2 13 14 
3 15 12 
t 331 90 
m 21 18 
1 20 14 
2 14 14 
3 14 12 
t 330 90 
m 21 17 
1 21 14 
2 15 14 
3 13 12 
t 329 90 
m 21 16 
1 22 14 
2 14 14 
3 14 12 
t 328 90 
m 21 16 
1 21 14 
2 13 14 
3 15 12 
t 327 90 
m 22 16 
1 22 14 
2 13 13 
3 14 12 
t 326 90 
m 23 16 
1 22 15 
2 13 12 
3 13 12 
t 325 90 
m 24 16 
1 22 16 
2 13 11 
3 13 13 
t 324 90 
m 24 16 
1 22 15 
2 13 12 
3 13 14 
t 323 90 
m 25 16 
1 22 14 
2 14 12 
3 13 13 
t 322 90 
m 26 16 
1 22 15 
2 15 12 
3 13 12 
t 321 90 
m 27 16 
1 22 14 
2 14 12 
3 14 12 
t 320 90 
m 26 16 
1 21 14 
2 13 12 
3 15 12 
t 319 90 
m 27 16 
1 20 14 
2 14 12 
3 16 12 
t 318 90 
m 27 16 
1 19 14 
2 13 12 
3 15 12 
t 317 90 
m 27 15 
1 18 14 
2 14 12 
3 14 12 
t 316 90 
m 27 14 
1 18 13 
2 15 12 
3 13 12 
t 315 90 
m 26 14 
1 18 14 
2 16 12 
3 14 12 
t 314 90 
m 27 14 
1 19 14 
2 17 12 
3 15 12 
t 313 90 
m 26 14 
1 18 14 
2 18 12 
3 16 12 
t 312 90 
m 26 14 
1 18 15 
2 18 11 
3 15 12 
t 311 90 
m 27 14 
1 18 14 
2 18 10 
3 14 12 
t 310 90 
m 26 14 
1 17 14 
2 18 9 
3 13 12 
t 309 90 
m 27 14 
1 16 14 
2 19 9 
3 14 12 
t 308 90 
m 27 14 
1 16 13 
2 20 9 
3 13 12 
t 307 90 
m 26 14 
1 16 12 
2 21 9 
3 14 12 
t 306 90 
m 25 14 
1 15 12 
2 21 10 
3 13 12 
t 305 90 
m 24 14 
1 16 12 
2 21 9 
3 13 13 
t 304 90 
m 23 14 
1 15 12 
2 21 10 
3 13 12 
t 303 90 
m 22 14 
1 14 12 
2 21 9 
3 13 11 
t 302 90 
m 22 15 
1 13 12 
2 20 9 
3 13 10 
t 301 100 
m 22 14 
1 13 13 
2 21 9 
3 13 11 
t 300 100 
m 23 14 
1 13 12 
2 21 8 
3 13 12 
t 299 100 
m 24 14 
1 13 11 
2 21 9 
3 13 11 
t 298 100 
m 24 14 
1 13 12 
2 20 9 
3 13 10 
t 297 100 
m 23 14 
1 13 11 
2 21 9 
3 13 9 
t 296 100 
m 22 14 
1 13 10 
2 20 9 
3 14 9 
t 295 100 
m 23 14 
1 13 11 
2 19 9 
3 13 9 
t 294 100 
m 22 14 
1 13 12 
2 20 9 
3 13 8 
t 293 100 
m 22 15 
1 13 11 
2 21 9 
3 13 9 
t 292 100 
m 22 14 
1 13 12 
2 21 8 
3 14 9 
t 291 100 
m 23 14 
1 14 12 
2 21 7 
3 15 9 
t 290 100 
m 23 14 
1 13 12 
2 21 6 
3 16 9 
t 289 100 
m 24 14 
1 14 12 
2 21 7 
3 15 9 
t 288 100 
m 24 14 
1 15 12 
2 21 8 
3 16 9 
t 287 100 
m 25 14 
1 16 12 
2 21 7 
3 15 9 
t 286 100 
m 24 14 
1 15 12 
2 21 8 
3 16 9 
t 285 100 
m 24 14 
1 14 12 
2 21 9 
3 16 10 
t 284 100 
m 23 14 
1 13 12 
2 20 9 
3 16 9 
t 283 100 
m 23 14 
1 13 11 
2 21 9 
3 16 10 
t 282 100 
m 23 14 
1 13 10 
2 21 10 
3 16 11 
t 281 100 
m 22 14 
1 13 11 
2 21 11 
3 16 12 
t 280 100 
m 22 15 
1 13 10 
2 21 12 
3 16 11 
t 279 100 
m 22 16 
1 13 11 
2 21 13 
3 16 12 
t 278 100 
m 22 15 
1 13 12 
2 21 12 
3 16 13 
t 277 100 
m 22 15 
1 14 12 
2 21 13 
3 16 12 
t 276 100 
m 22 16 
1 13 12 
2 21 14 
3 16 11 
t 275 100 
m 22 16 
1 14 12 
2 20 14 
3 16 12 
t 274 100 
m 21 16 
1 13 12 
2 21 14 
3 17 12 
t 273 100 
m 22 16 
1 13 13 
2 20 14 
3 16 12 
t 272 100 
m 23 16 
1 13 12 
2 20 15 
3 17 12 
t 271 100 
m 24 16 
1 13 11 
2 20 16 
3 16 12 
t 270 100 
m 25 16 
1 13 10 
2 20 15 
3 16 11 
t 269 100 
m 24 16 
1 13 11 
2 20 14 
3 16 10 
t 268 100 
m 25 16 
1 13 10 
2 19 14 
3 16 9 
t 267 100 
m 26 16 
1 13 9 
2 20 14 
3 16 10 
t 266 100 
m 27 16 
1 13 8 
2 20 15 
3 16 11 
t 265 100 
m 26 16 
1 12 8 
2 20 16 
3 16 12 
t 264 100 
m 26 16 
1 13 8 
2 21 16 
3 15 12 
t 263 100 
m 27 16 
1 13 9 
2 22 16 
3 16 12 
t 262 100 
m 27 16 
1 13 10 
2 23 16 
3 16 11 
t 261 100 
m 27 15 
1 13 11 
2 22 16 
3 16 10 
t 260 100 
m 27 14 
1 13 10 
2 23 16 
3 16 11 
t 259 100 
m 27 15 
1 13 11 
2 22 16 
3 16 10 
t 258 100 
m 27 16 
1 13 12 
2 21 16 
3 16 9 
t 257 100 
m 27 15 
1 13 13 
2 20 16 
3 15 9 
t 256 100 
m 27 14 
1 13 12 
2 21 16 
3 16 9 
t 255 100 
m 28 14 
1 13 13 
2 20 16 
3 16 10 
t 254 100 
m 28 14 
1 13 14 
2 21 16 
3 16 11 
t 253 100 
m 29 14 
1 14 14 
2 20 16 
3 16 10 
t 252 100 
m 29 14 
1 14 15 
2 20 15 
3 16 11 
t 251 100 
m 30 14 
1 14 16 
2 20 16 
3 16 10 
t 250 100 
m 30 14 
1 13 16 
2 20 15 
3 16 9 
t 249 100 
m 30 15 
1 14 16 
2 20 14 
3 15 9 
t 248 100 
m 30 14 
1 14 15 
2 20 15 
3 14 9 
t 247 100 
f 13 2 
m 31 14 
1 14 14 
2 20 14 
3 13 9 
t 246 101 
m 32 14 
1 14 15 
2 20 15 
3 14 9 
t 245 102 
m 31 14 
1 14 14 
2 20 14 
3 15 9 
t 244 102 
m 30 14 
1 15 14 
2 21 14 
3 14 9 
t 243 102 
m 31 14 
1 14 14 
2 22 14 
3 15 9 
t 242 102 
m 31 14 
1 14 15 
2 21 14 
3 16 9 
t 241 102 
m 31 14 
1 14 16 
2 21 13 
3 15 9 
t 240 102 
m 30 14 
1 13 16 
2 21 14 
3 14 9 
t 239 102 
m 31 14 
1 12 16 
2 21 13 
3 15 9 
t 238 102 
m 31 14 
1 13 16 
2 21 12 
3 16 9 
t 237 102 
m 30 14 
1 13 17 
2 21 11 
3 15 9 
t 236 102 
m 29 14 
1 13 18 
2 21 10 
3 16 9 
t 235 102 
m 30 14 
1 13 19 
2 21 11 
3 17 9 
t 234 102 
m 30 14 
1 13 18 
2 21 10 
3 16 9 
t 233 102 
m 31 14 
1 13 17 
2 21 9 
3 17 9 
t 232 102 
m 32 14 
1 13 16 
2 21 8 
3 16 9 
t 231 102 
m 31 14 
1 13 17 
2 21 9 
3 17 9 
t 230 102 
m 30 14 
1 13 18 
2 21 10 
3 18 9 
t 229 102 
m 31 14 
1 13 17 
2 21 9 
3 19 9 
t 228 102 
m 31 14 
1 13 18 
2 21 8 
3 18 9 
t 227 102 
m 32 14 
1 13 17 
2 21 9 
3 17 9 
t 226 102 
m 32 14 
1 13 16 
2 20 9 
3 18 9 
t 225 102 
m 33 14 
1 14 16 
2 19 9 
3 19 9 
t 224 103 
m 34 14 
1 13 16 
2 20 9 
3 20 9 
t 223 103 
m 34 13 
1 14 16 
2 19 9 
3 19 9 
t 222 103 
m 34 12 
1 14 15 
2 18 9 
3 20 9 
t 221 103 
m 34 11 
1 14 14 
2 18 10 
3 21 9 
t 220 104 
m 34 12 
1 15 14 
2 18 9 
3 21 10 
t 219 104 
m 34 11 
1 14 14 
2 17 9 
3 21 11 
t 218 104 
m 34 10 
1 13 14 
2 18 9 
3 21 12 
t 217 104 
m 34 9 
1 13 13 
2 19 9 
3 20 12 
t 216 105 
m 34 8 
1 13 12 
2 20 9 
3 19 12 
t 215 105 
m 34 7 
1 13 13 
2 19 9 
3 20 12 
t 214 105 
m 34 6 
1 13 14 
2 18 9 
3 21 12 
t 213 105 
m 34 6 
1 12 14 
2 19 9 
3 21 11 
t 212 105 
m 34 6 
1 12 15 
2 20 9 
3 21 10 
t 211 105 
m 34 5 
1 12 16 
2 21 9 
3 21 9 
t 210 105 
m 34 5 
1 11 16 
2 21 8 
3 21 8 
t 209 105 
m 34 4 
1 12 16 
2 21 9 
3 22 8 
t 208 105 
m 34 3 
1 11 16 
2 21 8 
3 23 8 
t 207 106 
m 34 3 
1 12 16 
2 22 8 
3 22 8 
t 206 106 
m 34 4 
1 13 16 
2 23 8 
3 23 8 
t 205 106 
m 34 5 
1 13 17 
2 24 8 
3 22 8 
t 204 106 
m 34 6 
1 13 16 
2 23 8 
3 21 8 
t 203 106 
m 34 6 
1 12 16 
2 22 8 
3 22 8 
t 202 106 
m 34 6 
1 12 15 
2 23 8 
3 21 8 
t 201 106 
m 34 5 
1 12 14 
2 22 8 
3 21 7 
t 200 106 
m 34 6 
1 12 15 
2 23 8 
3 21 6 
t 199 106 
m 34 7 
1 12 14 
2 24 8 
3 21 5 
t 198 106 
m 34 6 
1 12 15 
2 23 8 
3 21 4 
t 197 106 
m 34 5 
1 12 14 
2 24 8 
3 21 3 
t 196 106 
m 34 6 
1 11 14 
2 23 8 
3 21 2 
t 195 106 
m 34 5 
1 10 14 
2 22 8 
3 21 3 
t 194 106 
m 34 6 
1 11 14 
2 23 8 
3 21 2 
t 193 106 
m 34 5 
1 10 14 
2 22 8 
3 21 3 
t 192 106 
m 34 6 
1 11 14 
2 21 8 
3 21 2 
t 191 106 
m 34 5 
1 12 14 
2 21 7 
3 21 3 
t 190 106 
m 34 4 
1 12 15 
2 21 6 
3 21 4 
t 189 106 
m 34 3 
1 12 14 
2 21 5 
3 21 5 
t 188 106 
m 34 2 
1 13 14 
2 21 4 
3 21 4 
t 187 107 
m 34 1 
1 14 14 
2 21 3 
3 20 4 
t 186 107 
m 34 1 
1 13 14 
2 21 2 
3 21 4 
t 185 107 
m 34 1 
1 12 14 
2 21 3 
3 21 3 
t 184 107 
m 34 0 
1 12 15 
2 21 2 
3 21 2 
t 183 107 
m 33 0 
1 12 16 
2 21 3 
3 21 1 
t 182 107 
m 34 0 
1 12 15 
2 21 4 
3 21 2 
t 181 107 
m 34 1 
1 12 14 
2 21 5 
3 21 3 
t 180 107 
m 34 2 
1 13 14 
2 21 6 
3 21 4 
t 179 107 
m 34 3 
1 13 13 
2 21 7 
3 20 4 
t 178 107 
m 34 4 
1 13 12 
2 21 8 
3 21 4 
t 177 107 
m 34 5 
1 13 13 
2 21 7 
3 21 5 
t 176 107 
m 34 6 
1 13 14 
2 21 8 
3 21 4 
t 175 107 
m 34 7 
1 12 14 
2 22 8 
3 20 4 
t 174 107 
m 34 8 
1 11 14 
2 21 8 
3 19 4 
t 173 107 
m 34 8 
1 10 14 
2 21 7 
3 20 4 
t 172 107 
m 34 9 
1 11 14 
2 21 6 
3 19 4 
t 171 107 
m 34 9 
1 10 14 
2 21 5 
3 18 4 
t 170 107 
m 34 8 
1 11 14 
2 21 4 
3 19 4 
t 169 107 
m 34 7 
1 10 14 
2 20 4 
3 18 4 
t 168 107 
m 34 7 
1 9 14 
2 19 4 
3 17 4 
t 167 107 
m 34 8 
1 10 14 
2 18 4 
3 16 4 
t 166 107 
m 34 7 
1 9 14 
2 17 4 
3 17 4 
t 165 107 
m 34 6 
1 9 13 
2 16 4 
3 16 4 
t 164 107 
m 34 5 
1 9 14 
2 17 4 
3 17 4 
t 163 107 
m 34 4 
1 9 13 
2 18 4 
3 16 4 
t 162 107 
m 34 4 
1 9 12 
2 19 4 
3 15 4 
t 161 107 
m 34 5 
1 9 11 
2 18 4 
3 16 4 
t 160 107 
m 34 5 
1 9 10 
2 17 4 
3 15 4 
t 159 107 
m 34 6 
1 9 9 
2 16 4 
3 16 4 
t 158 107 
m 34 6 
1 9 10 
2 15 4 
3 15 4 
t 157 107 
m 34 5 
1 9 9 
2 14 4 
3 14 4 
t 156 107 
m 34 4 
1 9 8 
2 15 4 
3 15 4 
t 155 107 
m 34 3 
1 10 8 
2 14 4 
3 14 4 
t 154 107 
m 34 4 
1 11 8 
2 13 4 
3 15 4 
t 153 107 
m 34 3 
1 12 8 
2 14 4 
3 16 4 
t 152 107 
m 34 4 
1 11 8 
2 15 4 
3 17 4 
t 151 107 
m 34 4 
1 12 8 
2 16 4 
3 16 4 
t 150 107 
m 34 4 
1 13 8 
2 17 4 
3 17 4 
t 149 107 
m 34 5 
1 13 9 
2 18 4 
3 18 4 
t 148 107 
m 34 4 
1 13 8 
2 19 4 
3 17 4 
t 147 107 
m 34 4 
1 13 7 
2 18 4 
3 18 4 
t 146 107 
m 34 3 
1 13 8 
2 19 4 
3 17 4 
t 145 107 
m 34 4 
1 13 7 
2 18 4 
3 18 4 
t 144 107 
m 34 4 
1 13 8 
2 17 4 
3 17 4 
t 143 107 
m 34 4 
1 12 8 
2 18 4 
3 16 4 
t 142 107 
m 34 5 
1 13 8 
2 17 4 
3 15 4 
t 141 107 
m 34 6 
1 12 8 
2 18 4 
3 16 4 
t 140 107 
m 34 5 
1 13 8 
2 19 4 
3 15 4 
t 139 107 
m 34 5 
1 13 9 
2 18 4 
3 14 4 
t 138 107 
m 34 6 
1 14 9 
2 17 4 
3 15 4 
t 137 107 
m 34 5 
1 13 9 
2 18 4 
3 14 4 
t 136 107 
m 34 4 
1 13 10 
2 17 4 
3 15 4 
t 135 107 
m 34 5 
1 13 9 
2 16 4 
3 16 4 
t 134 107 
m 34 4 
1 14 9 
2 17 4 
3 17 4 
t 133 107 
m 34 5 
1 15 9 
2 18 4 
3 16 4 
t 132 107 
m 34 5 
1 16 9 
2 17 4 
3 15 4 
t 131 107 
m 34 5 
1 16 10 
2 16 4 
3 14 4 
t 130 107 
m 34 4 
1 16 11 
2 17 4 
3 13 4 
t 129 107 
m 34 3 
1 16 12 
2 18 4 
3 14 4 
t 128 107 
m 34 3 
1 16 13 
2 17 4 
3 15 4 
t 127 107 
m 34 2 
1 16 14 
2 16 4 
3 16 4 
t 126 107 
m 34 1 
1 16 15 
2 15 4 
3 15 4 
t 125 107 
m 34 0 
1 16 16 
2 14 4 
3 14 4 
t 124 107 
m 34 1 
1 16 17 
2 15 4 
3 15 4 
t 123 107 
m 34 0 
1 16 16 
2 16 4 
3 14 4 
t 122 107 
m 34 0 
1 16 17 
2 15 4 
3 15 4 
t 121 107 
m 34 1 
1 16 16 
2 14 4 
3 16 4 
t 120 107 
m 34 1 
1 16 17 
2 15 4 
3 17 4 
t 119 107 
m 34 2 
1 16 18 
2 16 4 
3 18 4 
t 118 107 
m 34 1 
1 16 17 
2 17 4 
3 19 4 
t 117 107 
m 34 0 
1 16 16 
2 18 4 
3 18 4 
t 116 107 
m 33 0 
1 16 15 
2 19 4 
3 17 4 
t 115 107 
m 33 0 
1 16 14 
2 18 4 
3 16 4 
t 114 107 
m 33 0 
1 17 14 
2 17 4 
3 17 4 
t 113 107 
m 33 0 
1 16 14 
2 18 4 
3 16 4 
t 112 107 
m 34 0 
1 16 15 
2 17 4 
3 15 4 
t 111 107 
m 33 0 
1 16 16 
2 16 4 
3 16 4 
t 110 107 
m 33 0 
1 16 15 
2 15 4 
3 15 4 
t 109 107 
m 34 0 
1 16 14 
2 14 4 
3 14 4 
t 108 107 
m 33 0 
1 16 15 
2 15 4 
3 15 4 
t 107 107 
m 34 0 
1 16 16 
2 16 4 
3 16 4 
t 106 107 
m 34 1 
1 16 15 
2 17 4 
3 17 4 
t 105 107 
m 34 0 
1 16 14 
2 16 4 
3 18 4 
t 104 107 
m 34 1 
1 15 14 
2 17 4 
3 19 4 
t 103 107 
m 34 0 
1 14 14 
2 16 4 
3 18 4 
t 102 107 
m 34 1 
1 15 14 
2 17 4 
3 19 4 
t 101 107 
m 34 1 
1 14 14 
2 18 4 
3 18 4 
t 100 107 
m 34 1 
1 15 14 
2 17 4 
3 19 4 
t 99 107 
m 34 0 
1 14 14 
2 18 4 
3 18 4 
t 98 107 
m 34 1 
1 14 15 
2 17 4 
3 17 4 
t 97 107 
m 34 0 
1 14 16 
2 16 4 
3 16 4 
t 96 107 
m 34 0 
1 14 15 
2 15 4 
3 15 4 
t 95 107 
m 34 1 
1 14 16 
2 16 4 
3 14 4 
t 94 107 
m 34 0 
1 13 16 
2 15 4 
3 15 4 
t 93 107 
m 34 1 
1 12 16 
2 14 4 
3 16 4 
t 92 107 
m 34 0 
1 13 16 
2 13 4 
3 15 4 
t 91 107 
m 34 1 
1 13 17 
2 14 4 
3 14 4 
t 90 107 
m 34 0 
1 13 16 
2 13 4 
3 13 4 
t 89 107 
m 34 1 
1 14 16 
2 13 3 
3 13 3 
t 88 107 
m 34 1 
1 13 16 
2 13 2 
3 13 2 
t 87 107 
m 34 0 
1 13 17 
2 13 1 
3 13 1 
t 86 107 
m 33 0 
1 13 16 
2 13 0 
3 13 2 
t 85 107 
m 32 0 
1 14 16 
2 12 0 
3 13 3 
t 84 107 
m 32 0 
1 14 15 
2 11 0 
3 13 4 
t 83 107 
m 33 0 
1 14 14 
2 12 0 
3 13 3 
t 82 107 
m 32 0 
1 14 15 
2 13 0 
3 13 2 
t 81 107 
m 31 0 
1 14 14 
2 12 0 
3 13 1 
t 80 107 
m 32 0 
1 13 14 
2 13 0 
3 13 2 
t 79 107 
m 33 0 
1 14 14 
2 12 0 
3 13 3 
t 78 107 
m 34 0 
1 14 15 
2 11 0 
3 13 2 
t 77 107 
m 34 1 
1 14 16 
2 12 0 
3 13 1 
t 76 107 
m 34 2 
1 13 16 
2 11 0 
3 13 2 
t 75 107 
m 34 1 
1 13 17 
2 12 0 
3 13 3 
t 74 107 
m 34 1 
1 13 18 
2 11 0 
3 13 2 
t 73 107 
m 34 0 
1 13 17 
2 10 0 
3 13 1 
t 72 107 
m 33 0 
1 13 16 
2 11 0 
3 13 0 
t 71 107 
m 33 0 
1 13 17 
2 10 0 
3 13 1 
t 70 107 
m 34 0 
1 13 18 
2 9 0 
3 13 2 
t 69 107 
m 34 1 
1 13 17 
2 8 0 
3 13 1 
t 68 107 
m 34 0 
1 13 16 
2 7 0 
3 13 2 
t 67 107 
m 34 1 
1 13 17 
2 8 0 
3 13 1 
t 66 107 
m 34 2 
1 13 16 
2 8 1 
3 13 0 
t 65 107 
m 34 3 
1 13 17 
2 8 2 
3 12 0 
t 64 107 
m 34 4 
1 13 18 
2 8 1 
3 11 0 
t 63 107 
m 34 3 
1 13 19 
2 8 2 
3 12 0 
t 62 107 
m 34 4 
1 14 19 
2 8 3 
3 11 0 
t 61 107 
m 34 3 
1 15 19 
2 8 4 
3 10 0 
t 60 107 
m 34 3 
1 14 19 
2 8 5 
3 11 0 
t 59 107 
m 34 2 
1 15 19 
2 8 4 
3 12 0 
t 58 107 
m 34 2 
1 14 19 
2 9 4 
3 11 0 
t 57 107 
m 34 1 
1 13 19 
2 8 4 
3 10 0 
t 56 107 
m 34 1 
1 12 19 
2 9 4 
3 9 0 
t 55 107 
m 34 2 
1 11 19 
2 10 4 
3 10 0 
t 54 107 
m 34 3 
1 10 19 
2 9 4 
3 9 0 
t 53 107 
m 34 3 
1 11 19 
2 10 4 
3 10 0 
t 52 107 
m 34 4 
1 12 19 
2 9 4 
3 11 0 
t 51 107 
m 34 3 
1 13 19 
2 8 4 
3 10 0 
t 50 107 
m 34 2 
1 13 18 
2 8 5 
3 9 0 
t 49 107 
m 34 1 
1 13 17 
2 8 6 
3 8 0 
t 48 107 
m 34 2 
1 13 16 
2 8 7 
3 8 1 
t 47 107 
m 34 2 
1 12 16 
2 8 6 
3 8 2 
t 46 107 
m 34 1 
1 13 16 
2 8 7 
3 8 1 
t 45 107 
m 34 1 
1 13 17 
2 8 8 
3 8 0 
t 44 107 
m 34 2 
1 13 16 
2 9 8 
3 9 0 
t 43 107 
m 34 3 
1 14 16 
2 10 8 
3 10 0 
t 42 107 
m 34 4 
1 14 15 
2 10 7 
3 11 0 
t 41 107 
m 34 3 
1 14 14 
2 10 8 
3 10 0 
t 40 107 
m 34 4 
1 14 15 
2 11 8 
3 9 0 
t 39 107 
m 34 5 
1 14 14 
2 10 8 
3 10 0 
t 38 107 
m 34 5 
1 14 15 
2 9 8 
3 9 0 
t 37 107 
m 34 6 
1 14 16 
2 10 8 
3 10 0 
t 36 107 
m 34 5 
1 14 15 
2 9 8 
3 11 0 
t 35 107 
m 34 4 
1 14 14 
2 8 8 
3 10 0 
t 34 107 
m 34 4 
1 14 15 
2 8 7 
3 11 0 
t 33 107 
m 34 3 
1 14 14 
2 8 8 
3 12 0 
t 32 107 
m 34 4 
1 15 14 
2 9 8 
3 11 0 
t 31 107 
m 34 3 
1 16 14 
2 10 8 
3 10 0 
t 30 107 
m 34 3 
1 16 15 
2 10 7 
3 11 0 
t 29 107 
m 34 2 
1 16 16 
2 10 6 
3 10 0 
t 28 107 
m 34 2 
1 16 15 
2 10 5 
3 11 0 
t 27 107 
m 34 1 
1 16 14 
2 10 4 
3 10 0 
t 26 107 
m 34 1 
1 16 13 
2 10 5 
3 11 0 
t 25 107 
m 34 0 
1 16 12 
2 10 4 
3 10 0 
t 24 107 
m 33 0 
1 16 13 
2 9 4 
3 11 0 
t 23 107 
m 34 0 
1 16 14 
2 8 4 
3 10 0 
t 22 107 
m 34 1 
1 16 15 
2 8 3 
3 9 0 
t 21 107 
m 34 2 
1 16 14 
2 7 3 
3 8 0 
t 20 107 
m 34 2 
1 16 13 
2 6 3 
3 8 1 
t 19 107 
m 34 1 
1 16 14 
2 6 4 
3 8 0 
t 18 107 
m 34 1 
1 15 14 
2 6 3 
3 7 0 
t 17 107 
m 34 1 
1 14 14 
2 7 3 
3 6 0 
t 16 107 
m 34 1 
1 13 14 
2 6 3 
3 5 0 
t 15 107 
m 34 0 
1 14 14 
2 6 4 
3 4 0 
t 14 107 
m 34 1 
1 13 14 
2 6 3 
3 5 0 
t 13 107 
m 34 0 
1 13 13 
2 6 2 
3 6 0 
t 12 107 
m 34 1 
1 13 12 
2 6 3 
3 6 1 
t 11 107 
m 34 1 
1 13 11 
2 6 2 
3 6 0 
t 10 107 
m 34 2 
1 13 12 
2 6 1 
3 5 0 
t 9 107 
m 34 1 
1 13 11 
2 6 0 
3 4 0 
t 8 107 
m 34 1 
1 13 12 
2 6 1 
3 4 1 
t 7 107 
m 34 2 
1 14 12 
2 6 2 
3 4 2 
t 6 107 
m 34 1 
1 15 12 
2 6 1 
3 4 3 
t 5 107 
m 34 1 
1 14 12 
2 6 2 
3 4 2 
t 4 107 
m 34 1 
1 15 12 
2 6 1 
3 4 3 
t 3 107 
m 34 2 
1 14 12 
2 6 2 
3 4 4 
t 2 107 
m 34 3 
1 13 12 
2 6 3 
3 4 3 
t 1 107 
