35
20
m 0 19 
1 34 0 
2 34 0 
3 34 0 
w 3 19 
w 4 19 
w 5 19 
w 6 19 
w 7 19 
w 8 19 
w 9 19 
w 10 19 
w 11 19 
w 12 19 
w 13 19 
w 14 19 
w 15 19 
w 16 19 
w 17 19 
w 18 19 
w 19 19 
w 20 19 
w 21 19 
w 22 19 
w 23 19 
w 24 19 
w 25 19 
w 26 19 
w 27 19 
w 28 19 
w 29 19 
w 30 19 
w 31 19 
w 1 18 
w 3 18 
w 4 18 
w 5 18 
w 6 18 
w 7 18 
w 8 18 
w 9 18 
w 10 18 
w 11 18 
w 12 18 
w 13 18 
w 14 18 
w 15 18 
w 16 18 
w 17 18 
w 18 18 
w 19 18 
w 20 18 
w 21 18 
w 22 18 
w 23 18 
w 24 18 
w 25 18 
w 26 18 
w 27 18 
w 28 18 
w 29 18 
w 30 18 
w 31 18 
w 33 18 
w 3 17 
w 4 17 
w 5 17 
w 6 17 
w 7 17 
w 8 17 
w 9 17 
w 10 17 
w 11 17 
w 12 17 
w 13 17 
w 14 17 
w 15 17 
w 16 17 
w 17 17 
w 18 17 
w 19 17 
w 20 17 
w 21 17 
w 22 17 
w 23 17 
w 24 17 
w 25 17 
w 26 17 
w 27 17 
w 28 17 
w 29 17 
w 30 17 
w 31 17 
w 1 16 
w 3 16 
w 4 16 
w 5 16 
w 6 16 
w 7 16 
w 8 16 
w 9 16 
w 10 16 
w 11 16 
w 12 16 
w 13 16 
w 14 16 
w 15 16 
w 16 16 
w 17 16 
w 18 16 
w 19 16 
w 20 16 
w 21 16 
w 22 16 
w 23 16 
w 24 16 
w 25 16 
w 26 16 
w 27 16 
w 28 16 
w 29 16 
w 30 16 
w 31 16 
w 33 16 
w 1 15 
w 3 15 
w 4 15 
w 5 15 
w 6 15 
w 7 15 
w 8 15 
w 9 15 
w 10 15 
w 11 15 
w 12 15 
w 13 15 
w 14 15 
w 15 15 
w 16 15 
w 17 15 
w 18 15 
w 19 15 
w 20 15 
w 21 15 
w 22 15 
w 23 15 
w 24 15 
w 25 15 
w 26 15 
w 27 15 
w 28 15 
w 29 15 
w 30 15 
w 31 15 
w 33 15 
w 8 14 
w 9 14 
w 10 14 
w 11 14 
w 12 14 
w 13 14 
w 14 14 
w 15 14 
w 16 14 
w 17 14 
w 18 14 
w 19 14 
w 20 14 
w 21 14 
w 22 14 
w 23 14 
w 24 14 
w 25 14 
w 26 14 
w 1 13 
w 2 13 
w 4 13 
w 5 13 
w 6 13 
w 8 13 
w 9 13 
w 10 13 
w 11 13 
w 12 13 
w 13 13 
w 14 13 
w 15 13 
w 16 13 
w 17 13 
w 18 13 
w 19 13 
w 20 13 
w 21 13 
w 22 13 
w 23 13 
w 24 13 
w 25 13 
w 26 13 
w 28 13 
w 29 13 
w 30 13 
w 32 13 
w 33 13 
w 1 12 
w 2 12 
w 4 12 
w 5 12 
w 6 12 
w 8 12 
w 9 12 
w 10 12 
w 11 12 
w 12 12 
w 13 12 
w 14 12 
w 15 12 
w 16 12 
w 17 12 
w 18 12 
w 19 12 
w 20 12 
w 21 12 
w 22 12 
w 23 12 
w 24 12 
w 25 12 
w 26 12 
w 28 12 
w 29 12 
w 30 12 
w 32 12 
w 33 12 
w 1 11 
w 2 11 
w 8 11 
w 9 11 
w 10 11 
w 11 11 
w 23 11 
w 24 11 
w 25 11 
w 26 11 
w 32 11 
w 33 11 
w 3 10 
w 4 10 
w 5 10 
w 6 10 
w 8 10 
w 9 10 
w 10 10 
w 11 10 
w 13 10 
w 14 10 
w 15 10 
w 16 10 
w 17 10 
w 18 10 
w 19 10 
w 20 10 
w 21 10 
w 23 10 
w 24 10 
w 25 10 
w 26 10 
w 28 10 
w 29 10 
w 30 10 
w 31 10 
w 1 9 
w 6 9 
w 8 9 
w 9 9 
w 10 9 
w 11 9 
w 13 9 
w 14 9 
w 15 9 
w 16 9 
w 17 9 
w 18 9 
w 19 9 
w 20 9 
w 21 9 
w 23 9 
w 24 9 
w 25 9 
w 26 9 
w 28 9 
w 33 9 
w 1 8 
w 3 8 
w 4 8 
w 6 8 
w 8 8 
w 9 8 
w 10 8 
w 11 8 
w 13 8 
w 14 8 
w 15 8 
w 16 8 
w 17 8 
w 18 8 
w 19 8 
w 20 8 
w 21 8 
w 23 8 
w 24 8 
w 25 8 
w 26 8 
w 28 8 
w 30 8 
w 31 8 
w 33 8 
w 1 7 
w 8 7 
w 9 7 
w 10 7 
w 11 7 
w 23 7 
w 24 7 
w 25 7 
w 26 7 
w 33 7 
w 1 6 
w 3 6 
w 5 6 
w 6 6 
w 13 6 
w 14 6 
w 15 6 
w 17 6 
w 19 6 
w 20 6 
w 21 6 
w 28 6 
w 29 6 
w 31 6 
w 33 6 
w 3 5 
w 8 5 
w 9 5 
w 10 5 
w 11 5 
w 13 5 
w 14 5 
w 15 5 
w 17 5 
w 19 5 
w 20 5 
w 21 5 
w 23 5 
w 24 5 
w 25 5 
w 26 5 
w 31 5 
w 1 4 
w 5 4 
w 6 4 
w 8 4 
w 9 4 
w 10 4 
w 11 4 
w 13 4 
w 14 4 
w 15 4 
w 17 4 
w 19 4 
w 20 4 
w 21 4 
w 23 4 
w 24 4 
w 25 4 
w 26 4 
w 28 4 
w 29 4 
w 33 4 
w 3 3 
w 5 3 
w 6 3 
w 8 3 
w 9 3 
w 10 3 
w 11 3 
w 17 3 
w 23 3 
w 24 3 
w 25 3 
w 26 3 
w 28 3 
w 29 3 
w 31 3 
w 1 2 
w 5 2 
w 6 2 
w 11 2 
w 13 2 
w 14 2 
w 15 2 
w 19 2 
w 20 2 
w 21 2 
w 23 2 
w 28 2 
w 29 2 
w 33 2 
w 1 1 
w 3 1 
w 5 1 
w 6 1 
w 8 1 
w 9 1 
w 13 1 
w 14 1 
w 15 1 
w 17 1 
w 19 1 
w 20 1 
w 21 1 
w 25 1 
w 26 1 
w 28 1 
w 29 1 
w 31 1 
w 33 1 
w 11 0 
w 23 0 
p 2 19 
p 32 19 
p 33 19 
p 2 18 
p 32 18 
p 34 18 
p 0 17 
p 1 17 
p 2 17 
p 0 16 
p 2 16 
p 32 16 
p 2 15 
p 1 14 
p 2 14 
p 6 14 
p 7 14 
p 29 14 
p 30 14 
p 31 14 
p 32 14 
p 3 13 
p 27 13 
p 31 13 
p 34 13 
p 0 12 
p 7 12 
p 31 12 
p 34 12 
p 0 11 
p 6 11 
p 7 11 
p 12 11 
p 13 11 
p 14 11 
p 15 11 
p 16 11 
p 17 11 
p 18 11 
p 21 11 
p 22 11 
p 28 11 
p 30 11 
p 1 10 
p 7 10 
p 12 10 
p 22 10 
p 27 10 
p 34 10 
p 0 9 
p 7 9 
p 12 9 
p 22 9 
p 31 9 
p 32 9 
p 34 9 
p 0 8 
p 2 8 
p 7 8 
p 12 8 
p 22 8 
p 3 7 
p 4 7 
p 5 7 
p 6 7 
p 13 7 
p 14 7 
p 15 7 
p 18 7 
p 19 7 
p 21 7 
p 22 7 
p 28 7 
p 29 7 
p 34 7 
p 2 6 
p 7 6 
p 8 6 
p 11 6 
p 12 6 
p 25 6 
p 27 6 
p 4 5 
p 5 5 
p 7 5 
p 12 5 
p 18 5 
p 22 5 
p 28 5 
p 30 5 
p 32 5 
p 0 4 
p 3 4 
p 4 4 
p 7 4 
p 18 4 
p 22 4 
p 27 4 
p 32 4 
p 34 4 
p 0 3 
p 4 3 
p 7 3 
p 15 3 
p 18 3 
p 19 3 
p 20 3 
p 22 3 
p 33 3 
p 34 3 
p 0 2 
p 4 2 
p 10 2 
p 16 2 
p 18 2 
p 24 2 
p 25 2 
p 30 2 
p 34 2 
p 2 1 
p 7 1 
p 10 1 
p 16 1 
p 18 1 
p 27 1 
p 34 1 
p 1 0 
p 2 0 
p 3 0 
p 5 0 
p 6 0 
p 7 0 
p 8 0 
p 12 0 
p 18 0 
p 19 0 
p 22 0 
t 1400 0 
m 0 18 
1 33 0 
2 34 1 
3 34 1 
t 1399 0 
m 0 17 
1 32 0 
2 34 2 
3 34 2 
t 1398 1 
m 1 17 
1 32 1 
2 34 3 
3 34 1 
t 1397 2 
m 0 17 
1 32 2 
2 33 3 
3 34 2 
t 1396 2 
m 0 16 
1 31 2 
2 32 3 
3 34 3 
t 1395 3 
m 0 17 
1 30 2 
2 32 4 
3 33 3 
t 1394 3 
m 0 17 
1 30 1 
2 32 5 
3 34 3 
t 1393 3 
m 0 17 
1 30 0 
2 32 6 
3 33 3 
t 1392 3 
m 0 16 
1 29 0 
2 32 7 
3 34 3 
t 1391 3 
m 0 17 
1 28 0 
2 32 6 
3 34 4 
t 1390 3 
m 0 16 
1 27 0 
2 32 5 
3 34 3 
t 1389 3 
m 0 17 
1 27 1 
2 32 6 
3 34 4 
t 1388 3 
m 0 18 
1 27 0 
2 32 7 
3 34 5 
t 1387 3 
m 0 18 
1 27 1 
2 32 6 
3 34 6 
t 1386 3 
m 0 17 
1 27 2 
2 32 7 
3 34 5 
t 1385 3 
m 1 17 
1 26 2 
2 31 7 
3 34 4 
t 1384 3 
m 0 17 
1 25 2 
2 30 7 
3 34 5 
t 1383 3 
m 0 16 
1 26 2 
2 29 7 
3 33 5 
t 1382 3 
m 0 17 
1 25 2 
2 28 7 
3 32 5 
t 1381 3 
m 0 18 
1 26 2 
2 27 7 
3 32 6 
t 1380 3 
m 0 17 
1 27 2 
2 27 6 
3 32 5 
t 1379 3 
m 0 17 
1 26 2 
2 27 7 
3 32 4 
t 1378 3 
m 1 17 
1 25 2 
2 27 6 
3 31 4 
t 1377 3 
m 2 17 
1 26 2 
2 27 7 
3 32 4 
t 1376 3 
m 2 16 
1 25 2 
2 28 7 
3 31 4 
t 1375 4 
m 2 15 
1 26 2 
2 29 7 
3 32 4 
t 1374 5 
m 2 15 
1 27 2 
2 28 7 
3 31 4 
t 1373 5 
m 2 16 
1 26 2 
2 27 7 
3 30 4 
t 1372 5 
m 2 17 
1 27 2 
2 28 7 
3 31 4 
t 1371 5 
m 1 17 
1 26 2 
2 29 7 
3 30 4 
t 1370 5 
m 1 17 
1 25 2 
2 29 8 
3 30 3 
t 1369 5 
m 1 17 
1 24 2 
2 29 9 
3 30 2 
t 1368 5 
m 0 17 
1 25 2 
2 30 9 
3 31 2 
t 1367 5 
m 0 17 
1 24 2 
2 31 9 
3 30 2 
t 1366 5 
m 0 18 
1 24 1 
2 32 9 
3 31 2 
t 1365 5 
m 0 19 
1 24 0 
2 32 10 
3 32 2 
t 1364 5 
m 0 18 
1 24 1 
2 32 9 
3 32 1 
t 1363 5 
m 0 17 
1 24 2 
2 31 9 
3 32 0 
t 1362 5 
m 0 17 
1 25 2 
2 30 9 
3 31 0 
t 1361 5 
m 0 17 
1 26 2 
2 29 9 
3 32 0 
t 1360 5 
m 0 18 
1 25 2 
2 30 9 
3 31 0 
t 1359 5 
m 0 17 
1 26 2 
2 29 9 
3 32 0 
t 1358 5 
m 0 18 
1 25 2 
2 30 9 
3 32 1 
t 1357 5 
m 0 18 
1 26 2 
2 31 9 
3 32 0 
t 1356 5 
m 0 18 
1 27 2 
2 32 9 
3 33 0 
t 1355 5 
m 0 17 
1 27 3 
2 32 8 
3 34 0 
t 1354 5 
m 0 18 
1 27 2 
2 32 9 
3 33 0 
t 1353 5 
m 0 19 
1 27 1 
2 31 9 
3 32 0 
t 1352 5 
m 0 18 
1 27 2 
2 30 9 
3 32 1 
t 1351 5 
m 0 18 
1 27 1 
2 31 9 
3 32 2 
t 1350 5 
m 0 17 
1 27 0 
2 30 9 
3 32 3 
t 1349 5 
m 0 17 
1 28 0 
2 29 9 
3 33 3 
t 1348 5 
m 0 17 
1 27 0 
2 30 9 
3 34 3 
t 1347 5 
m 0 18 
1 28 0 
2 31 9 
3 34 2 
t 1346 5 
m 0 18 
1 29 0 
2 30 9 
3 34 1 
t 1345 5 
m 0 19 
1 30 0 
2 29 9 
3 34 2 
t 1344 5 
m 0 19 
1 31 0 
2 30 9 
3 34 3 
t 1343 5 
m 0 18 
1 32 0 
2 31 9 
3 34 2 
t 1342 5 
m 0 17 
1 33 0 
2 30 9 
3 34 3 
t 1341 5 
m 0 18 
1 34 0 
2 31 9 
3 33 3 
t 1340 5 
m 0 18 
1 33 0 
2 30 9 
3 34 3 
t 1339 5 
m 0 18 
1 32 0 
2 29 9 
3 33 3 
t 1338 5 
m 0 18 
1 33 0 
2 29 8 
3 32 3 
t 1337 5 
m 0 17 
1 32 0 
2 29 7 
3 33 3 
t 1336 5 
m 0 16 
1 33 0 
2 30 7 
3 34 3 
t 1335 5 
m 0 17 
1 32 0 
2 30 6 
3 34 2 
t 1334 5 
m 0 16 
1 31 0 
2 30 5 
3 34 3 
t 1333 5 
m 0 16 
1 30 0 
2 30 4 
3 34 2 
t 1332 5 
m 0 16 
1 30 1 
2 30 5 
3 34 3 
t 1331 5 
m 0 17 
1 30 2 
2 29 5 
3 34 2 
t 1330 5 
m 0 18 
1 30 3 
2 28 5 
3 34 1 
t 1329 5 
m 0 19 
1 30 4 
2 29 5 
3 34 2 
t 1328 5 
m 1 19 
1 30 3 
2 30 5 
3 34 1 
t 1327 5 
m 1 19 
1 30 4 
2 30 6 
3 34 0 
t 1326 5 
m 2 19 
1 31 4 
2 30 7 
3 34 1 
t 1325 6 
m 2 18 
1 30 4 
2 29 7 
3 34 0 
t 1324 6 
m 2 18 
1 30 5 
2 28 7 
3 34 1 
t 1323 6 
m 2 18 
1 30 6 
2 27 7 
3 34 2 
t 1322 6 
m 2 18 
1 30 5 
2 27 6 
3 34 3 
t 1321 6 
m 2 19 
1 30 6 
2 27 5 
3 34 2 
t 1320 6 
m 2 18 
1 30 7 
2 28 5 
3 34 1 
t 1319 6 
m 2 19 
1 29 7 
2 29 5 
3 34 2 
t 1318 6 
m 1 19 
1 30 7 
2 28 5 
3 34 1 
t 1317 6 
m 2 19 
1 31 7 
2 29 5 
3 34 2 
t 1316 6 
m 2 19 
1 32 7 
2 30 5 
3 34 3 
t 1315 6 
m 1 19 
1 31 7 
2 29 5 
3 33 3 
t 1314 6 
m 0 19 
1 32 7 
2 28 5 
3 32 3 
t 1313 6 
m 0 19 
1 32 8 
2 29 5 
3 32 2 
t 1312 6 
m 0 18 
1 32 9 
2 28 5 
3 31 2 
t 1311 6 
m 0 17 
1 32 8 
2 29 5 
3 32 2 
t 1310 6 
m 1 17 
1 32 7 
2 28 5 
3 32 3 
t 1309 6 
m 0 17 
1 32 6 
2 27 5 
3 32 4 
t 1308 6 
m 0 18 
1 32 7 
2 27 4 
3 31 4 
t 1307 6 
m 0 17 
1 32 6 
2 27 3 
3 32 4 
t 1306 6 
f 17 2 
m 0 17 
1 32 5 
2 27 4 
3 32 3 
t 1305 6 
m 0 18 
1 33 5 
2 27 3 
3 33 3 
t 1304 6 
m 0 18 
1 34 5 
2 27 2 
3 34 3 
t 1303 6 
m 0 17 
1 34 6 
2 26 2 
3 34 4 
t 1302 6 
m 0 18 
1 34 7 
2 27 2 
3 34 3 
t 1301 6 
m 0 18 
1 34 6 
2 27 3 
3 34 4 
t 1300 6 
m 0 17 
1 34 7 
2 27 2 
3 34 3 
t 1299 6 
m 0 18 
1 34 8 
2 27 1 
3 34 2 
t 1298 6 
m 0 19 
1 34 9 
2 27 2 
3 34 1 
t 1297 6 
m 0 18 
1 34 8 
2 27 1 
3 34 2 
t 1296 6 
m 0 17 
1 34 9 
2 27 2 
3 34 1 
t 1295 6 
m 1 17 
1 34 8 
2 27 3 
3 34 0 
t 1294 6 
m 1 17 
1 34 9 
2 27 4 
3 34 1 
t 1293 6 
m 1 17 
1 34 10 
2 27 5 
3 34 2 
t 1292 6 
m 2 17 
1 34 9 
2 28 5 
3 34 3 
t 1291 6 
m 1 17 
1 34 8 
2 27 5 
3 33 3 
t 1290 6 
m 2 17 
1 34 7 
2 28 5 
3 32 3 
t 1289 6 
m 2 17 
1 34 8 
2 27 5 
3 32 4 
t 1288 6 
m 2 16 
1 34 9 
2 28 5 
3 32 5 
t 1287 6 
m 2 16 
1 34 10 
2 27 5 
3 32 4 
t 1286 6 
m 2 15 
1 34 9 
2 27 4 
3 32 5 
t 1285 6 
m 2 14 
1 34 10 
2 27 5 
3 32 6 
t 1284 7 
m 3 14 
1 34 9 
2 27 6 
3 32 7 
t 1283 7 
m 4 14 
1 34 10 
2 27 5 
3 31 7 
t 1282 7 
m 5 14 
1 34 11 
2 27 6 
3 32 7 
t 1281 7 
m 6 14 
1 34 12 
2 27 7 
3 32 8 
t 1280 8 
m 5 14 
1 34 11 
2 27 6 
3 32 9 
t 1279 8 
m 6 14 
1 34 12 
2 27 7 
3 32 8 
t 1278 8 
m 5 14 
1 34 13 
2 28 7 
3 32 7 
t 1277 8 
m 5 14 
1 34 12 
2 29 7 
3 32 6 
t 1276 8 
m 6 14 
1 34 11 
2 29 8 
3 32 5 
t 1275 8 
m 7 14 
1 34 10 
2 29 7 
3 32 4 
t 1274 9 
m 6 14 
1 34 9 
2 30 7 
3 32 5 
t 1273 9 
m 6 14 
1 34 8 
2 31 7 
3 32 6 
t 1272 9 
m 6 14 
1 34 7 
2 30 7 
3 32 7 
t 1271 9 
m 7 14 
1 34 6 
2 30 6 
3 32 6 
t 1270 9 
m 7 14 
1 34 5 
2 30 5 
3 32 7 
t 1269 9 
m 7 13 
1 34 4 
2 30 6 
3 32 6 
t 1268 9 
m 7 12 
1 34 5 
2 30 7 
3 32 7 
t 1267 9 
m 7 12 
1 34 4 
2 29 7 
3 32 8 
t 1266 9 
m 7 11 
1 34 5 
2 29 8 
3 32 9 
t 1265 10 
m 7 11 
1 34 4 
2 29 7 
3 31 9 
t 1264 10 
m 7 11 
1 34 3 
2 30 7 
3 32 9 
t 1263 10 
m 7 11 
1 34 4 
2 29 7 
3 32 10 
t 1262 10 
m 6 11 
1 34 3 
2 28 7 
3 32 9 
t 1261 11 
m 7 11 
1 33 3 
2 29 7 
3 32 10 
t 1260 11 
m 6 11 
1 34 3 
2 28 7 
3 32 9 
t 1259 11 
m 6 11 
1 33 3 
2 27 7 
3 32 8 
t 1258 11 
m 5 11 
1 32 3 
2 28 7 
3 32 9 
t 1257 11 
m 6 11 
1 33 3 
2 27 7 
3 32 10 
t 1256 11 
m 6 11 
1 32 3 
2 27 8 
3 32 9 
t 1255 11 
m 5 11 
1 33 3 
2 27 9 
3 32 8 
t 1254 11 
m 5 11 
1 34 3 
2 27 10 
3 32 9 
t 1253 11 
m 6 11 
1 34 2 
2 27 11 
3 32 8 
t 1252 11 
m 5 11 
1 34 3 
2 28 11 
3 32 9 
t 1251 11 
m 6 11 
1 33 3 
2 29 11 
3 32 10 
t 1250 11 
m 5 11 
1 32 3 
2 30 11 
3 33 10 
t 1249 11 
m 6 11 
1 33 3 
2 31 11 
3 34 10 
t 1248 11 
m 6 11 
1 32 3 
2 31 12 
3 34 9 
t 1247 11 
m 7 11 
1 32 4 
2 31 13 
3 34 8 
t 1246 11 
m 7 11 
1 32 3 
2 31 14 
3 34 9 
t 1245 11 
m 6 11 
1 33 3 
2 32 14 
3 34 8 
t 1244 11 
m 5 11 
1 32 3 
2 32 15 
3 34 9 
t 1243 11 
m 5 11 
1 33 3 
2 32 16 
3 34 8 
t 1242 11 
m 5 11 
1 34 3 
2 32 17 
3 34 9 
t 1241 11 
m 6 11 
1 34 2 
2 32 16 
3 34 10 
t 1240 11 
m 7 11 
1 34 1 
2 32 15 
3 34 11 
t 1239 11 
m 7 12 
1 34 0 
2 32 14 
3 34 12 
t 1238 11 
m 7 13 
1 34 1 
2 32 15 
3 34 11 
t 1237 11 
m 7 12 
1 34 0 
2 32 14 
3 34 12 
t 1236 11 
m 7 11 
1 34 1 
2 33 14 
3 34 13 
t 1235 11 
m 7 10 
1 34 0 
2 34 14 
3 34 14 
t 1234 11 
m 7 9 
1 33 0 
2 33 14 
3 33 14 
t 1233 12 
m 7 8 
1 34 0 
2 32 14 
3 34 14 
t 1232 13 
m 7 7 
1 33 0 
2 31 14 
3 34 13 
t 1231 13 
m 6 7 
1 34 0 
2 31 13 
3 34 12 
t 1230 14 
m 5 7 
1 34 1 
2 31 14 
3 34 11 
t 1229 14 
m 5 8 
1 34 2 
2 30 14 
3 34 12 
t 1228 14 
m 5 7 
1 34 3 
2 29 14 
3 34 11 
t 1227 14 
m 6 7 
1 34 2 
2 28 14 
3 34 12 
t 1226 14 
m 6 7 
1 34 1 
2 29 14 
3 34 11 
t 1225 14 
m 7 7 
1 34 2 
2 28 14 
3 34 10 
t 1224 14 
m 7 6 
1 34 1 
2 29 14 
3 33 10 
t 1223 15 
m 8 6 
1 34 2 
2 28 14 
3 34 10 
t 1222 16 
m 8 6 
1 34 3 
2 29 14 
3 34 9 
t 1221 16 
m 7 6 
1 34 2 
2 28 14 
3 34 8 
t 1220 16 
m 7 5 
1 34 3 
2 29 14 
3 34 9 
t 1219 17 
m 7 4 
1 34 2 
2 30 14 
3 34 8 
t 1218 17 
m 7 4 
1 34 1 
2 29 14 
3 34 9 
t 1217 17 
m 7 4 
1 34 0 
2 30 14 
3 34 10 
t 1216 17 
m 7 3 
1 34 1 
2 31 14 
3 34 9 
t 1215 18 
m 7 3 
1 34 2 
2 30 14 
3 34 8 
t 1214 18 
m 7 3 
1 34 1 
2 29 14 
3 34 9 
t 1213 18 
m 7 4 
1 34 0 
2 28 14 
3 34 10 
t 1212 18 
m 7 4 
1 33 0 
2 27 14 
3 33 10 
t 1211 18 
m 7 3 
1 32 0 
2 28 14 
3 34 10 
t 1210 18 
m 7 2 
1 31 0 
2 29 14 
3 34 9 
t 1209 18 
m 7 1 
1 32 0 
2 28 14 
3 34 8 
t 1208 19 
m 7 0 
1 32 1 
2 27 14 
3 34 7 
t 1207 19 
m 8 0 
1 32 2 
2 27 13 
3 34 6 
t 1206 20 
m 7 0 
1 31 2 
2 27 14 
3 34 7 
t 1205 20 
m 7 0 
1 32 2 
2 27 13 
3 34 6 
t 1204 20 
m 7 0 
1 32 3 
2 27 12 
3 34 7 
t 1203 20 
m 6 0 
1 33 3 
2 27 11 
3 34 6 
t 1202 21 
m 5 0 
1 32 3 
2 27 10 
3 34 7 
t 1201 22 
m 6 0 
1 33 3 
2 27 11 
3 34 6 
t 1200 22 
m 7 0 
1 32 3 
2 27 12 
3 34 7 
t 1199 22 
m 7 1 
1 32 2 
2 27 11 
3 34 8 
t 1198 22 
m 7 1 
1 32 1 
2 28 11 
3 34 9 
t 1197 22 
m 7 0 
1 32 2 
2 27 11 
3 34 10 
t 1196 22 
m 7 1 
1 32 3 
2 28 11 
3 34 11 
t 1195 22 
m 7 0 
1 32 4 
2 29 11 
3 34 12 
t 1194 22 
m 6 0 
1 31 4 
2 30 11 
3 34 11 
t 1193 22 
m 6 0 
1 30 4 
2 31 11 
3 34 12 
t 1192 22 
m 5 0 
1 31 4 
2 31 12 
3 34 11 
t 1191 22 
m 5 0 
1 30 4 
2 31 13 
3 34 10 
t 1190 22 
m 4 0 
1 30 5 
2 31 12 
3 34 9 
t 1189 22 
m 5 0 
1 30 6 
2 31 13 
3 34 8 
t 1188 22 
m 6 0 
1 30 7 
2 31 14 
3 34 7 
t 1187 22 
m 5 0 
1 31 7 
2 31 13 
3 34 8 
t 1186 22 
m 6 0 
1 32 7 
2 31 12 
3 34 9 
t 1185 22 
m 5 0 
1 32 6 
2 31 13 
3 34 10 
t 1184 22 
m 4 0 
1 32 7 
2 31 12 
3 34 11 
t 1183 22 
m 4 1 
1 32 6 
2 31 11 
3 34 10 
t 1182 22 
m 4 2 
1 32 7 
2 31 12 
3 33 10 
t 1181 22 
m 3 2 
1 31 7 
2 31 11 
3 32 10 
t 1180 22 
m 2 2 
1 30 7 
2 30 11 
3 32 9 
t 1179 22 
m 3 2 
1 29 7 
2 29 11 
3 32 10 
t 1178 22 
m 4 2 
1 29 8 
2 28 11 
3 33 10 
t 1177 22 
m 4 1 
1 29 9 
2 29 11 
3 32 10 
t 1176 22 
m 4 0 
1 30 9 
2 30 11 
3 33 10 
t 1175 22 
m 4 0 
1 29 9 
2 31 11 
3 32 10 
t 1174 22 
m 4 0 
1 29 8 
2 31 12 
3 32 9 
t 1173 22 
m 4 0 
1 29 7 
2 31 13 
3 31 9 
t 1172 22 
m 3 0 
1 28 7 
2 31 12 
3 32 9 
t 1171 23 
m 3 0 
1 29 7 
2 31 11 
3 32 10 
t 1170 23 
m 3 0 
1 28 7 
2 31 12 
3 33 10 
t 1169 23 
m 4 0 
1 27 7 
2 31 13 
3 32 10 
t 1168 23 
m 3 0 
1 28 7 
2 31 14 
3 33 10 
t 1167 23 
m 4 0 
1 27 7 
2 30 14 
3 34 10 
t 1166 23 
m 3 0 
1 27 6 
2 29 14 
3 33 10 
t 1165 23 
m 2 0 
1 27 5 
2 28 14 
3 32 10 
t 1164 24 
m 1 0 
1 27 4 
2 29 14 
3 33 10 
t 1163 25 
m 0 0 
1 27 5 
2 30 14 
3 32 10 
t 1162 25 
m 1 0 
1 27 6 
2 29 14 
3 33 10 
t 1161 25 
m 1 0 
1 26 6 
2 28 14 
3 32 10 
t 1160 25 
m 1 0 
1 27 6 
2 29 14 
3 32 9 
t 1159 25 
m 2 0 
1 27 5 
2 28 14 
3 32 8 
t 1158 25 
m 1 0 
1 28 5 
2 27 14 
3 32 7 
t 1157 25 
m 0 0 
1 27 5 
2 28 14 
3 31 7 
t 1156 25 
m 0 0 
1 27 6 
2 27 14 
3 32 7 
t 1155 25 
m 0 1 
1 26 6 
2 27 13 
3 32 6 
t 1154 25 
m 0 2 
1 25 6 
2 27 12 
3 32 7 
t 1153 25 
m 0 3 
1 26 6 
2 27 13 
3 32 8 
t 1152 26 
m 0 3 
1 27 6 
2 27 14 
3 32 9 
t 1151 26 
m 0 3 
1 27 7 
2 28 14 
3 32 8 
t 1150 26 
m 0 4 
1 27 8 
2 29 14 
3 32 7 
t 1149 27 
m 0 4 
1 27 7 
2 30 14 
3 31 7 
t 1148 27 
m 0 3 
1 27 6 
2 31 14 
3 30 7 
t 1147 27 
m 0 4 
1 27 7 
2 30 14 
3 30 6 
t 1146 27 
m 0 4 
1 27 8 
2 29 14 
3 30 5 
t 1145 27 
m 0 3 
1 27 7 
2 30 14 
3 29 5 
t 1144 27 
m 0 2 
1 27 6 
2 31 14 
3 28 5 
t 1143 27 
m 0 2 
1 27 5 
2 32 14 
3 29 5 
t 1142 27 
m 0 1 
1 27 6 
2 32 15 
3 28 5 
t 1141 27 
m 0 1 
1 27 5 
2 32 14 
3 29 5 
t 1140 27 
m 0 2 
1 27 6 
2 32 15 
3 28 5 
t 1139 27 
m 0 2 
1 27 5 
2 32 16 
3 27 5 
t 1138 27 
m 0 3 
1 28 5 
2 32 17 
3 28 5 
t 1137 27 
m 1 3 
1 27 5 
2 32 18 
3 29 5 
t 1136 27 
m 2 3 
1 28 5 
2 32 17 
3 30 5 
t 1135 27 
m 1 3 
1 27 5 
2 33 17 
3 30 6 
t 1134 27 
m 1 3 
1 27 4 
2 32 17 
3 30 7 
t 1133 27 
m 2 3 
1 27 3 
2 33 17 
3 30 6 
t 1132 27 
m 2 4 
1 27 4 
2 32 17 
3 30 7 
t 1131 27 
m 2 3 
1 27 3 
2 32 18 
3 29 7 
t 1130 27 
m 2 4 
1 27 2 
2 32 19 
3 28 7 
t 1129 27 
m 2 3 
1 27 3 
2 33 19 
3 29 7 
t 1128 27 
m 2 2 
1 27 2 
2 32 19 
3 29 8 
t 1127 27 
m 2 3 
1 27 3 
2 32 18 
3 29 7 
t 1126 27 
m 1 3 
1 27 4 
2 32 19 
3 29 8 
t 1125 27 
m 2 3 
1 27 3 
2 32 18 
3 29 9 
t 1124 27 
m 2 4 
1 27 4 
2 32 19 
3 30 9 
t 1123 27 
m 2 5 
1 27 3 
2 33 19 
3 31 9 
t 1122 27 
m 2 5 
1 27 4 
2 32 19 
3 30 9 
t 1121 27 
m 2 6 
1 27 5 
2 32 18 
3 29 9 
t 1120 28 
m 2 6 
1 27 4 
2 32 19 
3 30 9 
t 1119 28 
m 2 7 
1 27 3 
2 33 19 
3 31 9 
t 1118 28 
m 2 6 
1 27 4 
2 32 19 
3 32 9 
t 1117 28 
m 2 5 
1 27 5 
2 33 19 
3 32 8 
t 1116 28 
m 2 5 
1 27 6 
2 34 19 
3 32 9 
t 1115 28 
m 1 5 
1 26 6 
2 34 18 
3 32 10 
t 1114 28 
m 1 5 
1 27 6 
2 34 19 
3 33 10 
t 1113 28 
m 0 5 
1 27 5 
2 33 19 
3 32 10 
t 1112 28 
m 0 5 
1 27 6 
2 34 19 
3 32 9 
t 1111 28 
m 1 5 
1 26 6 
2 33 19 
3 31 9 
t 1110 28 
m 1 5 
1 27 6 
2 34 19 
3 32 9 
t 1109 28 
m 1 5 
1 27 7 
2 33 19 
3 32 8 
t 1108 28 
m 1 5 
1 28 7 
2 32 19 
3 32 7 
t 1107 28 
m 0 5 
1 29 7 
2 33 19 
3 31 7 
t 1106 28 
m 0 5 
1 29 8 
2 32 19 
3 30 7 
t 1105 28 
m 0 6 
1 29 7 
2 32 18 
3 30 6 
t 1104 28 
m 0 5 
1 30 7 
2 32 19 
3 30 5 
t 1103 28 
m 1 5 
1 31 7 
2 32 18 
3 30 6 
t 1102 28 
m 0 5 
1 30 7 
2 32 19 
3 30 7 
t 1101 28 
m 0 5 
1 30 6 
2 33 19 
3 29 7 
t 1100 28 
m 0 6 
1 30 5 
2 34 19 
3 28 7 
t 1099 28 
m 0 6 
1 30 6 
2 33 19 
3 27 7 
t 1098 28 
m 0 5 
1 30 7 
2 32 19 
3 27 6 
t 1097 28 
m 0 5 
1 29 7 
2 33 19 
3 27 5 
t 1096 28 
m 0 5 
1 28 7 
2 32 19 
3 27 4 
t 1095 28 
m 0 5 
1 27 7 
2 32 18 
3 27 5 
t 1094 28 
m 1 5 
1 28 7 
2 32 17 
3 27 6 
t 1093 28 
m 2 5 
1 27 7 
2 32 18 
3 27 7 
t 1092 28 
m 2 6 
1 28 7 
2 32 19 
3 28 7 
t 1091 28 
m 2 5 
1 29 7 
2 33 19 
3 29 7 
t 1090 28 
m 2 5 
1 30 7 
2 32 19 
3 30 7 
t 1089 28 
m 2 4 
1 31 7 
2 32 18 
3 30 6 
t 1088 28 
m 2 3 
1 30 7 
2 32 19 
3 30 7 
t 1087 28 
m 2 3 
1 30 6 
2 33 19 
3 30 6 
t 1086 28 
m 1 3 
1 30 7 
2 32 19 
3 30 5 
t 1085 28 
m 1 3 
1 29 7 
2 33 19 
3 29 5 
t 1084 28 
m 2 3 
1 29 8 
2 32 19 
3 28 5 
t 1083 28 
m 2 3 
1 29 9 
2 33 19 
3 29 5 
t 1082 28 
m 1 3 
1 30 9 
2 34 19 
3 30 5 
t 1081 28 
m 1 3 
1 29 9 
2 33 19 
3 30 6 
t 1080 28 
m 1 3 
1 29 8 
2 34 19 
3 30 7 
t 1079 28 
m 2 3 
1 29 7 
2 34 18 
3 31 7 
t 1078 28 
m 2 4 
1 30 7 
2 34 17 
3 30 7 
t 1077 28 
m 3 4 
1 30 6 
2 33 17 
3 31 7 
t 1076 28 
m 3 4 
1 30 7 
2 34 17 
3 32 7 
t 1075 28 
m 2 4 
1 31 7 
2 33 17 
3 32 8 
t 1074 28 
m 3 4 
1 30 7 
2 34 17 
3 32 7 
t 1073 28 
m 2 4 
1 31 7 
2 33 17 
3 32 8 
t 1072 28 
m 2 5 
1 32 7 
2 34 17 
3 32 9 
t 1071 28 
m 2 4 
1 32 6 
2 34 16 
3 32 8 
t 1070 28 
m 2 3 
1 32 7 
2 34 17 
3 32 9 
t 1069 28 
m 2 2 
1 32 6 
2 34 18 
3 31 9 
t 1068 28 
m 2 1 
1 32 7 
2 34 19 
3 30 9 
t 1067 29 
m 2 1 
1 32 6 
2 34 18 
3 31 9 
t 1066 29 
m 2 1 
1 32 5 
2 34 19 
3 32 9 
t 1065 29 
m 2 1 
1 33 5 
2 34 18 
3 32 8 
t 1064 29 
m 2 1 
1 32 5 
2 34 19 
3 32 9 
t 1063 29 
m 2 1 
1 33 5 
2 33 19 
3 32 10 
t 1062 29 
m 2 2 
1 32 5 
2 34 19 
3 32 9 
t 1061 29 
m 2 3 
1 32 6 
2 34 18 
3 32 10 
t 1060 29 
m 2 4 
1 32 7 
2 34 19 
3 32 9 
t 1059 29 
m 2 5 
1 32 6 
2 33 19 
3 31 9 
t 1058 29 
m 2 5 
1 32 7 
2 34 19 
3 30 9 
t 1057 29 
m 2 4 
1 31 7 
2 33 19 
3 29 9 
t 1056 29 
m 2 3 
1 32 7 
2 34 19 
3 29 8 
t 1055 29 
m 2 3 
1 32 6 
2 34 18 
3 29 9 
t 1054 29 
m 2 2 
1 32 7 
2 34 17 
3 30 9 
t 1053 29 
m 2 1 
1 32 8 
2 33 17 
3 31 9 
t 1052 29 
m 2 1 
1 32 7 
2 32 17 
3 30 9 
t 1051 29 
m 2 0 
1 32 6 
2 32 16 
3 31 9 
t 1050 29 
m 2 0 
1 32 7 
2 32 15 
3 32 9 
t 1049 29 
m 2 1 
1 32 6 
2 32 14 
3 32 10 
t 1048 29 
m 2 0 
1 32 7 
2 32 15 
3 32 9 
t 1047 29 
m 3 0 
1 31 7 
2 32 14 
3 31 9 
t 1046 29 
m 2 0 
1 30 7 
2 32 15 
3 32 9 
t 1045 29 
m 1 0 
1 30 6 
2 32 14 
3 32 8 
t 1044 29 
m 0 0 
1 30 7 
2 31 14 
3 32 9 
t 1043 29 
m 0 0 
1 29 7 
2 30 14 
3 32 8 
t 1042 29 
m 0 0 
1 28 7 
2 29 14 
3 32 7 
t 1041 29 
m 1 0 
1 29 7 
2 30 14 
3 32 8 
t 1040 29 
m 0 0 
1 28 7 
2 31 14 
3 32 7 
t 1039 29 
m 0 1 
1 27 7 
2 32 14 
3 32 8 
t 1038 29 
m 0 2 
1 27 8 
2 32 15 
3 32 7 
t 1037 29 
m 0 3 
1 27 9 
2 32 14 
3 32 8 
t 1036 29 
m 0 3 
1 27 8 
2 33 14 
3 32 9 
t 1035 29 
m 0 2 
1 27 9 
2 34 14 
3 32 10 
t 1034 29 
m 0 3 
1 27 10 
2 34 15 
3 33 10 
t 1033 29 
m 0 2 
1 27 9 
2 34 14 
3 34 10 
t 1032 29 
m 0 1 
1 27 8 
2 34 13 
3 33 10 
t 1031 29 
m 0 1 
1 27 9 
2 34 14 
3 34 10 
t 1030 29 
m 0 1 
1 27 10 
2 34 13 
3 33 10 
t 1029 29 
m 0 2 
1 27 9 
2 34 14 
3 34 10 
t 1028 29 
m 0 3 
1 27 8 
2 34 15 
3 33 10 
t 1027 29 
m 0 3 
1 27 7 
2 34 16 
3 34 10 
t 1026 29 
m 0 3 
1 27 8 
2 34 17 
3 33 10 
t 1025 29 
m 1 3 
1 27 7 
2 34 18 
3 32 10 
t 1024 29 
m 1 3 
1 28 7 
2 34 19 
3 32 9 
t 1023 29 
m 2 3 
1 27 7 
2 33 19 
3 32 10 
t 1022 29 
m 2 2 
1 27 8 
2 34 19 
3 32 9 
t 1021 29 
m 3 2 
1 27 7 
2 34 18 
3 32 8 
t 1020 29 
m 3 2 
1 27 8 
2 34 17 
3 32 9 
t 1019 29 
m 2 2 
1 27 7 
2 34 16 
3 32 10 
t 1018 29 
m 2 2 
1 27 8 
2 34 15 
3 33 10 
t 1017 29 
m 2 3 
1 27 9 
2 34 16 
3 34 10 
t 1016 29 
m 1 3 
1 27 8 
2 34 17 
3 33 10 
t 1015 29 
m 0 3 
1 27 9 
2 34 16 
3 34 10 
t 1014 29 
m 0 3 
1 27 8 
2 34 15 
3 34 9 
t 1013 29 
m 0 4 
1 27 7 
2 34 14 
3 34 8 
t 1012 29 
m 0 3 
1 28 7 
2 33 14 
3 34 9 
t 1011 29 
m 1 3 
1 29 7 
2 32 14 
3 34 8 
t 1010 29 
m 2 3 
1 28 7 
2 32 15 
3 34 9 
t 1009 29 
m 2 3 
1 29 7 
2 32 16 
3 34 8 
t 1008 29 
m 2 3 
1 30 7 
2 32 15 
3 34 7 
t 1007 29 
m 2 3 
1 30 6 
2 32 16 
3 34 8 
t 1006 29 
m 2 3 
1 30 7 
2 32 15 
3 34 7 
t 1005 29 
m 2 4 
1 29 7 
2 32 14 
3 34 6 
t 1004 29 
m 2 5 
1 30 7 
2 33 14 
3 34 7 
t 1003 29 
m 2 4 
1 29 7 
2 32 14 
3 34 8 
t 1002 29 
m 2 5 
1 29 8 
2 31 14 
3 34 9 
t 1001 29 
m 2 6 
1 29 7 
2 31 13 
3 34 8 
t 1000 29 
m 2 6 
1 29 8 
2 31 12 
3 34 9 
t 999 29 
m 2 7 
1 29 9 
2 31 11 
3 34 10 
t 998 29 
m 2 7 
1 29 8 
2 30 11 
3 34 11 
t 997 29 
m 2 6 
1 29 7 
2 31 11 
3 34 12 
t 996 29 
m 2 6 
1 28 7 
2 30 11 
3 34 13 
t 995 29 
m 2 6 
1 27 7 
2 31 11 
3 34 14 
t 994 29 
m 2 5 
1 28 7 
2 31 12 
3 33 14 
t 993 29 
m 1 5 
1 27 7 
2 31 11 
3 32 14 
t 992 29 
m 1 5 
1 27 6 
2 30 11 
3 32 15 
t 991 29 
m 2 5 
1 27 5 
2 31 11 
3 32 14 
t 990 29 
m 1 5 
1 28 5 
2 31 12 
3 31 14 
t 989 29 
m 2 5 
1 27 5 
2 31 11 
3 32 14 
t 988 29 
m 2 5 
1 27 6 
2 30 11 
3 31 14 
t 987 29 
m 2 6 
1 27 7 
2 29 11 
3 31 13 
t 986 29 
m 2 7 
1 27 8 
2 28 11 
3 31 14 
t 985 29 
m 3 7 
1 27 7 
2 27 11 
3 32 14 
t 984 30 
m 3 7 
1 27 8 
2 27 12 
3 32 15 
t 983 30 
m 3 7 
1 27 7 
2 27 13 
3 32 14 
t 982 30 
m 3 7 
1 27 8 
2 27 14 
3 32 15 
t 981 30 
m 2 7 
1 27 9 
2 28 14 
3 32 16 
t 980 30 
m 2 8 
1 27 10 
2 29 14 
3 32 15 
t 979 30 
m 2 9 
1 27 9 
2 28 14 
3 32 16 
t 978 30 
m 2 8 
1 27 8 
2 27 14 
3 32 15 
t 977 30 
m 2 7 
1 27 7 
2 27 13 
3 32 16 
t 976 30 
m 2 6 
1 28 7 
2 27 14 
3 32 17 
t 975 30 
m 2 6 
1 29 7 
2 27 13 
3 32 18 
t 974 30 
m 2 7 
1 29 8 
2 27 12 
3 32 17 
t 973 30 
m 3 7 
1 29 9 
2 27 11 
3 32 18 
t 972 30 
m 4 7 
1 30 9 
2 27 12 
3 32 17 
t 971 31 
m 5 7 
1 29 9 
2 27 13 
3 32 18 
t 970 31 
m 5 7 
1 29 8 
2 27 14 
3 32 19 
t 969 31 
m 5 7 
1 29 9 
2 28 14 
3 32 18 
t 968 31 
m 5 8 
1 30 9 
2 27 14 
3 32 17 
t 967 31 
m 5 7 
1 29 9 
2 28 14 
3 32 18 
t 966 31 
m 6 7 
1 29 8 
2 27 14 
3 32 17 
t 965 31 
m 6 7 
1 29 9 
2 27 13 
3 32 18 
t 964 31 
m 6 7 
1 29 8 
2 27 12 
3 32 17 
t 963 31 
m 7 7 
1 29 7 
2 27 13 
3 32 18 
t 962 31 
m 7 7 
1 30 7 
2 27 14 
3 32 17 
t 961 31 
m 7 7 
1 31 7 
2 27 13 
3 32 16 
t 960 31 
m 7 7 
1 32 7 
2 27 12 
3 32 15 
t 959 31 
m 7 6 
1 32 6 
2 27 11 
3 32 14 
t 958 31 
m 7 7 
1 32 5 
2 28 11 
3 32 15 
t 957 31 
m 7 6 
1 33 5 
2 27 11 
3 32 16 
t 956 31 
m 7 7 
1 34 5 
2 27 12 
3 32 17 
t 955 31 
m 6 7 
1 33 5 
2 27 11 
3 32 18 
t 954 31 
m 7 7 
1 34 5 
2 27 10 
3 32 17 
t 953 31 
m 7 8 
1 34 4 
2 27 9 
3 32 18 
t 952 31 
m 7 8 
1 34 3 
2 27 10 
3 32 17 
t 951 31 
m 7 7 
1 34 4 
2 27 9 
3 32 16 
t 950 31 
m 7 6 
1 34 5 
2 27 10 
3 32 15 
t 949 31 
m 8 6 
1 34 4 
2 27 11 
3 32 16 
t 948 31 
m 7 6 
1 34 3 
2 28 11 
3 32 15 
t 947 31 
m 7 5 
1 34 2 
2 29 11 
3 32 16 
t 946 31 
m 7 6 
1 34 3 
2 28 11 
3 32 15 
t 945 31 
m 7 5 
1 33 3 
2 29 11 
3 32 14 
t 944 31 
m 6 5 
1 32 3 
2 28 11 
3 33 14 
t 943 31 
m 5 5 
1 32 2 
2 27 11 
3 34 14 
t 942 32 
m 4 5 
1 32 3 
2 27 12 
3 34 15 
t 941 33 
m 4 4 
1 32 4 
2 27 11 
3 34 14 
t 940 33 
m 3 4 
1 32 5 
2 28 11 
3 33 14 
t 939 33 
m 3 4 
1 32 6 
2 29 11 
3 34 14 
t 938 33 
m 3 4 
1 32 5 
2 30 11 
3 33 14 
t 937 33 
m 3 4 
1 33 5 
2 29 11 
3 32 14 
t 936 33 
m 4 4 
1 32 5 
2 28 11 
3 33 14 
t 935 33 
m 4 3 
1 32 4 
2 27 11 
3 34 14 
t 934 34 
m 4 2 
1 31 4 
2 27 10 
3 33 14 
t 933 34 
m 4 1 
1 30 4 
2 27 9 
3 32 14 
t 932 34 
m 4 1 
1 30 3 
2 27 8 
3 32 15 
t 931 34 
m 4 2 
1 30 2 
2 27 7 
3 32 16 
t 930 34 
m 4 2 
1 31 2 
2 27 6 
3 32 15 
t 929 34 
m 4 1 
1 30 2 
2 26 6 
3 32 16 
t 928 34 
m 4 1 
1 30 3 
2 25 6 
3 32 15 
t 927 34 
m 4 1 
1 30 4 
2 26 6 
3 32 14 
t 926 34 
m 4 0 
1 30 5 
2 25 6 
3 33 14 
t 925 34 
m 3 0 
1 30 4 
2 26 6 
3 34 14 
t 924 34 
m 2 0 
1 31 4 
2 25 6 
3 34 13 
t 923 34 
m 1 0 
1 32 4 
2 24 6 
3 34 12 
t 922 34 
m 2 0 
1 32 3 
2 23 6 
3 34 11 
t 921 34 
m 3 0 
1 33 3 
2 24 6 
3 34 10 
t 920 34 
m 2 0 
1 32 3 
2 23 6 
3 33 10 
t 919 34 
m 2 0 
1 32 4 
2 24 6 
3 32 10 
t 918 34 
m 2 1 
1 32 5 
2 23 6 
3 33 10 
t 917 34 
m 2 2 
1 33 5 
2 22 6 
3 34 10 
t 916 34 
m 2 2 
1 32 5 
2 23 6 
3 34 9 
t 915 34 
m 2 3 
1 33 5 
2 24 6 
3 34 10 
t 914 34 
m 2 3 
1 32 5 
2 23 6 
3 33 10 
t 913 34 
m 2 3 
1 32 4 
2 24 6 
3 34 10 
t 912 34 
m 1 3 
1 32 5 
2 25 6 
3 34 9 
t 911 34 
m 0 3 
1 32 6 
2 24 6 
3 34 10 
t 910 34 
m 0 2 
1 32 5 
2 25 6 
3 34 11 
t 909 34 
m 0 3 
1 32 4 
2 26 6 
3 34 10 
t 908 34 
m 0 4 
1 32 5 
2 25 6 
3 34 11 
t 907 34 
m 0 3 
1 33 5 
2 24 6 
3 34 12 
t 906 34 
m 0 3 
1 32 5 
2 25 6 
3 34 11 
t 905 34 
m 0 4 
1 32 4 
2 24 6 
3 34 10 
t 904 34 
m 0 4 
1 32 3 
2 25 6 
3 33 10 
t 903 34 
m 0 4 
1 32 2 
2 24 6 
3 34 10 
t 902 34 
m 0 3 
1 32 3 
2 25 6 
3 34 9 
t 901 34 
m 0 3 
1 33 3 
2 26 6 
3 34 10 
t 900 34 
m 0 3 
1 34 3 
2 25 6 
3 34 11 
t 899 34 
m 0 3 
1 34 2 
2 26 6 
3 34 10 
t 898 34 
m 1 3 
1 34 1 
2 25 6 
3 33 10 
t 897 34 
m 0 3 
1 34 2 
2 26 6 
3 32 10 
t 896 34 
m 0 4 
1 34 3 
2 25 6 
3 33 10 
t 895 34 
m 0 4 
1 34 2 
2 26 6 
3 34 10 
t 894 34 
m 0 5 
1 34 3 
2 25 6 
3 34 9 
t 893 34 
m 0 6 
1 34 2 
2 26 6 
3 34 8 
t 892 34 
m 0 7 
1 34 3 
2 25 6 
3 34 7 
t 891 34 
m 0 8 
1 33 3 
2 26 6 
3 34 8 
t 890 35 
m 0 7 
1 32 3 
2 27 6 
3 34 9 
t 889 35 
m 0 6 
1 33 3 
2 27 5 
3 34 10 
t 888 35 
m 0 6 
1 32 3 
2 27 6 
3 34 9 
t 887 35 
m 0 6 
1 32 2 
2 26 6 
3 34 10 
t 886 35 
m 0 6 
1 32 3 
2 27 6 
3 34 9 
t 885 35 
m 0 7 
1 32 4 
2 27 5 
3 34 10 
t 884 35 
m 0 6 
1 32 5 
2 28 5 
3 33 10 
t 883 35 
m 0 7 
1 32 4 
2 29 5 
3 34 10 
t 882 35 
m 0 6 
1 32 3 
2 30 5 
3 33 10 
t 881 35 
m 0 5 
1 33 3 
2 30 6 
3 34 10 
t 880 35 
m 1 5 
1 32 3 
2 30 5 
3 33 10 
t 879 35 
m 1 5 
1 32 4 
2 30 4 
3 34 10 
t 878 35 
m 2 5 
1 32 5 
2 30 5 
3 34 11 
t 877 35 
m 2 6 
1 33 5 
2 29 5 
3 34 12 
t 876 35 
m 2 5 
1 32 5 
2 30 5 
3 34 11 
t 875 35 
m 2 4 
1 33 5 
2 29 5 
3 34 10 
t 874 35 
m 3 4 
1 34 5 
2 28 5 
3 33 10 
t 873 35 
m 3 4 
1 33 5 
2 27 5 
3 34 10 
t 872 35 
m 3 4 
1 34 5 
2 28 5 
3 34 9 
t 871 35 
m 4 4 
1 34 6 
2 29 5 
3 34 8 
t 870 35 
m 4 3 
1 34 7 
2 28 5 
3 34 7 
t 869 35 
m 4 3 
1 34 8 
2 29 5 
3 34 6 
t 868 35 
m 4 4 
1 34 9 
2 30 5 
3 34 7 
t 867 35 
m 4 4 
1 34 10 
2 30 6 
3 34 8 
t 866 35 
m 4 5 
1 34 9 
2 30 7 
3 34 9 
t 865 35 
m 4 4 
1 34 8 
2 29 7 
3 34 10 
t 864 35 
m 4 3 
1 34 9 
2 29 8 
3 33 10 
t 863 35 
m 4 2 
1 34 10 
2 29 9 
3 34 10 
t 862 35 
m 4 2 
1 34 9 
2 29 8 
3 34 9 
t 861 35 
m 3 2 
1 34 10 
2 29 9 
3 34 10 
t 860 35 
m 2 2 
1 33 10 
2 30 9 
3 34 11 
t 859 35 
m 2 2 
1 32 10 
2 29 9 
3 34 12 
t 858 35 
m 2 2 
1 32 9 
2 29 8 
3 34 11 
t 857 35 
m 2 2 
1 32 8 
2 29 7 
3 34 12 
t 856 35 
m 2 1 
1 32 9 
2 29 8 
3 34 11 
t 855 35 
m 2 1 
1 32 10 
2 29 7 
3 34 12 
t 854 35 
m 2 0 
1 33 10 
2 28 7 
3 34 11 
t 853 35 
m 2 0 
1 32 10 
2 29 7 
3 34 12 
t 852 35 
m 2 1 
1 33 10 
2 30 7 
3 34 13 
t 851 35 
m 2 0 
1 32 10 
2 30 6 
3 34 12 
t 850 35 
m 2 0 
1 32 9 
2 30 7 
3 34 11 
t 849 35 
m 1 0 
1 32 8 
2 31 7 
3 34 10 
t 848 35 
m 1 0 
1 32 7 
2 32 7 
3 34 11 
t 847 35 
m 2 0 
1 32 8 
2 32 8 
3 34 10 
t 846 35 
m 3 0 
1 32 9 
2 32 7 
3 34 11 
t 845 35 
m 2 0 
1 31 9 
2 32 6 
3 34 10 
t 844 35 
m 2 1 
1 30 9 
2 32 5 
3 34 11 
t 843 35 
m 2 0 
1 31 9 
2 32 4 
3 34 10 
t 842 35 
m 3 0 
1 32 9 
2 32 3 
3 34 9 
t 841 35 
m 4 0 
1 32 8 
2 33 3 
3 34 10 
t 840 35 
m 4 0 
1 32 7 
2 32 3 
3 34 11 
t 839 35 
m 5 0 
1 32 8 
2 33 3 
3 34 12 
t 838 35 
m 5 0 
1 32 7 
2 32 3 
3 34 11 
t 837 35 
m 5 0 
1 32 6 
2 32 2 
3 34 10 
t 836 35 
m 4 0 
1 32 5 
2 32 1 
3 33 10 
t 835 35 
m 3 0 
1 32 4 
2 32 0 
3 34 10 
t 834 35 
m 2 0 
1 32 5 
2 32 1 
3 34 9 
t 833 35 
m 3 0 
1 33 5 
2 32 0 
3 34 8 
t 832 35 
m 4 0 
1 32 5 
2 31 0 
3 34 7 
t 831 35 
m 4 0 
1 32 6 
2 30 0 
3 34 8 
t 830 35 
m 3 0 
1 32 7 
2 29 0 
3 34 7 
t 829 35 
m 3 0 
1 32 8 
2 30 0 
3 34 8 
t 828 35 
m 3 0 
1 32 9 
2 29 0 
3 34 9 
t 827 35 
m 2 0 
1 32 8 
2 30 0 
3 34 10 
t 826 35 
m 2 0 
1 32 7 
2 31 0 
3 34 11 
t 825 35 
m 3 0 
1 32 6 
2 32 0 
3 34 10 
t 824 35 
m 4 0 
1 32 7 
2 31 0 
3 34 11 
t 823 35 
m 3 0 
1 32 6 
2 32 0 
3 34 12 
t 822 35 
m 4 0 
1 32 7 
2 33 0 
3 34 13 
t 821 35 
m 3 0 
1 32 8 
2 32 0 
3 34 14 
t 820 35 
m 2 0 
1 32 9 
2 31 0 
3 34 13 
t 819 35 
m 3 0 
1 32 10 
2 32 0 
3 34 12 
t 818 35 
m 2 0 
1 33 10 
2 31 0 
3 34 13 
t 817 35 
m 1 0 
1 32 10 
2 30 0 
3 34 14 
t 816 35 
m 2 0 
1 32 9 
2 29 0 
3 33 14 
t 815 35 
m 3 0 
1 31 9 
2 28 0 
3 34 14 
t 814 35 
m 2 0 
1 32 9 
2 29 0 
3 34 15 
t 813 35 
m 2 1 
1 32 10 
2 28 0 
3 34 16 
t 812 35 
m 2 2 
1 33 10 
2 27 0 
3 34 15 
t 811 35 
m 2 1 
1 34 10 
2 26 0 
3 34 16 
t 810 35 
m 2 1 
1 34 11 
2 27 0 
3 34 15 
t 809 35 
m 2 0 
1 34 10 
2 27 1 
3 34 16 
t 808 35 
m 2 0 
1 34 9 
2 27 2 
3 34 17 
t 807 35 
m 3 0 
1 34 10 
2 26 2 
3 33 17 
t 806 35 
m 3 0 
1 34 11 
2 27 2 
3 34 17 
t 805 35 
m 4 0 
1 34 12 
2 27 3 
3 34 16 
t 804 35 
m 4 0 
1 34 11 
2 27 4 
3 34 15 
t 803 35 
m 5 0 
1 34 12 
2 27 3 
3 34 14 
t 802 35 
m 6 0 
1 34 13 
2 27 2 
3 33 14 
t 801 35 
m 6 0 
1 34 12 
2 26 2 
3 32 14 
t 800 35 
m 7 0 
1 34 13 
2 25 2 
3 31 14 
t 799 35 
m 8 0 
1 34 14 
2 24 2 
3 30 14 
t 798 35 
m 8 0 
1 34 13 
2 24 1 
3 29 14 
t 797 35 
m 7 0 
1 34 14 
2 23 1 
3 30 14 
t 796 35 
m 7 0 
1 33 14 
2 22 1 
3 29 14 
t 795 35 
m 8 0 
1 34 14 
2 22 2 
3 28 14 
t 794 35 
m 9 0 
1 33 14 
2 22 1 
3 27 14 
t 793 35 
m 8 0 
1 34 14 
2 22 0 
3 28 14 
t 792 35 
m 7 0 
1 34 13 
2 22 1 
3 29 14 
t 791 35 
m 7 1 
1 34 14 
2 23 1 
3 28 14 
t 790 35 
m 7 1 
1 34 15 
2 22 1 
3 27 14 
t 789 35 
m 7 1 
1 34 14 
2 22 2 
3 28 14 
t 788 35 
m 7 0 
1 33 14 
2 22 3 
3 29 14 
t 787 35 
m 6 0 
1 34 14 
2 21 3 
3 28 14 
t 786 35 
m 7 0 
1 34 15 
2 20 3 
3 27 14 
t 785 35 
m 8 0 
1 34 14 
2 21 3 
3 27 13 
t 784 35 
m 8 0 
1 34 13 
2 20 3 
3 27 12 
t 783 35 
m 9 0 
1 34 14 
2 21 3 
3 27 13 
t 782 35 
m 8 0 
1 33 14 
2 20 3 
3 27 12 
t 781 35 
m 8 0 
1 32 14 
2 21 3 
3 27 11 
t 780 35 
m 7 0 
1 32 15 
2 20 3 
3 28 11 
t 779 35 
m 7 0 
1 32 16 
2 21 3 
3 29 11 
t 778 35 
m 7 1 
1 32 17 
2 22 3 
3 28 11 
t 777 35 
m 7 2 
1 33 17 
2 22 2 
3 27 11 
t 776 35 
m 7 2 
1 32 17 
2 22 3 
3 27 12 
t 775 35 
m 8 2 
1 33 17 
2 21 3 
3 27 13 
t 774 35 
m 7 2 
1 34 17 
2 22 3 
3 27 14 
t 773 35 
m 7 1 
1 33 17 
2 22 4 
3 27 13 
t 772 35 
m 7 0 
1 32 17 
2 22 5 
3 27 12 
t 771 35 
m 7 1 
1 32 16 
2 22 4 
3 27 13 
t 770 35 
m 7 1 
1 32 15 
2 22 3 
3 27 14 
t 769 35 
m 7 0 
1 32 16 
2 21 3 
3 27 13 
t 768 35 
m 6 0 
1 32 15 
2 22 3 
3 27 12 
t 767 35 
m 6 0 
1 32 14 
2 21 3 
3 27 11 
t 766 35 
m 6 0 
1 33 14 
2 20 3 
3 27 10 
t 765 35 
m 7 0 
1 34 14 
2 21 3 
3 27 9 
t 764 35 
m 6 0 
1 34 13 
2 22 3 
3 27 8 
t 763 35 
m 5 0 
1 34 14 
2 22 4 
3 27 7 
t 762 35 
m 5 0 
1 33 14 
2 22 5 
3 28 7 
t 761 35 
m 4 0 
1 32 14 
2 22 6 
3 27 7 
t 760 35 
m 4 1 
1 31 14 
2 23 6 
3 27 6 
t 759 35 
m 4 2 
1 32 14 
2 24 6 
3 27 7 
t 758 35 
m 4 1 
1 31 14 
2 23 6 
3 28 7 
t 757 35 
m 4 2 
1 31 13 
2 24 6 
3 29 7 
t 756 35 
m 4 1 
1 31 14 
2 23 6 
3 30 7 
t 755 35 
m 4 0 
1 32 14 
2 22 6 
3 31 7 
t 754 35 
m 3 0 
1 33 14 
2 23 6 
3 32 7 
t 753 35 
m 4 0 
1 34 14 
2 24 6 
3 32 6 
t 752 35 
m 4 1 
1 33 14 
2 25 6 
3 32 7 
t 751 35 
m 4 0 
1 34 14 
2 24 6 
3 32 6 
t 750 35 
m 3 0 
1 34 13 
2 23 6 
3 32 7 
t 749 35 
m 3 0 
1 34 12 
2 24 6 
3 32 6 
t 748 35 
m 4 0 
1 34 11 
2 23 6 
3 32 7 
t 747 35 
m 3 0 
1 34 12 
2 24 6 
3 31 7 
t 746 35 
m 4 0 
1 34 13 
2 23 6 
3 32 7 
t 745 35 
m 4 1 
1 34 14 
2 22 6 
3 32 8 
t 744 35 
m 4 1 
1 34 15 
2 23 6 
3 32 7 
t 743 35 
m 4 2 
1 34 16 
2 24 6 
3 32 8 
t 742 35 
m 4 3 
1 34 17 
2 23 6 
3 32 9 
t 741 35 
m 4 2 
1 34 18 
2 24 6 
3 31 9 
t 740 35 
m 4 3 
1 34 17 
2 25 6 
3 32 9 
t 739 35 
m 4 4 
1 34 18 
2 24 6 
3 32 10 
t 738 35 
m 4 3 
1 34 19 
2 25 6 
3 33 10 
t 737 35 
m 4 2 
1 33 19 
2 26 6 
3 32 10 
t 736 35 
m 4 1 
1 32 19 
2 27 6 
3 33 10 
t 735 35 
m 4 0 
1 32 18 
2 26 6 
3 34 10 
t 734 35 
m 5 0 
1 32 17 
2 25 6 
3 34 11 
t 733 35 
m 4 0 
1 33 17 
2 24 6 
3 34 12 
t 732 35 
m 3 0 
1 32 17 
2 23 6 
3 34 11 
t 731 35 
m 4 0 
1 32 18 
2 24 6 
3 34 12 
t 730 35 
m 5 0 
1 32 17 
2 25 6 
3 34 13 
t 729 35 
m 6 0 
1 32 16 
2 26 6 
3 34 12 
t 728 35 
m 7 0 
1 32 17 
2 27 6 
3 34 13 
t 727 35 
m 7 1 
1 32 16 
2 27 5 
3 34 14 
t 726 35 
m 7 2 
1 32 17 
2 27 4 
3 34 13 
t 725 35 
m 8 2 
1 32 16 
2 27 5 
3 34 14 
t 724 35 
m 7 2 
1 32 17 
2 28 5 
3 34 15 
t 723 35 
m 8 2 
1 33 17 
2 27 5 
3 34 14 
t 722 35 
m 9 2 
1 34 17 
2 27 6 
3 33 14 
t 721 35 
m 10 2 
1 33 17 
2 26 6 
3 32 14 
t 720 36 
m 10 1 
1 32 17 
2 27 6 
3 32 15 
t 719 36 
m 10 0 
1 33 17 
2 27 5 
3 32 14 
t 718 36 
m 10 1 
1 34 17 
2 27 6 
3 32 15 
t 717 36 
m 10 2 
1 34 16 
2 27 7 
3 32 16 
t 716 36 
m 10 1 
1 34 17 
2 27 6 
3 32 17 
t 715 36 
m 11 1 
1 34 18 
2 26 6 
3 33 17 
t 714 36 
m 11 1 
1 34 17 
2 27 6 
3 34 17 
t 713 36 
m 10 1 
1 34 16 
2 27 5 
3 34 16 
t 712 36 
m 10 2 
1 34 15 
2 27 4 
3 34 15 
t 711 36 
m 10 1 
1 34 14 
2 27 5 
3 34 14 
t 710 36 
m 10 1 
1 34 13 
2 28 5 
3 33 14 
t 709 36 
m 10 2 
1 34 14 
2 27 5 
3 34 14 
t 708 36 
m 10 1 
1 33 14 
2 27 4 
3 34 13 
t 707 36 
m 10 0 
1 32 14 
2 27 3 
3 34 14 
t 706 36 
m 9 0 
1 31 14 
2 27 2 
3 34 13 
t 705 36 
m 10 0 
1 32 14 
2 26 2 
3 34 14 
t 704 36 
m 10 0 
1 32 15 
2 25 2 
3 34 15 
t 703 36 
m 10 0 
1 32 16 
2 26 2 
3 34 14 
t 702 36 
m 9 0 
1 32 17 
2 25 2 
3 33 14 
t 701 36 
m 10 0 
1 32 16 
2 26 2 
3 32 14 
t 700 36 
m 10 0 
1 32 15 
2 27 2 
3 32 15 
t 699 36 
m 10 0 
1 32 14 
2 27 1 
3 32 16 
t 698 36 
m 9 0 
1 32 15 
2 27 0 
3 32 15 
t 697 36 
m 10 0 
1 32 14 
2 27 1 
3 32 14 
t 696 36 
m 10 1 
1 31 14 
2 27 2 
3 33 14 
t 695 36 
m 10 0 
1 31 13 
2 27 3 
3 34 14 
t 694 36 
m 10 0 
1 31 14 
2 27 4 
3 34 15 
t 693 36 
m 10 1 
1 32 14 
2 27 3 
3 34 14 
t 692 36 
m 11 1 
1 32 15 
2 27 2 
3 33 14 
t 691 36 
m 12 1 
1 32 14 
2 27 3 
3 34 14 
t 690 36 
m 12 0 
1 31 14 
2 27 4 
3 34 13 
t 689 37 
m 12 1 
1 32 14 
2 27 5 
3 34 12 
t 688 37 
m 11 1 
1 31 14 
2 28 5 
3 34 13 
t 687 37 
m 12 1 
1 31 13 
2 29 5 
3 34 12 
t 686 37 
m 12 2 
1 31 14 
2 28 5 
3 34 13 
t 685 37 
m 12 1 
1 31 13 
2 27 5 
3 34 14 
t 684 37 
m 12 0 
1 31 12 
2 28 5 
3 34 15 
t 683 37 
m 12 1 
1 31 11 
2 29 5 
3 34 14 
t 682 37 
m 12 1 
1 31 12 
2 28 5 
3 34 15 
t 681 37 
m 12 0 
1 31 11 
2 27 5 
3 34 16 
t 680 37 
m 13 0 
1 31 12 
2 27 4 
3 34 17 
t 679 37 
m 12 0 
1 31 13 
2 27 3 
3 33 17 
t 678 37 
m 12 1 
1 31 14 
2 27 4 
3 34 17 
t 677 37 
m 12 1 
1 31 13 
2 27 3 
3 34 18 
t 676 37 
m 12 0 
1 31 12 
2 27 2 
3 34 19 
t 675 37 
m 12 1 
1 31 11 
2 27 1 
3 33 19 
t 674 37 
m 12 0 
1 31 12 
2 27 2 
3 34 19 
t 673 37 
m 13 0 
1 31 13 
2 26 2 
3 34 18 
t 672 37 
m 14 0 
1 31 14 
2 25 2 
3 34 17 
t 671 37 
m 14 0 
1 30 14 
2 24 2 
3 34 18 
t 670 37 
m 14 0 
1 31 14 
2 25 2 
3 34 17 
t 669 37 
m 14 0 
1 30 14 
2 24 2 
3 34 18 
t 668 37 
m 15 0 
1 31 14 
2 25 2 
3 34 17 
t 667 37 
m 15 0 
1 30 14 
2 24 2 
3 33 17 
t 666 37 
m 16 0 
1 31 14 
2 24 1 
3 32 17 
t 665 37 
m 16 1 
1 32 14 
2 24 0 
3 32 16 
t 664 38 
m 16 2 
1 31 14 
2 25 0 
3 32 17 
t 663 38 
m 17 2 
1 32 14 
2 26 0 
3 32 16 
t 662 48 
m 18 2 
1 31 14 
2 25 0 
3 32 15 
t 661 49 
m 18 3 
1 32 14 
2 26 0 
3 32 14 
t 660 50 
m 19 3 
1 33 14 
2 25 0 
3 31 14 
t 659 51 
m 19 3 
1 32 14 
2 24 0 
3 31 13 
t 658 51 
m 18 3 
1 31 14 
2 25 0 
3 31 14 
t 657 51 
m 18 4 
1 30 14 
2 24 0 
3 31 13 
t 656 51 
m 18 3 
1 29 14 
2 24 1 
3 31 12 
t 655 51 
m 18 3 
1 28 14 
2 24 0 
3 31 11 
t 654 51 
m 18 3 
1 27 14 
2 25 0 
3 30 11 
t 653 51 
m 19 3 
1 27 13 
2 26 0 
3 31 11 
t 652 51 
m 19 3 
1 27 12 
2 25 0 
3 31 12 
t 651 51 
m 20 3 
1 27 13 
2 26 0 
3 31 13 
t 650 52 
m 21 3 
1 27 12 
2 25 0 
3 31 14 
t 649 52 
m 22 3 
1 27 13 
2 26 0 
3 32 14 
t 648 53 
m 22 4 
1 27 12 
2 27 0 
3 31 14 
t 647 54 
m 22 5 
1 27 13 
2 26 0 
3 32 14 
t 646 54 
m 22 5 
1 27 12 
2 25 0 
3 32 15 
t 645 54 
m 22 6 
1 27 13 
2 24 0 
3 32 16 
t 644 54 
m 22 7 
1 27 12 
2 24 1 
3 32 17 
t 643 55 
m 22 8 
1 27 13 
2 24 2 
3 33 17 
t 642 56 
m 22 9 
1 27 12 
2 25 2 
3 34 17 
t 641 56 
m 22 9 
1 27 11 
2 24 2 
3 34 18 
t 640 56 
m 22 10 
1 28 11 
2 24 1 
3 34 17 
t 639 57 
m 22 11 
1 27 11 
2 24 2 
3 34 18 
t 638 58 
m 22 10 
1 27 12 
2 24 1 
3 34 19 
t 637 58 
m 22 11 
1 27 13 
2 23 1 
3 33 19 
t 636 58 
m 22 10 
1 27 14 
2 22 1 
3 34 19 
t 635 58 
m 22 11 
1 27 13 
2 22 0 
3 33 19 
t 634 58 
m 22 11 
1 27 14 
2 22 1 
3 32 19 
t 633 58 
m 21 11 
1 28 14 
2 23 1 
3 32 18 
t 632 59 
m 21 11 
1 27 14 
2 22 1 
3 32 19 
t 631 59 
m 22 11 
1 27 13 
2 22 2 
3 33 19 
t 630 59 
m 22 11 
1 27 12 
2 22 1 
3 34 19 
t 629 59 
m 22 11 
1 27 11 
2 22 2 
3 33 19 
t 628 59 
m 22 11 
1 27 10 
2 22 1 
3 32 19 
t 627 59 
m 22 11 
1 27 11 
2 23 1 
3 33 19 
t 626 59 
m 22 10 
1 27 10 
2 22 1 
3 34 19 
t 625 59 
m 22 11 
1 27 11 
2 22 0 
3 33 19 
t 624 59 
m 22 11 
1 27 10 
2 21 0 
3 34 19 
t 623 59 
m 21 11 
1 27 11 
2 20 0 
3 34 18 
t 622 59 
m 21 11 
1 28 11 
2 19 0 
3 34 17 
t 621 59 
m 20 11 
1 29 11 
2 20 0 
3 33 17 
t 620 59 
m 19 11 
1 28 11 
2 21 0 
3 32 17 
t 619 59 
m 18 11 
1 29 11 
2 22 0 
3 32 16 
t 618 59 
m 17 11 
1 30 11 
2 21 0 
3 32 17 
t 617 60 
m 16 11 
1 29 11 
2 22 0 
3 33 17 
t 616 61 
m 15 11 
1 28 11 
2 21 0 
3 32 17 
t 615 62 
m 15 11 
1 29 11 
2 22 0 
3 32 16 
t 614 62 
m 14 11 
1 30 11 
2 22 1 
3 32 17 
t 613 62 
m 14 11 
1 31 11 
2 22 0 
3 32 16 
t 612 62 
m 15 11 
1 30 11 
2 22 1 
3 32 15 
t 611 62 
m 16 11 
1 31 11 
2 22 2 
3 32 14 
t 610 62 
m 15 11 
1 30 11 
2 22 3 
3 32 15 
t 609 62 
m 16 11 
1 31 11 
2 22 4 
3 32 16 
t 608 62 
m 16 11 
1 31 12 
2 22 3 
3 32 15 
t 607 62 
m 16 11 
1 31 11 
2 22 4 
3 32 16 
t 606 62 
m 16 11 
1 31 12 
2 22 5 
3 32 15 
t 605 62 
m 17 11 
1 31 11 
2 22 6 
3 32 16 
t 604 62 
m 16 11 
1 31 12 
2 22 7 
3 32 17 
t 603 62 
m 16 11 
1 31 11 
2 22 8 
3 32 18 
t 602 62 
m 15 11 
1 30 11 
2 22 7 
3 32 17 
t 601 62 
m 14 11 
1 31 11 
2 22 6 
3 32 16 
t 600 62 
m 13 11 
1 31 12 
2 23 6 
3 32 17 
t 599 63 
m 14 11 
1 31 11 
2 24 6 
3 32 16 
t 598 63 
m 15 11 
1 30 11 
2 25 6 
3 32 15 
t 597 63 
m 16 11 
1 29 11 
2 26 6 
3 32 14 
t 596 63 
m 15 11 
1 30 11 
2 27 6 
3 31 14 
t 595 63 
m 14 11 
1 31 11 
2 27 5 
3 32 14 
t 594 63 
m 14 11 
1 31 12 
2 27 6 
3 31 14 
t 593 63 
m 13 11 
1 31 13 
2 26 6 
3 31 13 
t 592 63 
m 13 11 
1 31 14 
2 25 6 
3 31 12 
t 591 63 
m 13 11 
1 32 14 
2 26 6 
3 31 11 
t 590 63 
m 14 11 
1 33 14 
2 27 6 
3 31 12 
t 589 63 
m 15 11 
1 32 14 
2 27 5 
3 31 11 
t 588 63 
m 14 11 
1 31 14 
2 27 6 
3 31 12 
t 587 63 
m 14 11 
1 32 14 
2 27 7 
3 31 11 
t 586 63 
m 14 11 
1 32 15 
2 27 8 
3 30 11 
t 585 63 
m 15 11 
1 32 16 
2 27 9 
3 29 11 
t 584 63 
m 14 11 
1 32 17 
2 27 8 
3 30 11 
t 583 63 
m 13 11 
1 32 18 
2 27 9 
3 31 11 
t 582 63 
m 12 11 
1 32 19 
2 27 10 
3 30 11 
t 581 64 
m 12 10 
1 32 18 
2 27 11 
3 31 11 
t 580 65 
m 12 9 
1 32 19 
2 28 11 
3 31 12 
t 579 65 
m 12 8 
1 32 18 
2 27 11 
3 31 13 
t 578 66 
m 12 9 
1 32 19 
2 28 11 
3 31 12 
t 577 66 
m 12 10 
1 32 18 
2 27 11 
3 31 13 
t 576 66 
m 12 9 
1 32 19 
2 27 10 
3 31 14 
t 575 66 
m 12 8 
1 33 19 
2 27 9 
3 32 14 
t 574 66 
m 12 9 
1 34 19 
2 27 10 
3 31 14 
t 573 66 
m 12 9 
1 33 19 
2 27 9 
3 32 14 
t 572 66 
m 12 9 
1 34 19 
2 27 10 
3 32 15 
t 571 66 
m 12 10 
1 34 18 
2 27 11 
3 32 14 
t 570 66 
m 12 11 
1 34 19 
2 27 10 
3 33 14 
t 569 66 
m 13 11 
1 33 19 
2 27 11 
3 34 14 
t 568 66 
m 12 11 
1 32 19 
2 28 11 
3 34 13 
t 567 66 
m 12 10 
1 33 19 
2 29 11 
3 34 14 
t 566 66 
m 12 10 
1 34 19 
2 30 11 
3 33 14 
t 565 66 
m 12 10 
1 34 18 
2 29 11 
3 34 14 
t 564 66 
m 12 10 
1 34 17 
2 28 11 
3 34 13 
t 563 66 
m 12 11 
1 34 16 
2 27 11 
3 34 12 
t 562 66 
m 12 11 
1 34 15 
2 27 12 
3 34 11 
t 561 66 
m 12 11 
1 34 14 
2 27 13 
3 34 10 
t 560 66 
m 12 11 
1 34 13 
2 27 12 
3 34 11 
t 559 66 
m 12 10 
1 34 14 
2 27 13 
3 34 12 
t 558 66 
m 12 10 
1 34 15 
2 27 14 
3 34 13 
t 557 66 
m 12 9 
1 34 16 
2 28 14 
3 34 12 
t 556 66 
m 12 8 
1 34 17 
2 27 14 
3 34 11 
t 555 66 
m 12 9 
1 34 16 
2 28 14 
3 34 10 
t 554 66 
m 12 9 
1 34 17 
2 29 14 
3 34 11 
t 553 66 
m 12 9 
1 34 18 
2 30 14 
3 34 12 
t 552 66 
m 12 9 
1 34 19 
2 31 14 
3 34 11 
t 551 66 
m 12 9 
1 33 19 
2 31 13 
3 34 12 
t 550 66 
m 12 8 
1 32 19 
2 31 14 
3 34 11 
t 549 66 
m 12 9 
1 33 19 
2 31 13 
3 34 12 
t 548 66 
m 12 10 
1 34 19 
2 31 14 
3 34 11 
t 547 66 
m 12 11 
1 33 19 
2 30 14 
3 34 12 
t 546 66 
m 12 10 
1 32 19 
2 29 14 
3 34 13 
t 545 66 
m 12 9 
1 32 18 
2 28 14 
3 34 14 
t 544 66 
m 12 8 
1 32 19 
2 27 14 
3 34 13 
t 543 66 
m 12 9 
1 33 19 
2 28 14 
3 34 12 
t 542 66 
m 12 8 
1 32 19 
2 27 14 
3 34 11 
t 541 66 
m 12 7 
1 32 18 
2 28 14 
3 34 10 
t 540 66 
m 13 7 
1 32 17 
2 29 14 
3 33 10 
t 539 67 
m 14 7 
1 32 18 
2 28 14 
3 32 10 
t 538 67 
m 13 7 
1 32 19 
2 29 14 
3 33 10 
t 537 67 
m 14 7 
1 32 18 
2 30 14 
3 34 10 
t 536 67 
m 15 7 
1 32 19 
2 29 14 
3 34 11 
t 535 68 
m 16 7 
1 33 19 
2 30 14 
3 34 12 
t 534 68 
m 15 7 
1 34 19 
2 29 14 
3 34 13 
t 533 68 
m 15 7 
1 34 18 
2 30 14 
3 34 12 
t 532 68 
m 15 7 
1 34 19 
2 31 14 
3 34 11 
t 531 68 
m 15 7 
1 34 18 
2 31 13 
3 34 12 
t 530 68 
m 16 7 
1 34 19 
2 31 14 
3 34 11 
t 529 68 
m 16 6 
1 34 18 
2 31 13 
3 34 12 
t 528 68 
m 16 7 
1 34 17 
2 31 12 
3 34 11 
t 527 68 
m 15 7 
1 34 16 
2 31 13 
3 34 12 
t 526 68 
m 16 7 
1 34 17 
2 31 12 
3 34 13 
t 525 68 
m 16 6 
1 33 17 
2 31 13 
3 34 12 
t 524 68 
m 16 5 
1 34 17 
2 31 12 
3 34 13 
t 523 68 
m 16 5 
1 34 18 
2 31 13 
3 34 14 
t 522 68 
m 16 4 
1 34 19 
2 31 12 
3 33 14 
t 521 68 
m 16 3 
1 34 18 
2 31 11 
3 32 14 
t 520 68 
m 15 3 
1 34 19 
2 30 11 
3 32 15 
t 519 69 
m 15 3 
1 33 19 
2 29 11 
3 32 14 
t 518 69 
m 14 3 
1 32 19 
2 30 11 
3 33 14 
t 517 69 
m 15 3 
1 32 18 
2 29 11 
3 32 14 
t 516 69 
m 14 3 
1 32 17 
2 28 11 
3 31 14 
t 515 69 
m 13 3 
1 32 18 
2 27 11 
3 31 13 
t 514 69 
m 13 3 
1 32 17 
2 27 10 
3 31 14 
t 513 69 
m 12 3 
1 32 16 
2 27 9 
3 31 13 
t 512 69 
m 12 3 
1 32 17 
2 27 10 
3 31 14 
t 511 69 
m 12 4 
1 33 17 
2 27 9 
3 31 13 
t 510 69 
m 12 5 
1 32 17 
2 27 10 
3 31 14 
t 509 70 
m 12 6 
1 33 17 
2 27 9 
3 32 14 
t 508 70 
m 12 6 
1 34 17 
2 27 8 
3 32 15 
t 507 70 
m 11 6 
1 34 16 
2 27 9 
3 32 14 
t 506 71 
m 10 6 
1 34 15 
2 27 8 
3 31 14 
t 505 71 
m 9 6 
1 34 16 
2 27 9 
3 32 14 
t 504 71 
m 9 6 
1 34 15 
2 27 8 
3 31 14 
t 503 71 
m 9 6 
1 34 14 
2 27 7 
3 32 14 
t 502 71 
m 9 6 
1 33 14 
2 27 6 
3 33 14 
t 501 71 
m 9 6 
1 32 14 
2 27 5 
3 32 14 
t 500 71 
m 8 6 
1 33 14 
2 28 5 
3 32 15 
t 499 71 
m 9 6 
1 34 14 
2 27 5 
3 32 14 
t 498 71 
m 8 6 
1 34 13 
2 27 4 
3 31 14 
t 497 71 
m 9 6 
1 34 14 
2 27 3 
3 31 13 
t 496 71 
m 9 6 
1 33 14 
2 27 4 
3 31 14 
t 495 71 
m 9 6 
1 34 14 
2 27 5 
3 31 13 
t 494 71 
m 10 6 
1 34 15 
2 27 6 
3 31 12 
t 493 71 
m 11 6 
1 34 16 
2 27 7 
3 31 13 
t 492 71 
m 10 6 
1 34 15 
2 28 7 
3 31 12 
t 491 71 
m 9 6 
1 34 14 
2 27 7 
3 31 13 
t 490 71 
m 8 6 
1 33 14 
2 28 7 
3 31 12 
t 489 71 
m 8 6 
1 32 14 
2 29 7 
3 31 11 
t 488 71 
m 9 6 
1 31 14 
2 28 7 
3 30 11 
t 487 71 
m 10 6 
1 30 14 
2 27 7 
3 29 11 
t 486 71 
m 11 6 
1 31 14 
2 28 7 
3 28 11 
t 485 71 
m 11 6 
1 32 14 
2 27 7 
3 27 11 
t 484 71 
m 10 6 
1 31 14 
2 28 7 
3 28 11 
t 483 71 
m 9 6 
1 31 13 
2 27 7 
3 27 11 
t 482 71 
m 8 6 
1 31 12 
2 27 8 
3 27 12 
t 481 71 
m 7 6 
1 31 13 
2 27 9 
3 27 13 
t 480 71 
m 7 6 
1 31 12 
2 27 10 
3 27 14 
t 479 71 
m 7 5 
1 31 11 
2 27 11 
3 28 14 
t 478 71 
m 7 5 
1 31 12 
2 27 12 
3 29 14 
t 477 71 
m 7 4 
1 31 11 
2 27 11 
3 28 14 
t 476 71 
m 7 4 
1 31 12 
2 28 11 
3 27 14 
t 475 71 
m 7 4 
1 31 13 
2 29 11 
3 27 13 
t 474 71 
m 7 3 
1 31 14 
2 28 11 
3 27 14 
t 473 71 
m 7 3 
1 30 14 
2 27 11 
3 27 13 
t 472 71 
m 7 4 
1 29 14 
2 28 11 
3 27 12 
t 471 71 
m 7 3 
1 30 14 
2 27 11 
3 27 13 
t 470 71 
m 7 4 
1 29 14 
2 27 12 
3 27 14 
t 469 71 
m 7 5 
1 30 14 
2 27 11 
3 27 13 
t 468 71 
m 7 5 
1 29 14 
2 28 11 
3 27 14 
t 467 71 
m 7 4 
1 30 14 
2 27 11 
3 27 13 
t 466 71 
m 7 5 
1 29 14 
2 28 11 
3 27 12 
t 465 71 
m 7 5 
1 28 14 
2 27 11 
3 27 11 
t 464 71 
m 6 5 
1 27 14 
2 28 11 
3 28 11 
t 463 71 
m 5 5 
1 27 13 
2 29 11 
3 29 11 
t 462 71 
m 4 5 
1 27 12 
2 30 11 
3 28 11 
t 461 71 
m 4 4 
1 27 11 
2 29 11 
3 27 11 
t 460 71 
m 4 4 
1 28 11 
2 30 11 
3 27 12 
t 459 71 
m 4 5 
1 27 11 
2 29 11 
3 27 11 
t 458 71 
m 4 4 
1 27 12 
2 28 11 
3 27 10 
t 457 71 
m 4 3 
1 27 11 
2 27 11 
3 27 11 
t 456 71 
m 4 4 
1 27 10 
2 27 10 
3 27 12 
t 455 71 
m 4 4 
1 27 9 
2 27 9 
3 27 13 
t 454 71 
m 4 3 
1 27 10 
2 27 10 
3 27 14 
t 453 71 
m 4 2 
1 27 9 
2 27 11 
3 27 13 
t 452 71 
m 3 2 
1 27 8 
2 27 12 
3 27 12 
t 451 71 
m 3 2 
1 27 7 
2 27 11 
3 27 13 
t 450 71 
m 4 2 
1 27 8 
2 28 11 
3 27 14 
t 449 71 
m 4 3 
1 27 9 
2 29 11 
3 28 14 
t 448 71 
m 4 4 
1 27 8 
2 30 11 
3 29 14 
t 447 71 
m 4 5 
1 27 7 
2 29 11 
3 30 14 
t 446 71 
m 4 6 
1 27 6 
2 30 11 
3 31 14 
t 445 71 
m 4 7 
1 27 7 
2 29 11 
3 30 14 
t 444 71 
m 4 7 
1 28 7 
2 28 11 
3 29 14 
t 443 71 
m 5 7 
1 29 7 
2 29 11 
3 30 14 
t 442 71 
m 4 7 
1 29 8 
2 28 11 
3 31 14 
t 441 71 
m 4 6 
1 29 7 
2 27 11 
3 32 14 
t 440 71 
m 4 7 
1 29 8 
2 27 10 
3 32 15 
t 439 71 
m 5 7 
1 29 9 
2 27 9 
3 32 14 
t 438 71 
m 6 7 
1 29 8 
2 27 8 
3 33 14 
t 437 71 
m 5 7 
1 29 9 
2 27 7 
3 34 14 
t 436 71 
m 6 7 
1 29 8 
2 27 6 
3 33 14 
t 435 71 
m 5 7 
1 29 7 
2 26 6 
3 34 14 
t 434 71 
m 5 8 
1 29 8 
2 25 6 
3 33 14 
t 433 71 
m 5 8 
1 29 7 
2 26 6 
3 32 14 
t 432 71 
m 5 7 
1 29 8 
2 25 6 
3 33 14 
t 431 71 
f 18 3 
m 6 7 
1 29 7 
2 24 6 
3 34 14 
t 430 71 
m 7 7 
1 28 7 
2 25 6 
3 34 13 
t 429 71 
m 7 7 
1 27 7 
2 26 6 
3 34 12 
t 428 71 
m 7 6 
1 27 6 
2 25 6 
3 34 11 
t 427 71 
m 8 6 
1 26 6 
2 26 6 
3 34 12 
t 426 71 
m 7 6 
1 25 6 
2 27 6 
3 34 13 
t 425 71 
m 7 6 
1 26 6 
2 27 7 
3 34 12 
t 424 71 
m 8 6 
1 27 6 
2 28 7 
3 34 13 
t 423 71 
m 8 6 
1 26 6 
2 29 7 
3 34 14 
t 422 71 
m 7 6 
1 25 6 
2 29 8 
3 34 15 
t 421 71 
m 8 6 
1 26 6 
2 29 9 
3 34 14 
t 420 71 
m 8 6 
1 27 6 
2 29 8 
3 33 14 
t 419 71 
m 9 6 
1 27 5 
2 29 9 
3 34 14 
t 418 71 
m 8 6 
1 27 6 
2 30 9 
3 34 15 
t 417 71 
m 9 6 
1 27 5 
2 31 9 
3 34 14 
t 416 71 
m 10 6 
1 27 6 
2 30 9 
3 34 15 
t 415 71 
m 10 6 
1 26 6 
2 29 9 
3 34 14 
t 414 71 
m 9 6 
1 25 6 
2 29 8 
3 34 13 
t 413 71 
m 8 6 
1 24 6 
2 29 9 
3 34 14 
t 412 71 
m 8 6 
1 25 6 
2 30 9 
3 34 15 
t 411 71 
m 9 6 
1 26 6 
2 29 9 
3 34 16 
t 410 71 
m 8 6 
1 25 6 
2 29 8 
3 34 15 
t 409 71 
m 7 6 
1 26 6 
2 29 7 
3 34 16 
t 408 71 
m 7 7 
1 25 6 
2 29 8 
3 34 15 
t 407 71 
m 7 7 
1 24 6 
2 29 9 
3 34 14 
t 406 71 
m 7 7 
1 25 6 
2 29 8 
3 34 13 
t 405 71 
m 6 7 
1 24 6 
2 29 9 
3 34 14 
t 404 71 
m 6 7 
1 25 6 
2 30 9 
3 34 15 
t 403 71 
m 7 7 
1 24 6 
2 29 9 
3 34 16 
t 402 71 
m 7 6 
1 23 6 
2 30 9 
3 34 15 
t 401 71 
m 7 6 
1 22 6 
2 29 9 
3 34 14 
t 400 71 
m 7 5 
1 23 6 
2 30 9 
3 34 15 
t 399 71 
m 7 5 
1 22 6 
2 31 9 
3 34 16 
t 398 71 
m 6 5 
1 22 5 
2 30 9 
3 34 15 
t 397 71 
m 7 5 
1 22 6 
2 29 9 
3 34 16 
t 396 71 
m 7 5 
1 23 6 
2 29 8 
3 34 17 
t 395 71 
m 7 5 
1 24 6 
2 29 9 
3 33 17 
t 394 71 
m 7 4 
1 25 6 
2 30 9 
3 34 17 
t 393 71 
m 7 5 
1 26 6 
2 29 9 
3 34 16 
t 392 71 
m 7 5 
1 25 6 
2 30 9 
3 34 17 
t 391 71 
m 7 4 
1 24 6 
2 29 9 
3 34 16 
t 390 71 
m 7 5 
1 23 6 
2 30 9 
3 34 15 
t 389 71 
m 7 6 
1 22 6 
2 29 9 
3 34 16 
t 388 71 
m 8 6 
1 23 6 
2 29 8 
3 34 17 
t 387 71 
m 8 6 
1 22 6 
2 29 7 
3 34 16 
t 386 71 
m 9 6 
1 22 7 
2 30 7 
3 34 15 
t 385 71 
m 9 6 
1 22 6 
2 30 6 
3 34 16 
t 384 71 
m 8 6 
1 23 6 
2 30 7 
3 34 15 
t 383 71 
m 9 6 
1 22 6 
2 29 7 
3 34 14 
t 382 71 
m 10 6 
1 23 6 
2 30 7 
3 34 13 
t 381 71 
m 10 6 
1 24 6 
2 30 6 
3 34 14 
t 380 71 
m 10 6 
1 23 6 
2 30 7 
3 33 14 
t 379 71 
m 11 6 
1 22 6 
2 29 7 
3 34 14 
t 378 71 
m 12 6 
1 22 7 
2 28 7 
3 33 14 
t 377 71 
m 12 6 
1 22 8 
2 27 7 
3 32 14 
t 376 71 
m 12 7 
1 22 7 
2 27 6 
3 32 15 
t 375 71 
m 12 8 
1 22 6 
2 26 6 
3 32 16 
t 374 71 
m 12 8 
1 22 7 
2 27 6 
3 32 17 
t 373 71 
m 12 9 
1 22 6 
2 27 7 
3 32 16 
t 372 71 
m 12 8 
1 22 7 
2 28 7 
3 32 15 
t 371 71 
m 12 8 
1 22 6 
2 27 7 
3 32 16 
t 370 71 
m 12 9 
1 22 5 
2 28 7 
3 32 17 
t 369 71 
m 12 8 
1 22 6 
2 27 7 
3 32 16 
t 368 71 
m 12 7 
1 23 6 
2 28 7 
3 32 17 
t 367 71 
m 12 7 
1 22 6 
2 29 7 
3 33 17 
t 366 71 
m 12 7 
1 23 6 
2 28 7 
3 34 17 
t 365 71 
m 12 6 
1 22 6 
2 29 7 
3 34 18 
t 364 71 
m 11 6 
1 22 5 
2 29 8 
3 34 17 
t 363 71 
m 12 6 
1 22 4 
2 29 7 
3 34 18 
t 362 71 
m 12 7 
1 22 5 
2 28 7 
3 34 17 
t 361 71 
m 12 6 
1 22 4 
2 29 7 
3 34 18 
t 360 71 
m 12 7 
1 22 5 
2 30 7 
3 34 17 
t 359 71 
m 12 7 
1 22 6 
2 29 7 
3 34 18 
t 358 71 
m 12 6 
1 22 7 
2 30 7 
3 34 17 
t 357 71 
m 12 7 
1 22 6 
2 29 7 
3 34 18 
t 356 71 
m 12 7 
1 22 5 
2 30 7 
3 34 17 
t 355 71 
m 13 7 
1 22 6 
2 29 7 
3 34 16 
t 354 71 
m 13 7 
1 23 6 
2 28 7 
3 34 17 
t 353 71 
m 12 7 
1 24 6 
2 27 7 
3 33 17 
t 352 71 
m 12 6 
1 23 6 
2 27 8 
3 34 17 
t 351 71 
m 12 7 
1 24 6 
2 27 9 
3 34 16 
t 350 71 
m 12 7 
1 23 6 
2 27 10 
3 34 17 
t 349 71 
m 13 7 
1 24 6 
2 27 11 
3 34 18 
t 348 71 
m 14 7 
1 23 6 
2 27 10 
3 34 17 
t 347 71 
m 14 7 
1 24 6 
2 27 9 
3 33 17 
t 346 71 
m 14 7 
1 25 6 
2 27 10 
3 34 17 
t 345 71 
m 13 7 
1 26 6 
2 27 11 
3 33 17 
t 344 71 
m 14 7 
1 27 6 
2 27 10 
3 34 17 
t 343 71 
m 15 7 
1 26 6 
2 27 11 
3 34 18 
t 342 71 
m 15 7 
1 27 6 
2 27 12 
3 34 17 
t 341 71 
m 15 7 
1 26 6 
2 27 13 
3 34 18 
t 340 71 
m 14 7 
1 25 6 
2 27 12 
3 34 19 
t 339 71 
m 14 7 
1 26 6 
2 27 13 
3 33 19 
t 338 71 
m 13 7 
1 25 6 
2 27 12 
3 32 19 
t 337 71 
m 12 7 
1 26 6 
2 27 13 
3 33 19 
t 336 71 
m 13 7 
1 27 6 
2 27 12 
3 34 19 
t 335 71 
m 13 7 
1 27 5 
2 27 11 
3 33 19 
t 334 71 
m 14 7 
1 27 4 
2 27 12 
3 32 19 
t 333 71 
m 15 7 
1 27 3 
2 27 13 
3 33 19 
t 332 71 
m 16 7 
1 27 2 
2 27 12 
3 32 19 
t 331 71 
m 16 6 
1 27 3 
2 27 13 
3 32 18 
t 330 71 
m 16 6 
1 27 4 
2 27 14 
3 32 17 
t 329 71 
m 16 5 
1 27 3 
2 28 14 
3 32 16 
t 328 71 
m 16 4 
1 27 4 
2 27 14 
3 32 17 
t 327 71 
m 16 3 
1 27 3 
2 27 13 
3 33 17 
t 326 71 
m 16 3 
1 27 2 
2 27 14 
3 32 17 
t 325 71 
m 16 2 
1 27 1 
2 27 13 
3 33 17 
t 324 71 
m 16 2 
1 27 0 
2 27 12 
3 32 17 
t 323 71 
m 16 1 
1 27 1 
2 27 11 
3 32 16 
t 322 71 
m 16 2 
1 27 2 
2 28 11 
3 32 15 
t 321 71 
m 16 2 
1 27 3 
2 27 11 
3 32 14 
t 320 71 
m 17 2 
1 27 2 
2 27 12 
3 33 14 
t 319 71 
m 17 2 
1 27 3 
2 27 11 
3 34 14 
t 318 71 
m 17 2 
1 27 4 
2 28 11 
3 34 13 
t 317 71 
m 17 2 
1 27 5 
2 27 11 
3 34 12 
t 316 71 
m 16 2 
1 27 4 
2 28 11 
3 34 11 
t 315 71 
m 16 2 
1 27 3 
2 27 11 
3 34 12 
t 314 71 
m 16 1 
1 27 2 
2 27 10 
3 34 11 
t 313 71 
m 16 1 
1 26 2 
2 27 9 
3 34 10 
t 312 71 
m 16 0 
1 25 2 
2 27 10 
3 33 10 
t 311 71 
m 16 1 
1 26 2 
2 27 11 
3 34 10 
t 310 71 
m 16 0 
1 25 2 
2 28 11 
3 34 9 
t 309 71 
m 16 1 
1 26 2 
2 29 11 
3 34 10 
t 308 71 
m 16 1 
1 25 2 
2 28 11 
3 34 11 
t 307 71 
m 16 2 
1 24 2 
2 27 11 
3 34 12 
t 306 71 
m 16 1 
1 25 2 
2 27 12 
3 34 13 
t 305 71 
m 16 0 
1 26 2 
2 27 13 
3 34 12 
t 304 71 
m 17 0 
1 27 2 
2 27 12 
3 34 13 
t 303 71 
m 18 0 
1 27 1 
2 27 11 
3 34 12 
t 302 72 
m 18 1 
1 27 2 
2 28 11 
3 34 11 
t 301 73 
m 18 2 
1 27 1 
2 29 11 
3 34 10 
t 300 73 
m 17 2 
1 27 0 
2 28 11 
3 34 11 
t 299 73 
m 18 2 
1 28 0 
2 27 11 
3 34 10 
t 298 73 
m 18 3 
1 29 0 
2 27 10 
3 34 9 
t 297 83 
f 22 7 
m 18 3 
1 28 0 
2 27 11 
3 34 10 
t 296 83 
m 18 3 
1 27 0 
2 28 11 
3 33 10 
t 295 83 
m 18 4 
1 27 1 
2 27 11 
3 34 10 
t 294 83 
m 18 5 
1 27 0 
2 28 11 
3 33 10 
t 293 83 
m 18 4 
1 26 0 
2 27 11 
3 34 10 
t 292 83 
m 18 3 
1 27 0 
2 27 12 
3 34 11 
t 291 83 
m 19 3 
1 28 0 
2 27 13 
3 34 12 
t 290 83 
m 18 3 
1 27 0 
2 27 12 
3 34 11 
t 289 83 
m 18 4 
1 27 1 
2 27 13 
3 34 10 
t 288 83 
m 18 4 
1 27 2 
2 27 12 
3 33 10 
t 287 83 
m 18 5 
1 27 3 
2 27 11 
3 32 10 
t 286 83 
m 18 5 
1 27 4 
2 27 10 
3 32 9 
t 285 83 
m 18 6 
1 27 3 
2 27 11 
3 32 8 
t 284 83 
m 18 7 
1 27 4 
2 28 11 
3 32 7 
t 283 84 
m 19 7 
1 27 3 
2 29 11 
3 31 7 
t 282 85 
m 19 7 
1 27 4 
2 28 11 
3 32 7 
t 281 85 
m 19 7 
1 27 3 
2 27 11 
3 31 7 
t 280 85 
m 20 7 
1 27 2 
2 27 10 
3 30 7 
t 279 85 
m 19 7 
1 27 1 
2 27 11 
3 31 7 
t 278 85 
m 20 7 
1 27 0 
2 28 11 
3 32 7 
t 277 85 
m 21 7 
1 26 0 
2 29 11 
3 31 7 
t 276 85 
m 21 7 
1 27 0 
2 30 11 
3 32 7 
t 275 85 
m 20 7 
1 27 1 
2 31 11 
3 32 6 
t 274 85 
m 20 7 
1 27 0 
2 30 11 
3 32 5 
t 273 85 
m 21 7 
1 28 0 
2 31 11 
3 33 5 
t 272 85 
m 20 7 
1 29 0 
2 30 11 
3 34 5 
t 271 85 
m 19 7 
1 30 0 
2 29 11 
3 34 6 
t 270 85 
m 20 7 
1 31 0 
2 28 11 
3 34 5 
t 269 85 
m 19 7 
1 30 0 
2 29 11 
3 34 4 
t 268 85 
m 20 7 
1 29 0 
2 28 11 
3 34 5 
t 267 85 
m 21 7 
1 28 0 
2 27 11 
3 34 6 
t 266 85 
m 20 7 
1 29 0 
2 28 11 
3 34 7 
t 265 85 
m 20 7 
1 30 0 
2 27 11 
3 34 8 
t 264 85 
m 21 7 
1 31 0 
2 27 12 
3 34 9 
t 263 85 
m 22 7 
1 32 0 
2 27 11 
3 34 10 
t 262 95 
m 21 7 
1 31 0 
2 28 11 
3 34 9 
t 261 95 
m 20 7 
1 32 0 
2 29 11 
3 34 10 
t 260 95 
m 19 7 
1 32 1 
2 30 11 
3 34 9 
t 259 95 
m 20 7 
1 32 0 
2 29 11 
3 34 10 
t 258 95 
m 19 7 
1 31 0 
2 28 11 
3 33 10 
t 257 95 
m 20 7 
1 30 0 
2 29 11 
3 34 10 
t 256 95 
m 21 7 
1 29 0 
2 30 11 
3 34 9 
t 255 95 
m 20 7 
1 28 0 
2 31 11 
3 34 10 
t 254 95 
m 20 7 
1 27 0 
2 31 12 
3 34 11 
t 253 95 
m 21 7 
1 27 1 
2 31 11 
3 34 10 
t 252 95 
m 21 7 
1 27 2 
2 31 12 
3 34 9 
t 251 95 
m 20 7 
1 27 1 
2 31 11 
3 34 10 
t 250 95 
m 19 7 
1 27 2 
2 31 12 
3 34 11 
t 249 95 
m 20 7 
1 27 1 
2 31 11 
3 34 12 
t 248 95 
m 19 7 
1 27 0 
2 30 11 
3 34 13 
t 247 95 
m 18 7 
1 26 0 
2 29 11 
3 34 12 
t 246 95 
m 18 6 
1 27 0 
2 28 11 
3 34 11 
t 245 95 
m 18 7 
1 28 0 
2 29 11 
3 34 12 
t 244 95 
m 17 7 
1 27 0 
2 30 11 
3 34 13 
t 243 95 
m 16 7 
1 28 0 
2 31 11 
3 34 14 
t 242 95 
m 15 7 
1 29 0 
2 31 12 
3 33 14 
t 241 95 
m 15 7 
1 28 0 
2 31 11 
3 34 14 
t 240 95 
m 16 7 
1 29 0 
2 30 11 
3 33 14 
t 239 95 
m 16 7 
1 30 0 
2 31 11 
3 34 14 
t 238 95 
m 17 7 
1 31 0 
2 30 11 
3 34 13 
t 237 95 
m 18 7 
1 32 0 
2 31 11 
3 34 14 
t 236 95 
m 18 6 
1 31 0 
2 31 12 
3 33 14 
t 235 95 
m 18 7 
1 30 0 
2 31 11 
3 32 14 
t 234 95 
m 18 6 
1 31 0 
2 30 11 
3 32 15 
t 233 95 
m 18 6 
1 32 0 
2 29 11 
3 32 14 
t 232 95 
m 18 5 
1 32 1 
2 28 11 
3 32 15 
t 231 95 
m 18 5 
1 32 2 
2 29 11 
3 32 16 
t 230 95 
m 18 4 
1 31 2 
2 28 11 
3 32 15 
t 229 95 
m 18 5 
1 32 2 
2 29 11 
3 32 14 
t 228 95 
m 18 5 
1 31 2 
2 28 11 
3 33 14 
t 227 95 
m 18 6 
1 30 2 
2 27 11 
3 34 14 
t 226 95 
m 18 7 
1 31 2 
2 28 11 
3 34 13 
t 225 95 
m 17 7 
1 30 2 
2 27 11 
3 34 14 
t 224 95 
m 18 7 
1 30 1 
2 28 11 
3 33 14 
t 223 95 
m 18 6 
1 30 2 
2 29 11 
3 34 14 
t 222 95 
m 18 7 
1 30 1 
2 28 11 
3 34 15 
t 221 95 
m 18 6 
1 30 0 
2 29 11 
3 34 16 
t 220 95 
m 18 7 
1 31 0 
2 28 11 
3 34 15 
t 219 95 
m 17 7 
1 30 0 
2 27 11 
3 34 16 
t 218 95 
m 17 7 
1 30 1 
2 27 10 
3 34 15 
t 217 95 
m 18 7 
1 30 2 
2 27 9 
3 34 16 
t 216 95 
m 17 7 
1 31 2 
2 27 8 
3 34 15 
t 215 95 
m 17 7 
1 30 2 
2 27 9 
3 34 16 
t 214 95 
m 17 7 
1 30 3 
2 27 8 
3 34 17 
t 213 95 
m 17 7 
1 30 2 
2 27 9 
3 34 18 
t 212 95 
m 16 7 
1 31 2 
2 27 8 
3 34 19 
t 211 95 
m 16 6 
1 32 2 
2 27 7 
3 33 19 
t 210 95 
m 16 5 
1 32 1 
2 27 8 
3 32 19 
t 209 95 
m 16 6 
1 32 2 
2 27 7 
3 33 19 
t 208 95 
m 16 7 
1 31 2 
2 27 6 
3 34 19 
t 207 95 
m 16 6 
1 30 2 
2 27 5 
3 33 19 
t 206 95 
m 16 7 
1 30 3 
2 27 4 
3 34 19 
t 205 95 
m 17 7 
1 30 4 
2 27 5 
3 33 19 
t 204 95 
m 17 7 
1 31 4 
2 27 6 
3 34 19 
t 203 95 
m 18 7 
1 32 4 
2 27 7 
3 33 19 
t 202 95 
m 18 6 
1 32 3 
2 27 8 
3 34 19 
t 201 95 
m 18 7 
1 33 3 
2 27 9 
3 33 19 
t 200 95 
m 18 7 
1 34 3 
2 27 10 
3 34 19 
t 199 95 
m 18 6 
1 34 4 
2 27 11 
3 33 19 
t 198 95 
m 18 5 
1 34 3 
2 28 11 
3 34 19 
t 197 95 
m 18 5 
1 34 4 
2 27 11 
3 33 19 
t 196 95 
f 0 8 
m 18 6 
1 34 3 
2 27 12 
3 32 19 
t 195 95 
m 18 7 
1 33 3 
2 27 11 
3 33 19 
t 194 95 
m 19 7 
1 34 3 
2 28 11 
3 32 19 
t 193 95 
m 18 7 
1 33 3 
2 29 11 
3 32 18 
t 192 95 
m 17 7 
1 32 3 
2 30 11 
3 32 19 
t 191 95 
m 16 7 
1 32 2 
2 31 11 
3 32 18 
t 190 95 
m 15 7 
1 32 1 
2 31 12 
3 32 19 
t 189 95 
m 15 7 
1 32 2 
2 31 11 
3 32 18 
t 188 95 
m 15 7 
1 32 1 
2 30 11 
3 32 19 
t 187 95 
m 15 7 
1 32 0 
2 29 11 
3 33 19 
t 186 95 
m 14 7 
1 33 0 
2 30 11 
3 32 19 
t 185 95 
m 13 7 
1 34 0 
2 31 11 
3 32 18 
t 184 95 
m 12 7 
1 34 1 
2 30 11 
3 32 19 
t 183 95 
m 12 6 
1 34 2 
2 29 11 
3 33 19 
t 182 95 
m 12 5 
1 34 1 
2 28 11 
3 32 19 
t 181 95 
m 12 6 
1 34 0 
2 29 11 
3 33 19 
t 180 95 
m 12 7 
1 33 0 
2 28 11 
3 34 19 
t 179 95 
m 12 8 
1 34 0 
2 29 11 
3 33 19 
t 178 95 
m 12 7 
1 34 1 
2 30 11 
3 34 19 
t 177 95 
m 12 6 
1 34 0 
2 31 11 
3 34 18 
t 176 95 
m 12 6 
1 34 1 
2 31 12 
3 34 19 
t 175 95 
m 11 6 
1 34 0 
2 31 13 
3 33 19 
t 174 95 
m 12 6 
1 33 0 
2 31 12 
3 32 19 
t 173 95 
m 11 6 
1 34 0 
2 31 11 
3 33 19 
t 172 95 
m 11 6 
1 34 1 
2 31 12 
3 34 19 
t 171 95 
m 11 6 
1 34 0 
2 31 11 
3 34 18 
t 170 95 
m 12 6 
1 34 1 
2 31 12 
3 34 17 
t 169 95 
m 11 6 
1 34 2 
2 31 11 
3 34 18 
t 168 95 
m 12 6 
1 34 3 
2 31 12 
3 34 19 
t 167 95 
m 12 7 
1 34 4 
2 31 11 
3 34 18 
t 166 95 
m 12 6 
1 34 3 
2 31 12 
3 34 19 
t 165 95 
m 12 5 
1 34 4 
2 31 11 
3 33 19 
t 164 95 
m 12 4 
1 34 5 
2 31 12 
3 32 19 
t 163 95 
m 12 3 
1 34 4 
2 31 13 
3 33 19 
t 162 95 
m 12 2 
1 34 5 
2 31 14 
3 32 19 
t 161 95 
m 12 2 
1 34 6 
2 30 14 
3 33 19 
t 160 95 
m 12 2 
1 34 5 
2 29 14 
3 32 19 
t 159 95 
m 12 3 
1 34 4 
2 30 14 
3 32 18 
t 158 95 
m 12 4 
1 34 5 
2 31 14 
3 32 17 
t 157 95 
m 12 4 
1 33 5 
2 31 13 
3 33 17 
t 156 95 
m 12 5 
1 32 5 
2 31 12 
3 32 17 
t 155 95 
m 12 5 
1 33 5 
2 31 13 
3 32 16 
t 154 95 
m 12 4 
1 34 5 
2 31 14 
3 32 17 
t 153 95 
m 12 5 
1 34 6 
2 32 14 
3 32 16 
t 152 95 
m 12 4 
1 34 5 
2 31 14 
3 32 15 
t 151 95 
m 12 5 
1 33 5 
2 32 14 
3 32 14 
t 150 95 
m 12 5 
1 32 5 
2 31 14 
3 31 14 
t 149 95 
m 12 6 
1 32 6 
2 30 14 
3 31 13 
t 148 95 
m 12 6 
1 32 7 
2 29 14 
3 31 14 
t 147 95 
m 12 7 
1 31 7 
2 28 14 
3 31 13 
t 146 95 
m 12 8 
1 30 7 
2 27 14 
3 31 14 
t 145 95 
m 12 8 
1 30 6 
2 28 14 
3 32 14 
t 144 95 
m 12 8 
1 30 7 
2 29 14 
3 32 15 
t 143 95 
m 12 9 
1 31 7 
2 30 14 
3 32 14 
t 142 95 
m 12 8 
1 32 7 
2 31 14 
3 32 15 
t 141 95 
m 12 9 
1 32 6 
2 32 14 
3 32 16 
t 140 95 
m 12 8 
1 32 5 
2 31 14 
3 32 15 
t 139 95 
m 12 9 
1 32 4 
2 30 14 
3 32 14 
t 138 95 
m 12 10 
1 31 4 
2 29 14 
3 32 15 
t 137 95 
m 12 9 
1 30 4 
2 30 14 
3 32 16 
t 136 95 
m 12 9 
1 30 5 
2 31 14 
3 32 17 
t 135 95 
m 12 10 
1 29 5 
2 32 14 
3 32 16 
t 134 95 
m 12 9 
1 28 5 
2 32 15 
3 32 17 
t 133 95 
m 12 10 
1 27 5 
2 32 14 
3 32 18 
t 132 95 
m 12 11 
1 27 6 
2 31 14 
3 32 17 
t 131 95 
m 12 11 
1 27 5 
2 31 13 
3 33 17 
t 130 95 
m 12 10 
1 28 5 
2 31 14 
3 32 17 
t 129 95 
m 12 9 
1 29 5 
2 31 13 
3 32 16 
t 128 95 
m 12 9 
1 30 5 
2 31 14 
3 32 15 
t 127 95 
m 12 9 
1 30 4 
2 31 13 
3 32 16 
t 126 95 
m 12 8 
1 30 3 
2 31 14 
3 32 15 
t 125 95 
m 12 8 
1 30 4 
2 32 14 
3 32 16 
t 124 95 
m 12 7 
1 31 4 
2 32 15 
3 32 15 
t 123 95 
m 12 8 
1 30 4 
2 32 14 
3 32 16 
t 122 95 
m 12 7 
1 30 3 
2 31 14 
3 32 17 
t 121 95 
m 12 8 
1 30 2 
2 31 13 
3 32 16 
t 120 95 
m 12 7 
1 30 3 
2 31 14 
3 32 15 
t 119 95 
m 12 6 
1 30 4 
2 32 14 
3 32 16 
t 118 95 
m 12 6 
1 30 5 
2 31 14 
3 32 17 
t 117 95 
m 11 6 
1 30 4 
2 31 13 
3 32 18 
t 116 95 
m 11 6 
1 31 4 
2 31 12 
3 32 19 
t 115 95 
m 12 6 
1 32 4 
2 31 13 
3 33 19 
t 114 95 
m 12 7 
1 32 3 
2 31 14 
3 34 19 
t 113 95 
m 12 6 
1 32 2 
2 31 13 
3 33 19 
t 112 95 
m 11 6 
1 31 2 
2 31 12 
3 32 19 
t 111 95 
m 10 6 
1 32 2 
2 31 11 
3 32 18 
t 110 95 
m 9 6 
1 31 2 
2 30 11 
3 32 17 
t 109 95 
m 9 6 
1 30 2 
2 29 11 
3 32 18 
t 108 95 
m 8 6 
1 30 3 
2 28 11 
3 32 17 
t 107 95 
m 8 6 
1 30 2 
2 29 11 
3 32 16 
t 106 95 
m 9 6 
1 30 1 
2 30 11 
3 32 15 
t 105 95 
m 8 6 
1 30 0 
2 31 11 
3 32 14 
t 104 95 
m 9 6 
1 30 1 
2 30 11 
3 31 14 
t 103 95 
m 9 6 
1 30 2 
2 29 11 
3 30 14 
t 102 95 
m 8 6 
1 31 2 
2 30 11 
3 31 14 
t 101 95 
m 7 6 
1 30 2 
2 31 11 
3 31 13 
t 100 95 
m 7 6 
1 31 2 
2 30 11 
3 31 14 
t 99 95 
m 7 6 
1 30 2 
2 29 11 
3 30 14 
t 98 95 
m 7 5 
1 31 2 
2 30 11 
3 29 14 
t 97 95 
m 7 4 
1 32 2 
2 31 11 
3 28 14 
t 96 95 
m 7 4 
1 32 1 
2 31 12 
3 29 14 
t 95 95 
m 7 3 
1 32 0 
2 31 13 
3 30 14 
t 94 95 
m 7 2 
1 33 0 
2 31 14 
3 31 14 
t 93 95 
m 8 2 
1 32 0 
2 32 14 
3 30 14 
t 92 95 
m 9 2 
1 33 0 
2 32 15 
3 29 14 
t 91 95 
m 10 2 
1 34 0 
2 32 16 
3 28 14 
t 90 95 
m 10 1 
1 33 0 
2 32 17 
3 29 14 
t 89 95 
m 10 1 
1 32 0 
2 32 16 
3 30 14 
t 88 95 
m 11 1 
1 32 1 
2 32 17 
3 31 14 
t 87 95 
m 10 1 
1 32 0 
2 32 16 
3 32 14 
t 86 95 
m 11 1 
1 33 0 
2 32 15 
3 31 14 
t 85 95 
m 10 1 
1 34 0 
2 32 16 
3 30 14 
t 84 95 
m 10 2 
1 34 1 
2 32 15 
3 29 14 
t 83 95 
m 10 2 
1 34 2 
2 32 16 
3 30 14 
t 82 95 
m 10 1 
1 34 1 
2 32 15 
3 31 14 
t 81 95 
m 10 2 
1 34 0 
2 32 14 
3 30 14 
t 80 95 
m 10 2 
1 33 0 
2 31 14 
3 29 14 
t 79 95 
m 10 1 
1 34 0 
2 30 14 
3 30 14 
t 78 95 
m 10 2 
1 33 0 
2 31 14 
3 29 14 
t 77 95 
m 9 2 
1 32 0 
2 32 14 
3 30 14 
t 76 95 
m 9 2 
1 33 0 
2 32 15 
3 29 14 
t 75 95 
m 9 2 
1 34 0 
2 32 16 
3 28 14 
t 74 95 
m 10 2 
1 34 1 
2 32 15 
3 29 14 
t 73 95 
m 10 2 
1 34 0 
2 32 16 
3 28 14 
t 72 95 
m 10 2 
1 33 0 
2 32 15 
3 29 14 
t 71 95 
m 10 2 
1 32 0 
2 32 16 
3 28 14 
t 70 95 
m 9 2 
1 33 0 
2 32 17 
3 27 14 
t 69 95 
m 9 2 
1 32 0 
2 32 18 
3 28 14 
t 68 95 
m 10 2 
1 33 0 
2 32 17 
3 27 14 
t 67 95 
m 10 1 
1 34 0 
2 32 16 
3 27 13 
t 66 95 
m 10 0 
1 34 1 
2 32 15 
3 27 14 
t 65 95 
m 9 0 
1 34 2 
2 32 16 
3 27 13 
t 64 95 
m 9 0 
1 34 1 
2 32 17 
3 27 12 
t 63 95 
m 8 0 
1 34 0 
2 32 18 
3 27 13 
t 62 95 
m 8 0 
1 33 0 
2 32 19 
3 27 12 
t 61 95 
m 9 0 
1 32 0 
2 33 19 
3 27 11 
t 60 95 
m 8 0 
1 31 0 
2 34 19 
3 27 10 
t 59 95 
m 7 0 
1 32 0 
2 33 19 
3 27 9 
t 58 95 
m 8 0 
1 33 0 
2 34 19 
3 27 8 
t 57 95 
m 9 0 
1 32 0 
2 34 18 
3 27 7 
t 56 95 
m 9 0 
1 31 0 
2 34 19 
3 27 6 
t 55 95 
m 10 0 
1 32 0 
2 34 18 
3 27 7 
t 54 95 
m 10 1 
1 31 0 
2 34 17 
3 27 8 
t 53 95 
m 10 0 
1 30 0 
2 34 16 
3 27 9 
t 52 95 
m 10 1 
1 31 0 
2 34 17 
3 27 10 
t 51 95 
m 10 2 
1 32 0 
2 34 16 
3 27 9 
t 50 95 
m 9 2 
1 33 0 
2 34 17 
3 27 10 
t 49 95 
m 8 2 
1 34 0 
2 34 16 
3 27 11 
t 48 95 
m 7 2 
1 34 1 
2 34 17 
3 28 11 
t 47 95 
m 8 2 
1 34 2 
2 34 18 
3 29 11 
t 46 95 
m 9 2 
1 34 3 
2 34 19 
3 28 11 
t 45 95 
m 10 2 
1 33 3 
2 33 19 
3 27 11 
t 44 95 
m 10 2 
1 32 3 
2 34 19 
3 27 12 
t 43 95 
m 9 2 
1 32 4 
2 34 18 
3 27 11 
t 42 95 
m 9 2 
1 32 5 
2 34 19 
3 28 11 
t 41 95 
m 10 2 
1 32 6 
2 33 19 
3 27 11 
t 40 95 
m 10 2 
1 32 7 
2 34 19 
3 27 12 
t 39 95 
m 9 2 
1 32 8 
2 33 19 
3 27 13 
t 38 95 
m 9 2 
1 32 7 
2 34 19 
3 27 12 
t 37 95 
m 9 2 
1 31 7 
2 34 18 
3 27 13 
t 36 95 
m 8 2 
1 30 7 
2 34 17 
3 27 12 
t 35 95 
m 7 2 
1 29 7 
2 34 16 
3 27 11 
t 34 95 
m 7 3 
1 29 8 
2 34 17 
3 27 10 
t 33 95 
m 7 2 
1 29 7 
2 33 17 
3 27 11 
t 32 95 
m 7 2 
1 30 7 
2 34 17 
3 27 10 
t 31 95 
m 8 2 
1 29 7 
2 33 17 
3 27 9 
t 30 95 
m 9 2 
1 30 7 
2 32 17 
3 27 10 
t 29 95 
m 9 2 
1 31 7 
2 32 18 
3 27 11 
t 28 95 
m 9 2 
1 30 7 
2 32 17 
3 28 11 
t 27 95 
m 9 2 
1 31 7 
2 33 17 
3 27 11 
t 26 95 
m 10 2 
1 32 7 
2 32 17 
3 27 12 
t 25 95 
m 9 2 
1 31 7 
2 32 18 
3 27 11 
t 24 95 
m 9 2 
1 30 7 
2 32 17 
3 27 10 
t 23 95 
m 8 2 
1 31 7 
2 32 18 
3 27 9 
t 22 95 
m 9 2 
1 32 7 
2 32 19 
3 27 8 
t 21 95 
m 10 2 
1 31 7 
2 33 19 
3 27 7 
t 20 95 
m 10 2 
1 32 7 
2 32 19 
3 27 8 
t 19 95 
m 9 2 
1 32 6 
2 32 18 
3 27 9 
t 18 95 
m 8 2 
1 32 7 
2 32 19 
3 27 10 
t 17 95 
m 7 2 
1 31 7 
2 32 18 
3 27 11 
t 16 95 
m 7 2 
1 32 7 
2 32 17 
3 28 11 
t 15 95 
m 7 2 
1 32 6 
2 32 18 
3 27 11 
t 14 95 
m 8 2 
1 32 5 
2 32 19 
3 28 11 
t 13 95 
m 8 2 
1 32 4 
2 33 19 
3 29 11 
t 12 95 
m 8 2 
1 32 5 
2 32 19 
3 28 11 
t 11 95 
m 7 2 
1 32 6 
2 32 18 
3 29 11 
t 10 95 
m 7 1 
1 32 5 
2 32 17 
3 30 11 
t 9 95 
m 7 0 
1 32 4 
2 33 17 
3 29 11 
t 8 95 
m 7 0 
1 32 5 
2 32 17 
3 30 11 
t 7 95 
m 6 0 
1 32 4 
2 33 17 
3 31 11 
t 6 95 
m 5 0 
1 31 4 
2 34 17 
3 30 11 
t 5 95 
m 4 0 
1 30 4 
2 33 17 
3 31 11 
t 4 95 
m 4 1 
1 31 4 
2 32 17 
3 30 11 
t 3 95 
m 4 2 
1 32 4 
2 32 16 
3 29 11 
t 2 95 
m 4 3 
1 32 5 
2 32 17 
3 28 11 
t 1 95 
