35
20
m 0 19 
1 34 0 
2 34 0 
3 34 0 
w 1 18 
w 2 18 
w 3 18 
w 5 18 
w 7 18 
w 9 18 
w 10 18 
w 11 18 
w 12 18 
w 13 18 
w 14 18 
w 15 18 
w 16 18 
w 17 18 
w 18 18 
w 19 18 
w 20 18 
w 21 18 
w 22 18 
w 23 18 
w 24 18 
w 25 18 
w 27 18 
w 29 18 
w 31 18 
w 32 18 
w 33 18 
w 9 17 
w 10 17 
w 11 17 
w 12 17 
w 13 17 
w 14 17 
w 15 17 
w 16 17 
w 17 17 
w 18 17 
w 19 17 
w 20 17 
w 21 17 
w 22 17 
w 23 17 
w 24 17 
w 25 17 
w 0 16 
w 1 16 
w 2 16 
w 3 16 
w 4 16 
w 5 16 
w 6 16 
w 8 16 
w 9 16 
w 10 16 
w 11 16 
w 12 16 
w 13 16 
w 14 16 
w 15 16 
w 16 16 
w 17 16 
w 18 16 
w 19 16 
w 20 16 
w 21 16 
w 22 16 
w 23 16 
w 24 16 
w 25 16 
w 26 16 
w 28 16 
w 29 16 
w 30 16 
w 31 16 
w 32 16 
w 33 16 
w 34 16 
w 0 15 
w 1 15 
w 2 15 
w 3 15 
w 4 15 
w 5 15 
w 6 15 
w 8 15 
w 9 15 
w 10 15 
w 11 15 
w 12 15 
w 13 15 
w 14 15 
w 15 15 
w 16 15 
w 17 15 
w 18 15 
w 19 15 
w 20 15 
w 21 15 
w 22 15 
w 23 15 
w 24 15 
w 25 15 
w 26 15 
w 28 15 
w 29 15 
w 30 15 
w 31 15 
w 32 15 
w 33 15 
w 34 15 
w 0 14 
w 1 14 
w 2 14 
w 3 14 
w 4 14 
w 5 14 
w 6 14 
w 8 14 
w 9 14 
w 10 14 
w 11 14 
w 12 14 
w 13 14 
w 14 14 
w 15 14 
w 16 14 
w 17 14 
w 18 14 
w 19 14 
w 20 14 
w 21 14 
w 22 14 
w 23 14 
w 24 14 
w 25 14 
w 26 14 
w 28 14 
w 29 14 
w 30 14 
w 31 14 
w 32 14 
w 33 14 
w 34 14 
w 0 13 
w 1 13 
w 2 13 
w 3 13 
w 4 13 
w 5 13 
w 6 13 
w 8 13 
w 9 13 
w 10 13 
w 11 13 
w 12 13 
w 13 13 
w 14 13 
w 15 13 
w 16 13 
w 17 13 
w 18 13 
w 19 13 
w 20 13 
w 21 13 
w 22 13 
w 23 13 
w 24 13 
w 25 13 
w 26 13 
w 28 13 
w 29 13 
w 30 13 
w 31 13 
w 32 13 
w 33 13 
w 34 13 
w 0 12 
w 1 12 
w 2 12 
w 3 12 
w 4 12 
w 5 12 
w 6 12 
w 28 12 
w 29 12 
w 30 12 
w 31 12 
w 32 12 
w 33 12 
w 34 12 
w 0 11 
w 1 11 
w 2 11 
w 3 11 
w 4 11 
w 5 11 
w 6 11 
w 7 11 
w 9 11 
w 10 11 
w 12 11 
w 14 11 
w 16 11 
w 17 11 
w 18 11 
w 20 11 
w 22 11 
w 24 11 
w 25 11 
w 27 11 
w 28 11 
w 29 11 
w 30 11 
w 31 11 
w 32 11 
w 33 11 
w 34 11 
w 0 10 
w 1 10 
w 2 10 
w 3 10 
w 4 10 
w 5 10 
w 6 10 
w 7 10 
w 12 10 
w 22 10 
w 27 10 
w 28 10 
w 29 10 
w 30 10 
w 31 10 
w 32 10 
w 33 10 
w 34 10 
w 0 9 
w 1 9 
w 2 9 
w 3 9 
w 4 9 
w 5 9 
w 6 9 
w 7 9 
w 9 9 
w 10 9 
w 12 9 
w 14 9 
w 15 9 
w 16 9 
w 17 9 
w 18 9 
w 19 9 
w 20 9 
w 22 9 
w 24 9 
w 25 9 
w 27 9 
w 28 9 
w 29 9 
w 30 9 
w 31 9 
w 32 9 
w 33 9 
w 34 9 
w 0 8 
w 1 8 
w 2 8 
w 9 8 
w 10 8 
w 12 8 
w 14 8 
w 15 8 
w 16 8 
w 17 8 
w 18 8 
w 19 8 
w 20 8 
w 22 8 
w 24 8 
w 25 8 
w 32 8 
w 33 8 
w 34 8 
w 0 7 
w 1 7 
w 2 7 
w 4 7 
w 5 7 
w 6 7 
w 7 7 
w 9 7 
w 10 7 
w 12 7 
w 14 7 
w 15 7 
w 16 7 
w 17 7 
w 18 7 
w 19 7 
w 20 7 
w 22 7 
w 24 7 
w 25 7 
w 27 7 
w 28 7 
w 29 7 
w 30 7 
w 32 7 
w 33 7 
w 34 7 
w 0 6 
w 1 6 
w 2 6 
w 9 6 
w 10 6 
w 12 6 
w 14 6 
w 15 6 
w 16 6 
w 17 6 
w 18 6 
w 19 6 
w 20 6 
w 22 6 
w 24 6 
w 25 6 
w 32 6 
w 33 6 
w 34 6 
w 0 5 
w 1 5 
w 2 5 
w 3 5 
w 4 5 
w 5 5 
w 7 5 
w 9 5 
w 10 5 
w 12 5 
w 14 5 
w 15 5 
w 16 5 
w 17 5 
w 18 5 
w 19 5 
w 20 5 
w 22 5 
w 24 5 
w 25 5 
w 27 5 
w 29 5 
w 30 5 
w 31 5 
w 32 5 
w 33 5 
w 34 5 
w 12 4 
w 14 4 
w 15 4 
w 16 4 
w 17 4 
w 18 4 
w 19 4 
w 20 4 
w 22 4 
w 1 3 
w 2 3 
w 4 3 
w 5 3 
w 6 3 
w 8 3 
w 10 3 
w 24 3 
w 26 3 
w 28 3 
w 29 3 
w 30 3 
w 32 3 
w 33 3 
w 4 2 
w 5 2 
w 6 2 
w 8 2 
w 10 2 
w 12 2 
w 13 2 
w 15 2 
w 17 2 
w 19 2 
w 21 2 
w 22 2 
w 24 2 
w 26 2 
w 28 2 
w 29 2 
w 30 2 
w 1 1 
w 2 1 
w 4 1 
w 5 1 
w 6 1 
w 8 1 
w 10 1 
w 17 1 
w 24 1 
w 26 1 
w 28 1 
w 29 1 
w 30 1 
w 32 1 
w 33 1 
w 12 0 
w 13 0 
w 14 0 
w 15 0 
w 16 0 
w 17 0 
w 18 0 
w 19 0 
w 20 0 
w 21 0 
w 22 0 
p 2 19 
p 5 19 
p 6 19 
p 7 19 
p 8 19 
p 9 19 
p 10 19 
p 15 19 
p 17 19 
p 18 19 
p 20 19 
p 25 19 
p 27 19 
p 28 19 
p 33 19 
p 4 18 
p 6 18 
p 28 18 
p 2 17 
p 3 17 
p 4 17 
p 5 17 
p 6 17 
p 7 17 
p 8 17 
p 26 17 
p 27 17 
p 28 17 
p 29 17 
p 30 17 
p 32 17 
p 27 16 
p 7 15 
p 7 14 
p 27 14 
p 7 12 
p 11 12 
p 13 12 
p 14 12 
p 15 12 
p 16 12 
p 17 12 
p 19 12 
p 21 12 
p 23 12 
p 24 12 
p 26 12 
p 27 12 
p 11 11 
p 19 11 
p 21 11 
p 23 11 
p 8 10 
p 9 10 
p 10 10 
p 11 10 
p 13 10 
p 15 10 
p 16 10 
p 20 10 
p 25 10 
p 26 10 
p 8 9 
p 13 9 
p 21 9 
p 26 9 
p 3 8 
p 7 8 
p 11 8 
p 21 8 
p 27 8 
p 28 8 
p 30 8 
p 3 7 
p 31 7 
p 4 6 
p 6 6 
p 13 6 
p 23 6 
p 28 6 
p 29 6 
p 30 6 
p 31 6 
p 6 5 
p 8 5 
p 11 5 
p 13 5 
p 21 5 
p 26 5 
p 2 4 
p 3 4 
p 4 4 
p 5 4 
p 6 4 
p 8 4 
p 9 4 
p 11 4 
p 13 4 
p 21 4 
p 24 4 
p 26 4 
p 27 4 
p 29 4 
p 32 4 
p 33 4 
p 34 4 
p 3 3 
p 11 3 
p 12 3 
p 13 3 
p 15 3 
p 16 3 
p 17 3 
p 19 3 
p 20 3 
p 22 3 
p 25 3 
p 27 3 
p 31 3 
p 1 2 
p 2 2 
p 3 2 
p 14 2 
p 18 2 
p 20 2 
p 31 2 
p 34 2 
p 7 1 
p 12 1 
p 13 1 
p 15 1 
p 18 1 
p 20 1 
p 21 1 
p 22 1 
p 23 1 
p 25 1 
p 27 1 
t 1400 0 
m 0 18 
1 33 0 
2 33 0 
3 33 0 
t 1399 0 
m 0 17 
1 34 0 
2 34 0 
3 34 0 
t 1398 0 
m 0 17 
1 34 1 
2 34 1 
3 34 1 
t 1397 0 
m 0 17 
1 34 2 
2 34 2 
3 34 0 
t 1396 0 
m 0 18 
1 33 2 
2 33 2 
3 33 0 
t 1395 0 
m 0 17 
1 32 2 
2 34 2 
3 32 0 
t 1394 0 
m 0 18 
1 31 2 
2 33 2 
3 31 0 
t 1393 0 
m 0 19 
1 31 3 
2 32 2 
3 30 0 
t 1392 0 
m 0 18 
1 31 2 
2 31 2 
3 31 0 
t 1391 0 
m 0 19 
1 31 1 
2 32 2 
3 30 0 
t 1390 0 
m 0 19 
1 31 0 
2 31 2 
3 31 0 
t 1389 0 
m 1 19 
1 31 1 
2 31 3 
3 31 1 
t 1388 0 
m 1 19 
1 31 2 
2 31 4 
3 31 0 
t 1387 0 
m 2 19 
1 31 1 
2 30 4 
3 32 0 
t 1386 1 
m 1 19 
1 31 0 
2 29 4 
3 33 0 
t 1385 1 
m 2 19 
1 30 0 
2 28 4 
3 32 0 
t 1384 1 
m 2 19 
1 29 0 
2 28 5 
3 31 0 
t 1383 1 
m 3 19 
1 30 0 
2 28 4 
3 30 0 
t 1382 1 
m 2 19 
1 29 0 
2 28 5 
3 29 0 
t 1381 1 
m 2 19 
1 30 0 
2 28 4 
3 28 0 
t 1380 1 
m 3 19 
1 29 0 
2 27 4 
3 29 0 
t 1379 1 
m 4 19 
1 28 0 
2 26 4 
3 30 0 
t 1378 1 
m 4 19 
1 27 0 
2 27 4 
3 29 0 
t 1377 1 
m 4 19 
1 26 0 
2 26 4 
3 30 0 
t 1376 1 
m 5 19 
1 25 0 
2 25 4 
3 29 0 
t 1375 2 
m 5 19 
1 26 0 
2 25 3 
3 30 0 
t 1374 2 
m 4 19 
1 25 0 
2 25 2 
3 29 0 
t 1373 2 
m 4 18 
1 26 0 
2 25 3 
3 28 0 
t 1372 3 
m 4 18 
1 25 0 
2 25 2 
3 27 0 
t 1371 3 
m 4 18 
1 25 1 
2 25 3 
3 27 1 
t 1370 3 
m 4 18 
1 25 2 
2 25 4 
3 27 0 
t 1369 3 
m 4 19 
1 25 3 
2 25 3 
3 27 1 
t 1368 3 
m 5 19 
1 25 2 
2 25 2 
3 27 2 
t 1367 3 
m 5 19 
1 25 3 
2 25 3 
3 27 3 
t 1366 3 
m 5 19 
1 25 2 
2 25 4 
3 27 4 
t 1365 3 
m 6 19 
1 25 1 
2 26 4 
3 27 3 
t 1364 3 
m 5 19 
1 25 2 
2 25 4 
3 27 2 
t 1363 3 
m 5 19 
1 25 3 
2 24 4 
3 27 1 
t 1362 3 
m 5 19 
1 25 2 
2 25 4 
3 27 0 
t 1361 3 
m 5 19 
1 25 1 
2 26 4 
3 28 0 
t 1360 3 
m 5 19 
1 25 0 
2 26 5 
3 29 0 
t 1359 3 
m 5 19 
1 25 1 
2 26 4 
3 30 0 
t 1358 3 
m 5 19 
1 25 2 
2 27 4 
3 31 0 
t 1357 3 
m 6 19 
1 25 1 
2 26 4 
3 30 0 
t 1356 3 
m 6 18 
1 25 2 
2 25 4 
3 29 0 
t 1355 4 
m 6 19 
1 25 3 
2 25 3 
3 30 0 
t 1354 4 
m 6 18 
1 25 4 
2 25 4 
3 29 0 
t 1353 4 
m 6 17 
1 25 3 
2 26 4 
3 30 0 
t 1352 5 
m 6 18 
1 25 4 
2 26 5 
3 31 0 
t 1351 5 
m 6 17 
1 26 4 
2 26 4 
3 30 0 
t 1350 5 
m 5 17 
1 26 5 
2 27 4 
3 31 0 
t 1349 6 
m 4 17 
1 26 6 
2 27 3 
3 31 1 
t 1348 6 
m 3 17 
1 27 6 
2 27 2 
3 31 0 
t 1347 7 
m 2 17 
1 26 6 
2 27 1 
3 32 0 
t 1346 8 
m 3 17 
1 27 6 
2 27 2 
3 33 0 
t 1345 8 
m 3 17 
1 26 6 
2 27 1 
3 32 0 
t 1344 8 
m 2 17 
1 27 6 
2 27 0 
3 31 0 
t 1343 8 
m 2 17 
1 26 6 
2 28 0 
3 32 0 
t 1342 8 
m 1 17 
1 27 6 
2 29 0 
3 31 0 
t 1341 8 
m 0 17 
1 28 6 
2 28 0 
3 32 0 
t 1340 8 
m 0 18 
1 27 6 
2 27 0 
3 33 0 
t 1339 8 
m 0 18 
1 26 6 
2 26 0 
3 32 0 
t 1338 8 
m 0 18 
1 27 6 
2 27 0 
3 31 0 
t 1337 8 
m 0 17 
1 28 6 
2 28 0 
3 30 0 
t 1336 8 
m 1 17 
1 27 6 
2 29 0 
3 29 0 
t 1335 8 
m 1 17 
1 28 6 
2 30 0 
3 30 0 
t 1334 8 
m 0 17 
1 28 5 
2 29 0 
3 31 0 
t 1333 8 
m 1 17 
1 28 4 
2 30 0 
3 30 0 
t 1332 8 
m 2 17 
1 28 5 
2 29 0 
3 31 0 
t 1331 8 
m 3 17 
1 28 6 
2 28 0 
3 31 1 
t 1330 8 
m 4 17 
1 27 6 
2 27 0 
3 31 0 
t 1329 8 
m 3 17 
1 26 6 
2 27 1 
3 32 0 
t 1328 8 
m 3 17 
1 26 7 
2 27 0 
3 31 0 
t 1327 8 
m 4 17 
1 26 8 
2 27 1 
3 30 0 
t 1326 8 
m 4 17 
1 26 9 
2 27 2 
3 29 0 
t 1325 8 
m 3 17 
1 26 8 
2 27 3 
3 28 0 
t 1324 8 
m 2 17 
1 26 7 
2 27 4 
3 27 0 
t 1323 8 
m 1 17 
1 26 8 
2 27 3 
3 27 1 
t 1322 8 
m 1 17 
1 27 8 
2 27 4 
3 27 2 
t 1321 8 
m 1 17 
1 28 8 
2 28 4 
3 27 1 
t 1320 8 
m 1 17 
1 29 8 
2 28 5 
3 27 0 
t 1319 8 
m 1 17 
1 28 8 
2 28 6 
3 28 0 
t 1318 8 
m 1 17 
1 29 8 
2 28 5 
3 27 0 
t 1317 8 
m 2 17 
1 28 8 
2 28 4 
3 27 1 
t 1316 8 
m 2 17 
1 27 8 
2 27 4 
3 27 2 
t 1315 8 
m 1 17 
1 28 8 
2 28 4 
3 27 1 
t 1314 8 
m 1 17 
1 29 8 
2 29 4 
3 27 0 
t 1313 8 
m 1 17 
1 28 8 
2 30 4 
3 26 0 
t 1312 8 
m 1 17 
1 27 8 
2 31 4 
3 25 0 
t 1311 8 
m 0 17 
1 28 8 
2 31 3 
3 25 1 
t 1310 8 
m 0 18 
1 29 8 
2 31 2 
3 25 2 
t 1309 8 
m 0 17 
1 30 8 
2 31 3 
3 25 3 
t 1308 8 
m 0 18 
1 31 8 
2 31 4 
3 25 4 
t 1307 8 
m 0 19 
1 31 7 
2 31 3 
3 26 4 
t 1306 8 
m 1 19 
1 31 6 
2 31 2 
3 25 4 
t 1305 8 
m 1 19 
1 31 7 
2 31 1 
3 26 4 
t 1304 8 
m 2 19 
1 31 6 
2 31 2 
3 27 4 
t 1303 8 
m 1 19 
1 30 6 
2 31 3 
3 27 3 
t 1302 8 
m 0 19 
1 29 6 
2 31 2 
3 27 2 
t 1301 8 
m 1 19 
1 28 6 
2 31 3 
3 27 1 
t 1300 8 
m 2 19 
1 28 5 
2 31 2 
3 27 0 
t 1299 8 
m 1 19 
1 28 4 
2 31 1 
3 26 0 
t 1298 8 
m 1 19 
1 28 5 
2 31 2 
3 27 0 
t 1297 8 
m 0 19 
1 28 6 
2 32 2 
3 26 0 
t 1296 8 
m 0 19 
1 27 6 
2 31 2 
3 27 0 
t 1295 8 
m 0 19 
1 26 6 
2 32 2 
3 26 0 
t 1294 8 
m 1 19 
1 26 5 
2 33 2 
3 27 0 
t 1293 8 
m 1 19 
1 26 6 
2 34 2 
3 26 0 
t 1292 8 
m 2 19 
1 27 6 
2 34 3 
3 25 0 
t 1291 8 
m 3 19 
1 28 6 
2 34 2 
3 25 1 
t 1290 8 
m 4 19 
1 29 6 
2 33 2 
3 25 2 
t 1289 8 
m 4 19 
1 30 6 
2 34 2 
3 25 3 
t 1288 8 
m 4 18 
1 29 6 
2 34 3 
3 25 4 
t 1287 8 
m 4 18 
1 30 6 
2 34 4 
3 25 3 
t 1286 8 
m 4 17 
1 29 6 
2 33 4 
3 25 4 
t 1285 8 
m 4 17 
1 30 6 
2 34 4 
3 25 3 
t 1284 8 
m 4 18 
1 29 6 
2 33 4 
3 25 4 
t 1283 8 
m 4 18 
1 28 6 
2 32 4 
3 26 4 
t 1282 8 
m 4 19 
1 27 6 
2 31 4 
3 27 4 
t 1281 8 
m 3 19 
1 28 6 
2 30 4 
3 28 4 
t 1280 8 
m 2 19 
1 27 6 
2 31 4 
3 27 4 
t 1279 8 
m 3 19 
1 26 6 
2 32 4 
3 26 4 
t 1278 8 
m 3 19 
1 26 5 
2 33 4 
3 26 5 
t 1277 8 
m 2 19 
1 26 4 
2 32 4 
3 26 6 
t 1276 8 
m 3 19 
1 26 5 
2 31 4 
3 26 5 
t 1275 8 
m 2 19 
1 26 6 
2 30 4 
3 26 4 
t 1274 8 
m 3 19 
1 26 7 
2 31 4 
3 25 4 
t 1273 8 
m 3 19 
1 26 8 
2 32 4 
3 26 4 
t 1272 8 
m 4 19 
1 26 7 
2 33 4 
3 25 4 
t 1271 8 
m 4 18 
1 26 8 
2 32 4 
3 26 4 
t 1270 8 
m 4 17 
1 26 9 
2 31 4 
3 26 5 
t 1269 8 
m 4 17 
1 26 10 
2 30 4 
3 26 4 
t 1268 8 
m 5 17 
1 26 11 
2 29 4 
3 26 5 
t 1267 8 
m 4 17 
1 26 10 
2 28 4 
3 26 4 
t 1266 8 
m 5 17 
1 25 10 
2 28 5 
3 25 4 
t 1265 8 
m 5 17 
1 26 10 
2 28 4 
3 25 3 
t 1264 8 
m 6 17 
1 25 10 
2 28 5 
3 25 2 
t 1263 8 
m 6 17 
1 26 10 
2 28 6 
3 25 3 
t 1262 8 
m 6 17 
1 26 11 
2 28 5 
3 25 2 
t 1261 8 
m 5 17 
1 26 10 
2 28 6 
3 25 1 
t 1260 8 
m 5 17 
1 25 10 
2 28 5 
3 25 2 
t 1259 8 
m 4 17 
1 26 10 
2 28 6 
3 25 3 
t 1258 8 
m 5 17 
1 26 9 
2 27 6 
3 25 4 
t 1257 8 
m 6 17 
1 26 10 
2 26 6 
3 26 4 
t 1256 8 
m 6 18 
1 26 9 
2 26 7 
3 27 4 
t 1255 8 
m 6 19 
1 26 10 
2 26 8 
3 27 3 
t 1254 8 
m 6 18 
1 25 10 
2 27 8 
3 27 4 
t 1253 8 
m 6 18 
1 24 10 
2 28 8 
3 26 4 
t 1252 8 
m 6 17 
1 25 10 
2 29 8 
3 25 4 
t 1251 8 
m 5 17 
1 24 10 
2 30 8 
3 25 3 
t 1250 8 
m 4 17 
1 25 10 
2 29 8 
3 25 2 
t 1249 8 
m 4 18 
1 24 10 
2 28 8 
3 25 3 
t 1248 8 
m 4 19 
1 25 10 
2 27 8 
3 25 4 
t 1247 8 
m 4 19 
1 24 10 
2 28 8 
3 26 4 
t 1246 8 
m 3 19 
1 23 10 
2 29 8 
3 26 5 
t 1245 8 
m 2 19 
1 24 10 
2 30 8 
3 26 6 
t 1244 8 
m 3 19 
1 25 10 
2 31 8 
3 27 6 
t 1243 8 
m 4 19 
1 26 10 
2 31 7 
3 26 6 
t 1242 8 
m 4 18 
1 26 9 
2 31 8 
3 27 6 
t 1241 8 
m 4 17 
1 26 8 
2 30 8 
3 28 6 
t 1240 8 
m 4 17 
1 27 8 
2 31 8 
3 27 6 
t 1239 8 
m 4 18 
1 26 8 
2 31 7 
3 28 6 
t 1238 8 
m 4 19 
1 26 9 
2 31 8 
3 29 6 
t 1237 8 
m 3 19 
1 26 10 
2 31 7 
3 30 6 
t 1236 8 
m 2 19 
1 25 10 
2 31 8 
3 31 6 
t 1235 8 
m 2 19 
1 24 10 
2 30 8 
3 31 7 
t 1234 8 
m 1 19 
1 23 10 
2 31 8 
3 31 8 
t 1233 8 
m 2 19 
1 23 9 
2 30 8 
3 31 7 
t 1232 8 
m 2 19 
1 23 10 
2 31 8 
3 31 8 
t 1231 8 
m 3 19 
1 23 11 
2 31 7 
3 30 8 
t 1230 8 
m 3 19 
1 23 12 
2 31 8 
3 31 8 
t 1229 8 
m 4 19 
1 23 11 
2 30 8 
3 30 8 
t 1228 8 
m 4 18 
1 23 10 
2 31 8 
3 29 8 
t 1227 8 
m 4 19 
1 24 10 
2 30 8 
3 30 8 
t 1226 8 
m 3 19 
1 23 10 
2 31 8 
3 29 8 
t 1225 8 
m 3 19 
1 24 10 
2 31 7 
3 28 8 
t 1224 8 
m 3 19 
1 23 10 
2 31 8 
3 27 8 
t 1223 8 
m 3 19 
1 23 9 
2 30 8 
3 26 8 
t 1222 8 
m 3 19 
1 23 10 
2 29 8 
3 26 7 
t 1221 8 
m 2 19 
1 23 9 
2 30 8 
3 26 8 
t 1220 8 
m 3 19 
1 23 8 
2 29 8 
3 26 7 
t 1219 8 
m 2 19 
1 23 7 
2 28 8 
3 26 8 
t 1218 8 
m 2 19 
1 23 6 
2 27 8 
3 26 9 
t 1217 8 
m 1 19 
1 23 5 
2 26 8 
3 26 10 
t 1216 8 
m 2 19 
1 23 6 
2 27 8 
3 26 9 
t 1215 8 
m 1 19 
1 23 7 
2 28 8 
3 26 10 
t 1214 8 
m 0 19 
1 23 8 
2 27 8 
3 26 9 
t 1213 8 
m 0 18 
1 23 9 
2 26 8 
3 26 10 
t 1212 8 
m 0 17 
1 23 8 
2 26 9 
3 25 10 
t 1211 8 
m 0 18 
1 23 7 
2 26 10 
3 26 10 
t 1210 8 
m 0 19 
1 23 6 
2 26 11 
3 26 9 
t 1209 8 
m 1 19 
1 23 7 
2 26 12 
3 26 8 
t 1208 8 
m 0 19 
1 23 6 
2 26 11 
3 26 7 
t 1207 8 
m 1 19 
1 23 7 
2 26 10 
3 26 8 
t 1206 8 
m 2 19 
1 23 8 
2 26 9 
3 26 9 
t 1205 8 
m 2 19 
1 23 9 
2 26 8 
3 26 8 
t 1204 8 
m 2 19 
1 23 8 
2 26 7 
3 27 8 
t 1203 8 
m 3 19 
1 23 7 
2 26 8 
3 26 8 
t 1202 8 
m 4 19 
1 23 6 
2 26 9 
3 27 8 
t 1201 8 
m 4 19 
1 23 5 
2 26 8 
3 28 8 
t 1200 8 
m 4 19 
1 23 4 
2 26 9 
3 29 8 
t 1199 8 
m 4 19 
1 23 5 
2 26 8 
3 28 8 
t 1198 8 
m 3 19 
1 23 4 
2 26 9 
3 27 8 
t 1197 8 
m 3 19 
1 23 3 
2 26 8 
3 26 8 
t 1196 8 
m 2 19 
1 23 4 
2 27 8 
3 26 9 
t 1195 8 
m 2 19 
1 23 5 
2 26 8 
3 26 8 
t 1194 8 
m 2 19 
1 23 6 
2 26 9 
3 26 7 
t 1193 8 
m 1 19 
1 23 5 
2 26 8 
3 26 8 
t 1192 8 
m 0 19 
1 23 6 
2 27 8 
3 26 7 
t 1191 8 
m 0 18 
1 23 7 
2 26 8 
3 26 8 
t 1190 8 
m 0 19 
1 23 8 
2 27 8 
3 27 8 
t 1189 8 
m 0 19 
1 23 9 
2 28 8 
3 26 8 
t 1188 8 
m 1 19 
1 23 8 
2 29 8 
3 26 9 
t 1187 8 
m 2 19 
1 23 7 
2 28 8 
3 26 8 
t 1186 8 
m 3 19 
1 23 8 
2 29 8 
3 26 9 
t 1185 8 
m 2 19 
1 23 7 
2 28 8 
3 26 10 
t 1184 8 
m 1 19 
1 23 8 
2 29 8 
3 26 9 
t 1183 8 
m 2 19 
1 23 7 
2 30 8 
3 26 8 
t 1182 8 
m 3 19 
1 23 6 
2 31 8 
3 26 7 
t 1181 8 
m 3 19 
1 23 7 
2 31 7 
3 26 6 
t 1180 8 
m 4 19 
1 23 6 
2 31 6 
3 26 5 
t 1179 8 
m 4 18 
1 23 5 
2 31 7 
3 26 6 
t 1178 8 
m 4 18 
1 23 4 
2 31 6 
3 26 7 
t 1177 8 
m 4 19 
1 23 3 
2 31 7 
3 26 6 
t 1176 8 
m 4 18 
1 23 2 
2 31 6 
3 26 7 
t 1175 8 
m 4 17 
1 23 3 
2 31 7 
3 26 6 
t 1174 8 
m 5 17 
1 23 2 
2 31 6 
3 26 5 
t 1173 8 
m 6 17 
1 23 3 
2 30 6 
3 26 6 
t 1172 8 
m 5 17 
1 23 4 
2 29 6 
3 26 5 
t 1171 8 
m 6 17 
1 24 4 
2 30 6 
3 26 6 
t 1170 8 
f 6 17 
m 5 17 
1 25 4 
2 31 6 
3 27 6 
t 1169 8 
m 4 17 
1 26 4 
2 30 6 
3 28 6 
t 1168 8 
m 4 17 
1 26 5 
2 31 6 
3 29 6 
t 1167 8 
m 4 18 
1 26 6 
2 31 7 
3 30 6 
t 1166 8 
m 4 17 
1 26 7 
2 31 8 
3 31 6 
t 1165 8 
m 4 18 
1 26 8 
2 30 8 
3 30 6 
t 1164 8 
m 4 18 
1 26 9 
2 31 8 
3 31 6 
t 1163 8 
m 4 18 
1 26 10 
2 31 7 
3 31 7 
t 1162 8 
m 4 17 
1 25 10 
2 31 8 
3 31 8 
t 1161 8 
m 4 18 
1 24 10 
2 31 7 
3 30 8 
t 1160 8 
m 4 17 
1 25 10 
2 31 8 
3 31 8 
t 1159 8 
m 5 17 
1 26 10 
2 30 8 
3 31 7 
t 1158 8 
m 5 17 
1 26 11 
2 29 8 
3 31 8 
t 1157 8 
m 6 17 
1 26 10 
2 30 8 
3 30 8 
t 1156 18 
m 6 18 
1 25 10 
2 29 8 
3 29 8 
t 1155 18 
m 6 18 
1 26 10 
2 28 8 
3 30 8 
t 1154 18 
m 6 18 
1 25 10 
2 27 8 
3 31 8 
t 1153 18 
m 6 17 
1 24 10 
2 26 8 
3 30 8 
t 1152 18 
m 6 18 
1 23 10 
2 27 8 
3 31 8 
t 1151 18 
m 6 18 
1 24 10 
2 28 8 
3 30 8 
t 1150 18 
m 6 19 
1 23 10 
2 29 8 
3 31 8 
t 1149 18 
m 5 19 
1 23 9 
2 30 8 
3 31 7 
t 1148 18 
m 5 19 
1 23 8 
2 31 8 
3 31 8 
t 1147 18 
m 6 19 
1 23 7 
2 30 8 
3 31 7 
t 1146 18 
m 6 18 
1 23 8 
2 29 8 
3 31 6 
t 1145 18 
m 6 17 
1 23 7 
2 28 8 
3 30 6 
t 1144 18 
m 5 17 
1 23 6 
2 27 8 
3 31 6 
t 1143 18 
m 5 17 
1 23 5 
2 26 8 
3 31 7 
t 1142 18 
m 5 17 
1 23 6 
2 27 8 
3 31 6 
t 1141 18 
m 4 17 
1 23 5 
2 26 8 
3 31 7 
t 1140 18 
m 4 17 
1 23 4 
2 26 9 
3 31 8 
t 1139 18 
m 3 17 
1 23 3 
2 26 8 
3 30 8 
t 1138 18 
m 4 17 
1 23 2 
2 27 8 
3 29 8 
t 1137 18 
m 4 17 
1 23 1 
2 28 8 
3 28 8 
t 1136 18 
m 4 17 
1 23 2 
2 29 8 
3 27 8 
t 1135 18 
m 4 18 
1 23 3 
2 30 8 
3 28 8 
t 1134 18 
m 4 19 
1 23 4 
2 29 8 
3 29 8 
t 1133 18 
m 3 19 
1 23 5 
2 28 8 
3 28 8 
t 1132 18 
m 4 19 
1 23 6 
2 29 8 
3 29 8 
t 1131 18 
m 3 19 
1 23 5 
2 28 8 
3 30 8 
t 1130 18 
m 2 19 
1 23 6 
2 29 8 
3 29 8 
t 1129 18 
m 1 19 
1 23 5 
2 28 8 
3 30 8 
t 1128 18 
m 0 19 
1 23 4 
2 29 8 
3 29 8 
t 1127 18 
m 0 19 
1 23 3 
2 30 8 
3 28 8 
t 1126 18 
m 1 19 
1 23 2 
2 31 8 
3 29 8 
t 1125 18 
m 2 19 
1 23 3 
2 30 8 
3 28 8 
t 1124 18 
m 2 19 
1 23 2 
2 31 8 
3 29 8 
t 1123 18 
m 1 19 
1 23 1 
2 31 7 
3 30 8 
t 1122 18 
m 2 19 
1 23 0 
2 31 8 
3 29 8 
t 1121 18 
m 2 19 
1 23 1 
2 31 7 
3 28 8 
t 1120 18 
m 1 19 
1 23 2 
2 31 6 
3 27 8 
t 1119 18 
m 1 19 
1 23 3 
2 31 7 
3 28 8 
t 1118 18 
m 2 19 
1 22 3 
2 31 8 
3 27 8 
t 1117 18 
m 3 19 
1 23 3 
2 30 8 
3 28 8 
t 1116 18 
m 2 19 
1 23 2 
2 31 8 
3 29 8 
t 1115 18 
m 1 19 
1 23 1 
2 30 8 
3 28 8 
t 1114 18 
m 1 19 
1 23 2 
2 29 8 
3 27 8 
t 1113 18 
m 0 19 
1 23 1 
2 30 8 
3 26 8 
t 1112 18 
m 0 19 
1 23 2 
2 31 8 
3 26 9 
t 1111 18 
m 0 18 
1 23 3 
2 30 8 
3 26 10 
t 1110 18 
m 0 19 
1 23 2 
2 31 8 
3 26 11 
t 1109 18 
m 1 19 
1 23 3 
2 30 8 
3 26 10 
t 1108 18 
m 1 19 
1 23 2 
2 29 8 
3 25 10 
t 1107 18 
m 1 19 
1 23 3 
2 28 8 
3 26 10 
t 1106 18 
m 1 19 
1 23 2 
2 27 8 
3 26 11 
t 1105 18 
m 1 19 
1 23 3 
2 28 8 
3 26 12 
t 1104 18 
m 0 19 
1 23 2 
2 29 8 
3 25 12 
t 1103 18 
m 0 18 
1 23 1 
2 28 8 
3 26 12 
t 1102 18 
m 0 19 
1 23 2 
2 27 8 
3 26 11 
t 1101 18 
m 0 18 
1 23 1 
2 26 8 
3 26 10 
t 1100 18 
m 0 17 
1 22 1 
2 26 9 
3 26 11 
t 1099 18 
m 1 17 
1 23 1 
2 26 10 
3 26 10 
t 1098 18 
m 1 17 
1 22 1 
2 25 10 
3 26 9 
t 1097 18 
m 1 17 
1 23 1 
2 26 10 
3 26 10 
t 1096 18 
m 1 17 
1 22 1 
2 26 11 
3 25 10 
t 1095 18 
m 0 17 
1 21 1 
2 26 10 
3 26 10 
t 1094 18 
m 1 17 
1 22 1 
2 26 9 
3 26 9 
t 1093 18 
m 1 17 
1 21 1 
2 26 8 
3 26 10 
t 1092 18 
m 1 17 
1 20 1 
2 27 8 
3 26 11 
t 1091 18 
m 2 17 
1 19 1 
2 26 8 
3 26 10 
t 1090 18 
m 2 17 
1 20 1 
2 26 9 
3 26 9 
t 1089 18 
m 1 17 
1 20 2 
2 26 8 
3 26 8 
t 1088 18 
m 1 17 
1 20 1 
2 26 9 
3 26 7 
t 1087 18 
m 1 17 
1 21 1 
2 26 10 
3 26 6 
t 1086 18 
m 2 17 
1 22 1 
2 26 9 
3 27 6 
t 1085 18 
m 1 17 
1 21 1 
2 26 10 
3 28 6 
t 1084 18 
m 2 17 
1 20 1 
2 26 9 
3 29 6 
t 1083 18 
m 3 17 
1 19 1 
2 26 8 
3 30 6 
t 1082 18 
m 3 17 
1 20 1 
2 26 9 
3 29 6 
t 1081 18 
m 3 17 
1 21 1 
2 26 10 
3 30 6 
t 1080 18 
m 3 17 
1 20 1 
2 25 10 
3 31 6 
t 1079 18 
m 2 17 
1 19 1 
2 26 10 
3 30 6 
t 1078 18 
m 1 17 
1 20 1 
2 26 9 
3 29 6 
t 1077 18 
m 1 17 
1 19 1 
2 26 10 
3 28 6 
t 1076 18 
m 0 17 
1 18 1 
2 25 10 
3 28 5 
t 1075 18 
m 1 17 
1 19 1 
2 26 10 
3 28 4 
t 1074 18 
m 1 17 
1 18 1 
2 25 10 
3 27 4 
t 1073 18 
m 1 17 
1 18 2 
2 26 10 
3 26 4 
t 1072 18 
m 1 17 
1 18 3 
2 25 10 
3 25 4 
t 1071 18 
m 2 17 
1 19 3 
2 26 10 
3 25 3 
t 1070 18 
m 1 17 
1 20 3 
2 25 10 
3 25 2 
t 1069 18 
m 0 17 
1 21 3 
2 26 10 
3 25 3 
t 1068 18 
m 0 18 
1 20 3 
2 25 10 
3 25 2 
t 1067 18 
m 0 17 
1 20 2 
2 24 10 
3 25 1 
t 1066 18 
m 0 17 
1 20 1 
2 25 10 
3 25 2 
t 1065 18 
m 0 17 
1 19 1 
2 24 10 
3 25 3 
t 1064 18 
m 0 18 
1 18 1 
2 25 10 
3 25 4 
t 1063 18 
m 0 19 
1 19 1 
2 24 10 
3 26 4 
t 1062 18 
m 0 18 
1 18 1 
2 23 10 
3 27 4 
t 1061 18 
m 0 19 
1 19 1 
2 23 11 
3 27 3 
t 1060 18 
m 0 18 
1 18 1 
2 23 10 
3 27 4 
t 1059 18 
m 0 18 
1 18 2 
2 23 11 
3 26 4 
t 1058 18 
m 0 18 
1 18 1 
2 23 12 
3 27 4 
t 1057 18 
m 0 17 
1 18 2 
2 24 12 
3 27 3 
t 1056 18 
m 1 17 
1 18 1 
2 25 12 
3 27 2 
t 1055 18 
m 0 17 
1 18 2 
2 24 12 
3 27 3 
t 1054 18 
m 0 18 
1 18 3 
2 25 12 
3 27 4 
t 1053 18 
m 0 17 
1 19 3 
2 24 12 
3 27 3 
t 1052 18 
m 1 17 
1 20 3 
2 23 12 
3 27 4 
t 1051 18 
m 0 17 
1 19 3 
2 23 11 
3 27 3 
t 1050 18 
m 1 17 
1 18 3 
2 23 10 
3 27 4 
t 1049 18 
m 0 17 
1 17 3 
2 24 10 
3 28 4 
t 1048 18 
m 0 17 
1 18 3 
2 23 10 
3 28 5 
t 1047 18 
m 0 18 
1 18 2 
2 24 10 
3 28 4 
t 1046 18 
m 0 17 
1 18 3 
2 23 10 
3 29 4 
t 1045 18 
m 1 17 
1 18 2 
2 23 11 
3 28 4 
t 1044 18 
m 1 17 
1 18 1 
2 23 12 
3 27 4 
t 1043 18 
m 0 17 
1 18 2 
2 24 12 
3 28 4 
t 1042 18 
m 0 17 
1 18 3 
2 25 12 
3 28 5 
t 1041 18 
m 1 17 
1 19 3 
2 26 12 
3 28 4 
t 1040 18 
m 1 17 
1 20 3 
2 26 11 
3 29 4 
t 1039 18 
m 0 17 
1 21 3 
2 26 10 
3 28 4 
t 1038 18 
m 0 17 
1 22 3 
2 26 9 
3 27 4 
t 1037 18 
m 1 17 
1 23 3 
2 26 8 
3 28 4 
t 1036 18 
m 2 17 
1 22 3 
2 26 7 
3 27 4 
t 1035 18 
m 1 17 
1 23 3 
2 26 8 
3 28 4 
t 1034 18 
m 2 17 
1 23 4 
2 26 9 
3 27 4 
t 1033 18 
m 1 17 
1 23 3 
2 26 8 
3 26 4 
t 1032 18 
m 2 17 
1 23 4 
2 26 9 
3 27 4 
t 1031 18 
m 2 17 
1 23 5 
2 26 8 
3 27 3 
t 1030 18 
m 2 17 
1 23 4 
2 27 8 
3 27 2 
t 1029 18 
m 1 17 
1 24 4 
2 28 8 
3 27 3 
t 1028 18 
m 2 17 
1 23 4 
2 27 8 
3 27 4 
t 1027 18 
m 2 17 
1 23 3 
2 26 8 
3 28 4 
t 1026 18 
m 2 17 
1 23 2 
2 26 9 
3 27 4 
t 1025 18 
m 3 17 
1 23 1 
2 26 10 
3 26 4 
t 1024 18 
m 2 17 
1 22 1 
2 26 9 
3 27 4 
t 1023 18 
m 1 17 
1 21 1 
2 26 8 
3 28 4 
t 1022 18 
f 11 19 
m 1 17 
1 20 1 
2 26 7 
3 28 5 
t 1021 18 
m 2 17 
1 20 2 
2 26 6 
3 28 4 
t 1020 18 
m 2 17 
1 20 3 
2 27 6 
3 28 5 
t 1019 18 
m 1 17 
1 21 3 
2 28 6 
3 28 4 
t 1018 18 
m 1 17 
1 22 3 
2 28 5 
3 28 5 
t 1017 18 
m 2 17 
1 21 3 
2 28 6 
3 28 6 
t 1016 18 
m 3 17 
1 21 4 
2 27 6 
3 28 5 
t 1015 18 
m 4 17 
1 21 3 
2 28 6 
3 28 4 
t 1014 18 
m 5 17 
1 21 4 
2 29 6 
3 28 5 
t 1013 18 
m 6 17 
1 21 5 
2 30 6 
3 28 6 
t 1012 18 
m 6 18 
1 21 6 
2 29 6 
3 29 6 
t 1011 18 
m 6 18 
1 21 5 
2 28 6 
3 28 6 
t 1010 18 
m 6 19 
1 21 6 
2 29 6 
3 27 6 
t 1009 18 
m 5 19 
1 21 7 
2 28 6 
3 28 6 
t 1008 18 
m 5 19 
1 21 6 
2 27 6 
3 27 6 
t 1007 18 
m 6 19 
1 21 5 
2 28 6 
3 26 6 
t 1006 18 
m 6 18 
1 21 6 
2 29 6 
3 27 6 
t 1005 18 
m 6 19 
1 21 5 
2 28 6 
3 26 6 
t 1004 18 
m 6 19 
1 21 6 
2 27 6 
3 26 5 
t 1003 18 
m 5 19 
1 21 7 
2 28 6 
3 26 6 
t 1002 18 
m 6 19 
1 21 6 
2 29 6 
3 27 6 
t 1001 18 
m 5 19 
1 21 7 
2 28 6 
3 26 6 
t 1000 18 
m 6 19 
1 21 6 
2 29 6 
3 27 6 
t 999 18 
m 6 19 
1 21 7 
2 30 6 
3 28 6 
t 998 18 
m 6 19 
1 21 8 
2 31 6 
3 29 6 
t 997 18 
m 7 19 
1 21 7 
2 30 6 
3 28 6 
t 996 18 
m 8 19 
1 21 8 
2 29 6 
3 29 6 
t 995 19 
m 8 19 
1 21 7 
2 30 6 
3 30 6 
t 994 19 
m 8 18 
1 21 6 
2 31 6 
3 29 6 
t 993 19 
m 8 19 
1 21 7 
2 30 6 
3 28 6 
t 992 19 
m 8 19 
1 21 6 
2 29 6 
3 27 6 
t 991 19 
m 8 18 
1 21 5 
2 30 6 
3 26 6 
t 990 19 
m 8 18 
1 21 4 
2 31 6 
3 26 7 
t 989 19 
m 8 17 
1 21 3 
2 31 7 
3 26 6 
t 988 20 
m 7 17 
1 22 3 
2 31 6 
3 27 6 
t 987 21 
m 7 16 
1 23 3 
2 30 6 
3 26 6 
t 986 21 
m 7 17 
1 22 3 
2 31 6 
3 26 5 
t 985 21 
m 8 17 
1 23 3 
2 30 6 
3 26 4 
t 984 21 
m 8 17 
1 22 3 
2 29 6 
3 27 4 
t 983 21 
m 8 17 
1 23 3 
2 28 6 
3 27 3 
t 982 21 
m 8 17 
1 23 2 
2 29 6 
3 27 2 
t 981 21 
m 8 17 
1 23 1 
2 28 6 
3 27 1 
t 980 21 
m 8 17 
1 23 2 
2 27 6 
3 27 2 
t 979 21 
m 8 18 
1 23 1 
2 28 6 
3 27 1 
t 978 21 
m 8 18 
1 22 1 
2 27 6 
3 27 0 
t 977 21 
m 8 17 
1 21 1 
2 28 6 
3 27 1 
t 976 21 
m 7 17 
1 22 1 
2 27 6 
3 27 0 
t 975 21 
m 8 17 
1 23 1 
2 28 6 
3 27 1 
t 974 21 
m 8 18 
1 23 2 
2 29 6 
3 27 0 
t 973 21 
m 8 17 
1 23 3 
2 28 6 
3 26 0 
t 972 21 
m 8 17 
1 22 3 
2 27 6 
3 25 0 
t 971 21 
m 8 17 
1 21 3 
2 26 6 
3 24 0 
t 970 21 
m 7 17 
1 22 3 
2 26 5 
3 25 0 
t 969 21 
m 6 17 
1 21 3 
2 26 6 
3 26 0 
t 968 21 
m 5 17 
1 20 3 
2 26 7 
3 25 0 
t 967 21 
m 5 17 
1 21 3 
2 26 8 
3 25 1 
t 966 21 
m 6 17 
1 22 3 
2 26 7 
3 25 2 
t 965 21 
m 7 17 
1 23 3 
2 26 6 
3 25 3 
t 964 21 
m 6 17 
1 23 4 
2 26 5 
3 25 2 
t 963 21 
m 6 17 
1 24 4 
2 26 6 
3 25 1 
t 962 21 
m 5 17 
1 23 4 
2 26 7 
3 25 0 
t 961 21 
m 6 17 
1 24 4 
2 26 8 
3 24 0 
t 960 21 
m 6 17 
1 23 4 
2 26 9 
3 25 0 
t 959 21 
m 6 18 
1 23 3 
2 26 10 
3 25 1 
t 958 21 
m 6 18 
1 22 3 
2 26 11 
3 25 2 
t 957 21 
m 6 18 
1 21 3 
2 26 10 
3 25 3 
t 956 21 
m 6 19 
1 20 3 
2 26 9 
3 25 2 
t 955 21 
m 5 19 
1 21 3 
2 26 10 
3 25 3 
t 954 21 
m 5 19 
1 20 3 
2 26 9 
3 25 4 
t 953 21 
m 6 19 
1 20 2 
2 26 8 
3 24 4 
t 952 21 
m 6 19 
1 20 3 
2 27 8 
3 25 4 
t 951 21 
m 6 19 
1 20 2 
2 28 8 
3 25 3 
t 950 21 
m 7 19 
1 20 3 
2 27 8 
3 25 4 
t 949 21 
m 8 19 
1 21 3 
2 26 8 
3 25 3 
t 948 21 
m 9 19 
1 22 3 
2 26 7 
3 25 2 
t 947 21 
m 8 19 
1 23 3 
2 26 6 
3 25 3 
t 946 21 
m 8 18 
1 23 2 
2 26 5 
3 25 2 
t 945 21 
m 8 17 
1 23 3 
2 26 4 
3 25 1 
t 944 21 
m 7 17 
1 22 3 
2 25 4 
3 25 0 
t 943 21 
m 7 16 
1 23 3 
2 25 3 
3 24 0 
t 942 21 
m 7 16 
1 22 3 
2 25 4 
3 25 0 
t 941 21 
m 7 15 
1 21 3 
2 24 4 
3 24 0 
t 940 22 
m 7 15 
1 21 4 
2 23 4 
3 23 0 
t 939 22 
m 7 16 
1 21 5 
2 23 3 
3 23 1 
t 938 22 
m 7 16 
1 21 4 
2 23 4 
3 23 0 
t 937 22 
m 7 16 
1 21 5 
2 23 3 
3 24 0 
t 936 22 
m 7 16 
1 21 6 
2 23 2 
3 23 0 
t 935 22 
m 7 15 
1 21 7 
2 23 1 
3 24 0 
t 934 22 
m 7 16 
1 21 8 
2 23 2 
3 23 0 
t 933 22 
m 7 17 
1 21 9 
2 23 1 
3 23 1 
t 932 22 
m 8 17 
1 21 8 
2 23 0 
3 23 2 
t 931 22 
m 8 18 
1 21 7 
2 24 0 
3 23 3 
t 930 22 
m 8 19 
1 21 6 
2 25 0 
3 23 2 
t 929 22 
m 8 19 
1 21 7 
2 24 0 
3 23 1 
t 928 22 
m 9 19 
1 21 8 
2 23 0 
3 23 0 
t 927 22 
m 8 19 
1 21 7 
2 23 1 
3 23 1 
t 926 22 
m 8 18 
1 21 8 
2 22 1 
3 22 1 
t 925 22 
m 8 17 
1 21 9 
2 21 1 
3 21 1 
t 924 22 
m 7 17 
1 21 8 
2 22 1 
3 20 1 
t 923 22 
m 8 17 
1 21 9 
2 21 1 
3 20 2 
t 922 22 
m 8 18 
1 21 8 
2 22 1 
3 20 3 
t 921 22 
m 8 19 
1 21 9 
2 23 1 
3 20 2 
t 920 22 
m 9 19 
1 21 10 
2 23 2 
3 20 1 
t 919 22 
m 10 19 
1 20 10 
2 23 3 
3 19 1 
t 918 23 
m 10 19 
1 21 10 
2 22 3 
3 18 1 
t 917 23 
m 10 19 
1 21 9 
2 21 3 
3 18 2 
t 916 23 
m 11 19 
1 21 10 
2 21 4 
3 18 1 
t 915 33 
m 12 19 
1 21 9 
2 21 3 
3 19 1 
t 914 33 
m 13 19 
1 21 8 
2 21 4 
3 18 1 
t 913 33 
m 14 19 
1 21 9 
2 21 5 
3 19 1 
t 912 33 
m 15 19 
1 21 10 
2 21 4 
3 20 1 
t 911 34 
m 14 19 
1 21 11 
2 21 3 
3 20 2 
t 910 34 
m 13 19 
1 21 10 
2 20 3 
3 20 1 
t 909 34 
m 12 19 
1 21 9 
2 20 2 
3 19 1 
t 908 34 
m 11 19 
1 21 10 
2 20 1 
3 20 1 
t 907 34 
m 11 19 
1 21 11 
2 21 1 
3 19 1 
t 906 34 
m 10 19 
1 21 12 
2 20 1 
3 18 1 
t 905 34 
m 9 19 
1 22 12 
2 19 1 
3 18 2 
t 904 34 
m 8 19 
1 21 12 
2 20 1 
3 18 3 
t 903 34 
m 9 19 
1 21 11 
2 21 1 
3 18 2 
t 902 34 
m 9 19 
1 21 12 
2 22 1 
3 18 1 
t 901 34 
m 10 19 
1 22 12 
2 23 1 
3 19 1 
t 900 34 
m 9 19 
1 23 12 
2 23 0 
3 20 1 
t 899 34 
m 10 19 
1 23 11 
2 24 0 
3 20 2 
t 898 34 
m 11 19 
1 23 12 
2 25 0 
3 20 3 
t 897 34 
m 11 19 
1 22 12 
2 24 0 
3 21 3 
t 896 34 
m 11 19 
1 23 12 
2 25 0 
3 22 3 
t 895 34 
m 11 19 
1 24 12 
2 26 0 
3 23 3 
t 894 34 
m 12 19 
1 23 12 
2 27 0 
3 23 4 
t 893 34 
m 12 19 
1 23 11 
2 27 1 
3 23 5 
t 892 34 
m 12 19 
1 23 12 
2 27 2 
3 23 4 
t 891 34 
m 12 19 
1 22 12 
2 27 1 
3 23 5 
t 890 34 
m 12 19 
1 23 12 
2 27 2 
3 23 6 
t 889 34 
m 11 19 
1 24 12 
2 27 3 
3 23 7 
t 888 34 
m 12 19 
1 25 12 
2 27 4 
3 23 8 
t 887 34 
m 11 19 
1 24 12 
2 27 3 
3 23 7 
t 886 34 
m 10 19 
1 23 12 
2 27 2 
3 23 6 
t 885 34 
m 10 19 
1 23 11 
2 27 3 
3 23 7 
t 884 34 
m 9 19 
1 23 12 
2 27 2 
3 23 8 
t 883 34 
m 10 19 
1 22 12 
2 27 3 
3 23 7 
t 882 34 
m 11 19 
1 23 12 
2 27 2 
3 23 8 
t 881 34 
m 10 19 
1 23 11 
2 27 3 
3 23 7 
t 880 34 
m 9 19 
1 23 12 
2 27 2 
3 23 8 
t 879 34 
m 8 19 
1 23 11 
2 27 1 
3 23 9 
t 878 34 
m 7 19 
1 23 10 
2 27 2 
3 23 10 
t 877 34 
m 8 19 
1 24 10 
2 27 3 
3 23 9 
t 876 34 
m 8 19 
1 23 10 
2 27 2 
3 23 8 
t 875 34 
m 7 19 
1 23 11 
2 27 3 
3 23 9 
t 874 34 
m 7 19 
1 23 10 
2 27 4 
3 23 8 
t 873 34 
m 8 19 
1 24 10 
2 26 4 
3 23 9 
t 872 34 
m 7 19 
1 25 10 
2 27 4 
3 23 10 
t 871 34 
m 8 19 
1 24 10 
2 26 4 
3 23 9 
t 870 34 
m 7 19 
1 25 10 
2 26 5 
3 23 10 
t 869 34 
m 8 19 
1 26 10 
2 26 6 
3 24 10 
t 868 34 
m 7 19 
1 26 9 
2 26 7 
3 25 10 
t 867 34 
m 8 19 
1 26 10 
2 26 8 
3 26 10 
t 866 34 
m 7 19 
1 26 11 
2 26 7 
3 26 9 
t 865 34 
m 8 19 
1 26 10 
2 26 8 
3 26 8 
t 864 34 
m 8 18 
1 26 11 
2 27 8 
3 27 8 
t 863 34 
m 8 18 
1 26 10 
2 26 8 
3 26 8 
t 862 34 
m 8 19 
1 26 11 
2 27 8 
3 26 9 
t 861 34 
m 7 19 
1 26 12 
2 28 8 
3 26 8 
t 860 34 
m 8 19 
1 25 12 
2 29 8 
3 27 8 
t 859 34 
m 9 19 
1 26 12 
2 28 8 
3 28 8 
t 858 34 
m 9 19 
1 26 11 
2 27 8 
3 27 8 
t 857 34 
m 8 19 
1 26 10 
2 28 8 
3 26 8 
t 856 34 
m 7 19 
1 25 10 
2 27 8 
3 27 8 
t 855 34 
m 6 19 
1 26 10 
2 28 8 
3 28 8 
t 854 34 
m 6 19 
1 26 9 
2 29 8 
3 29 8 
t 853 34 
m 6 18 
1 26 10 
2 28 8 
3 28 8 
t 852 34 
m 6 18 
1 25 10 
2 29 8 
3 27 8 
t 851 34 
m 6 19 
1 26 10 
2 28 8 
3 26 8 
t 850 34 
m 6 19 
1 25 10 
2 27 8 
3 27 8 
t 849 34 
m 5 19 
1 26 10 
2 28 8 
3 28 8 
t 848 34 
m 5 19 
1 25 10 
2 27 8 
3 29 8 
t 847 34 
m 5 19 
1 26 10 
2 28 8 
3 28 8 
t 846 34 
m 5 19 
1 26 11 
2 27 8 
3 27 8 
t 845 34 
m 5 19 
1 26 12 
2 26 8 
3 26 8 
t 844 34 
m 5 19 
1 26 11 
2 26 7 
3 26 7 
t 843 34 
m 5 19 
1 26 10 
2 26 6 
3 26 6 
t 842 34 
m 4 19 
1 25 10 
2 26 5 
3 26 5 
t 841 34 
m 4 18 
1 26 10 
2 26 6 
3 26 4 
t 840 34 
m 4 18 
1 26 11 
2 27 6 
3 26 5 
t 839 34 
m 4 18 
1 26 12 
2 26 6 
3 26 4 
t 838 34 
m 4 19 
1 26 11 
2 26 5 
3 27 4 
t 837 34 
m 4 19 
1 26 10 
2 26 4 
3 28 4 
t 836 34 
m 3 19 
1 25 10 
2 27 4 
3 27 4 
t 835 34 
m 2 19 
1 24 10 
2 27 3 
3 28 4 
t 834 34 
m 3 19 
1 23 10 
2 27 2 
3 27 4 
t 833 34 
m 2 19 
1 23 9 
2 27 1 
3 28 4 
t 832 34 
m 3 19 
1 23 8 
2 27 0 
3 27 4 
t 831 34 
m 2 19 
1 23 7 
2 28 0 
3 28 4 
t 830 34 
m 2 19 
1 23 8 
2 29 0 
3 29 4 
t 829 34 
m 2 19 
1 23 9 
2 30 0 
3 30 4 
t 828 34 
f 8 7 
m 2 19 
1 23 10 
2 31 0 
3 31 4 
t 827 34 
m 1 19 
1 24 10 
2 31 1 
3 32 4 
t 826 34 
m 2 19 
1 25 10 
2 31 0 
3 31 4 
t 825 34 
m 2 19 
1 26 10 
2 30 0 
3 31 3 
t 824 34 
m 1 19 
1 26 11 
2 29 0 
3 31 2 
t 823 34 
m 1 19 
1 26 10 
2 28 0 
3 31 3 
t 822 34 
m 1 19 
1 25 10 
2 29 0 
3 31 2 
t 821 34 
m 0 19 
1 24 10 
2 30 0 
3 31 3 
t 820 34 
m 1 19 
1 23 10 
2 31 0 
3 31 2 
t 819 34 
m 1 19 
1 23 9 
2 31 1 
3 31 3 
t 818 34 
m 1 19 
1 23 10 
2 31 0 
3 31 4 
t 817 34 
m 2 19 
1 23 11 
2 32 0 
3 32 4 
t 816 34 
m 2 19 
1 23 12 
2 33 0 
3 33 4 
t 815 34 
m 2 19 
1 22 12 
2 34 0 
3 32 4 
t 814 34 
m 1 19 
1 21 12 
2 34 1 
3 33 4 
t 813 34 
m 2 19 
1 22 12 
2 34 0 
3 34 4 
t 812 34 
m 3 19 
1 21 12 
2 34 1 
3 33 4 
t 811 34 
m 3 19 
1 20 12 
2 34 2 
3 32 4 
t 810 34 
m 4 19 
1 21 12 
2 33 2 
3 33 4 
t 809 34 
m 5 19 
1 21 11 
2 32 2 
3 32 4 
t 808 34 
m 5 19 
1 21 10 
2 33 2 
3 31 4 
t 807 34 
m 5 19 
1 21 9 
2 34 2 
3 31 3 
t 806 34 
m 4 19 
1 21 10 
2 33 2 
3 31 4 
t 805 34 
m 5 19 
1 21 11 
2 32 2 
3 31 3 
t 804 34 
m 4 19 
1 21 10 
2 33 2 
3 31 4 
t 803 34 
m 5 19 
1 20 10 
2 34 2 
3 31 3 
t 802 34 
m 5 19 
1 19 10 
2 33 2 
3 31 2 
t 801 34 
m 5 19 
1 18 10 
2 34 2 
3 31 1 
t 800 34 
m 4 19 
1 17 10 
2 33 2 
3 31 2 
t 799 34 
m 5 19 
1 18 10 
2 32 2 
3 31 1 
t 798 34 
m 5 19 
1 17 10 
2 31 2 
3 31 2 
t 797 34 
m 4 19 
1 18 10 
2 32 2 
3 31 1 
t 796 34 
m 4 18 
1 19 10 
2 33 2 
3 31 0 
t 795 34 
m 4 19 
1 18 10 
2 32 2 
3 32 0 
t 794 34 
m 5 19 
1 19 10 
2 33 2 
3 33 0 
t 793 34 
m 6 19 
1 18 10 
2 32 2 
3 32 0 
t 792 34 
m 5 19 
1 17 10 
2 33 2 
3 33 0 
t 791 34 
m 6 19 
1 16 10 
2 34 2 
3 32 0 
t 790 34 
m 6 19 
1 17 10 
2 34 3 
3 33 0 
t 789 34 
m 6 18 
1 18 10 
2 34 2 
3 32 0 
t 788 34 
m 6 18 
1 19 10 
2 34 3 
3 33 0 
t 787 34 
m 6 18 
1 19 11 
2 34 2 
3 34 0 
t 786 34 
m 6 17 
1 19 12 
2 33 2 
3 33 0 
t 785 34 
m 6 17 
1 19 11 
2 34 2 
3 32 0 
t 784 34 
m 6 18 
1 19 10 
2 33 2 
3 33 0 
t 783 34 
m 6 19 
1 20 10 
2 34 2 
3 32 0 
t 782 34 
m 5 19 
1 19 10 
2 34 1 
3 33 0 
t 781 34 
m 6 19 
1 20 10 
2 34 0 
3 34 0 
t 780 34 
m 5 19 
1 19 10 
2 34 1 
3 33 0 
t 779 34 
m 4 19 
1 18 10 
2 34 0 
3 32 0 
t 778 34 
m 4 18 
1 19 10 
2 33 0 
3 31 0 
t 777 34 
m 4 17 
1 20 10 
2 32 0 
3 32 0 
t 776 34 
m 4 17 
1 19 10 
2 33 0 
3 31 0 
t 775 34 
m 3 17 
1 20 10 
2 32 0 
3 32 0 
t 774 34 
m 2 17 
1 19 10 
2 31 0 
3 33 0 
t 773 34 
m 1 17 
1 20 10 
2 31 1 
3 34 0 
t 772 34 
m 0 17 
1 19 10 
2 31 2 
3 34 1 
t 771 34 
m 1 17 
1 19 11 
2 32 2 
3 34 0 
t 770 34 
m 0 17 
1 19 12 
2 31 2 
3 33 0 
t 769 34 
m 0 17 
1 18 12 
2 31 1 
3 34 0 
t 768 34 
m 0 17 
1 17 12 
2 31 2 
3 34 1 
t 767 34 
m 0 17 
1 18 12 
2 31 3 
3 34 0 
t 766 34 
m 1 17 
1 17 12 
2 31 2 
3 34 1 
t 765 34 
m 2 17 
1 18 12 
2 31 1 
3 34 2 
t 764 34 
m 1 17 
1 19 12 
2 31 2 
3 34 3 
t 763 34 
m 2 17 
1 18 12 
2 32 2 
3 34 4 
t 762 34 
m 2 17 
1 19 12 
2 31 2 
3 33 4 
t 761 34 
m 3 17 
1 20 12 
2 31 3 
3 34 4 
t 760 34 
m 3 17 
1 21 12 
2 31 4 
3 33 4 
t 759 34 
m 2 17 
1 20 12 
2 32 4 
3 34 4 
t 758 34 
m 1 17 
1 21 12 
2 31 4 
3 33 4 
t 757 34 
m 1 17 
1 21 11 
2 30 4 
3 34 4 
t 756 34 
m 1 17 
1 21 10 
2 29 4 
3 34 3 
t 755 34 
m 0 17 
1 20 10 
2 30 4 
3 34 2 
t 754 34 
m 0 18 
1 19 10 
2 29 4 
3 34 1 
t 753 34 
m 0 18 
1 19 11 
2 30 4 
3 34 2 
t 752 34 
m 0 18 
1 19 10 
2 29 4 
3 34 3 
t 751 34 
m 0 17 
1 18 10 
2 28 4 
3 34 4 
t 750 34 
m 0 17 
1 19 10 
2 27 4 
3 33 4 
t 749 34 
m 0 17 
1 18 10 
2 28 4 
3 34 4 
t 748 34 
m 0 17 
1 19 10 
2 29 4 
3 33 4 
t 747 34 
m 0 17 
1 20 10 
2 30 4 
3 34 4 
t 746 34 
m 0 17 
1 21 10 
2 31 4 
3 33 4 
t 745 34 
m 0 17 
1 20 10 
2 31 3 
3 32 4 
t 744 34 
m 0 18 
1 21 10 
2 31 2 
3 33 4 
t 743 34 
m 0 18 
1 21 11 
2 31 1 
3 34 4 
t 742 34 
m 0 18 
1 21 12 
2 31 0 
3 33 4 
t 741 34 
m 0 19 
1 22 12 
2 31 1 
3 32 4 
t 740 34 
m 1 19 
1 21 12 
2 31 2 
3 33 4 
t 739 34 
m 0 19 
1 21 11 
2 31 3 
3 34 4 
t 738 34 
m 1 19 
1 21 12 
2 31 4 
3 33 4 
t 737 34 
m 0 19 
1 20 12 
2 30 4 
3 34 4 
t 736 34 
m 1 19 
1 21 12 
2 31 4 
3 33 4 
t 735 34 
m 0 19 
1 20 12 
2 30 4 
3 34 4 
t 734 34 
m 0 18 
1 19 12 
2 31 4 
3 34 3 
t 733 34 
m 0 17 
1 19 11 
2 31 3 
3 34 2 
t 732 34 
m 0 17 
1 19 12 
2 31 2 
3 34 1 
t 731 34 
m 1 17 
1 19 11 
2 31 1 
3 34 0 
t 730 34 
m 1 17 
1 19 12 
2 31 0 
3 33 0 
t 729 34 
m 2 17 
1 19 11 
2 32 0 
3 34 0 
t 728 34 
m 1 17 
1 19 10 
2 33 0 
3 34 1 
t 727 34 
m 2 17 
1 20 10 
2 34 0 
3 34 0 
t 726 34 
m 2 17 
1 19 10 
2 33 0 
3 33 0 
t 725 34 
m 3 17 
1 18 10 
2 32 0 
3 34 0 
t 724 34 
m 4 17 
1 19 10 
2 31 0 
3 34 1 
t 723 34 
m 4 18 
1 19 11 
2 30 0 
3 34 2 
t 722 34 
m 4 18 
1 19 10 
2 31 0 
3 33 2 
t 721 34 
m 4 18 
1 20 10 
2 30 0 
3 32 2 
t 720 34 
m 4 18 
1 21 10 
2 31 0 
3 31 2 
t 719 34 
m 4 19 
1 20 10 
2 31 1 
3 31 3 
t 718 34 
m 4 18 
1 21 10 
2 31 2 
3 31 2 
t 717 34 
m 4 17 
1 20 10 
2 31 1 
3 31 3 
t 716 34 
m 5 17 
1 19 10 
2 31 0 
3 31 4 
t 715 34 
m 4 17 
1 18 10 
2 30 0 
3 31 3 
t 714 34 
m 5 17 
1 19 10 
2 31 0 
3 31 2 
t 713 34 
m 4 17 
1 19 11 
2 31 1 
3 31 1 
t 712 34 
m 4 17 
1 19 10 
2 31 0 
3 31 0 
t 711 34 
m 4 17 
1 19 11 
2 30 0 
3 30 0 
t 710 34 
m 5 17 
1 19 10 
2 29 0 
3 29 0 
t 709 34 
m 5 17 
1 18 10 
2 28 0 
3 30 0 
t 708 34 
m 5 17 
1 17 10 
2 27 0 
3 31 0 
t 707 34 
m 4 17 
1 18 10 
2 27 1 
3 31 1 
t 706 34 
m 5 17 
1 19 10 
2 27 0 
3 31 0 
t 705 34 
m 6 17 
1 20 10 
2 27 1 
3 30 0 
t 704 34 
m 6 17 
1 19 10 
2 27 2 
3 29 0 
t 703 34 
m 7 17 
1 18 10 
2 27 3 
3 28 0 
t 702 34 
m 6 17 
1 17 10 
2 27 2 
3 27 0 
t 701 34 
m 5 17 
1 18 10 
2 27 3 
3 28 0 
t 700 34 
m 5 17 
1 19 10 
2 27 4 
3 29 0 
t 699 34 
m 4 17 
1 18 10 
2 27 3 
3 28 0 
t 698 34 
m 4 18 
1 19 10 
2 27 4 
3 27 0 
t 697 34 
m 4 19 
1 19 11 
2 26 4 
3 27 1 
t 696 34 
m 3 19 
1 19 12 
2 25 4 
3 27 2 
t 695 34 
m 3 19 
1 19 11 
2 24 4 
3 27 1 
t 694 34 
m 3 19 
1 19 10 
2 23 4 
3 27 2 
t 693 34 
m 3 19 
1 20 10 
2 24 4 
3 27 1 
t 692 34 
m 4 19 
1 21 10 
2 23 4 
3 27 2 
t 691 34 
m 4 18 
1 20 10 
2 23 3 
3 27 3 
t 690 34 
m 4 18 
1 19 10 
2 23 2 
3 27 2 
t 689 34 
m 4 19 
1 20 10 
2 23 3 
3 27 1 
t 688 34 
m 4 19 
1 21 10 
2 23 2 
3 27 2 
t 687 34 
m 3 19 
1 20 10 
2 23 3 
3 27 3 
t 686 34 
m 3 19 
1 21 10 
2 22 3 
3 27 2 
t 685 34 
m 2 19 
1 21 11 
2 21 3 
3 27 1 
t 684 34 
m 3 19 
1 21 10 
2 22 3 
3 27 2 
t 683 34 
m 3 19 
1 21 11 
2 23 3 
3 27 3 
t 682 34 
m 4 19 
1 21 12 
2 23 2 
3 27 2 
t 681 34 
m 4 19 
1 20 12 
2 23 1 
3 27 1 
t 680 34 
m 5 19 
1 19 12 
2 23 2 
3 27 2 
t 679 34 
m 6 19 
1 20 12 
2 23 1 
3 27 3 
t 678 34 
m 6 19 
1 21 12 
2 23 2 
3 27 4 
t 677 34 
m 6 18 
1 22 12 
2 23 1 
3 27 3 
t 676 34 
m 6 19 
1 21 12 
2 22 1 
3 27 4 
t 675 34 
m 5 19 
1 22 12 
2 21 1 
3 28 4 
t 674 34 
m 6 19 
1 21 12 
2 22 1 
3 27 4 
t 673 34 
m 7 19 
1 20 12 
2 21 1 
3 26 4 
t 672 34 
m 8 19 
1 19 12 
2 20 1 
3 27 4 
t 671 34 
m 7 19 
1 19 11 
2 21 1 
3 26 4 
t 670 34 
m 6 19 
1 19 12 
2 20 1 
3 27 4 
t 669 34 
m 6 19 
1 20 12 
2 19 1 
3 28 4 
t 668 34 
m 7 19 
1 19 12 
2 18 1 
3 28 5 
t 667 34 
m 6 19 
1 18 12 
2 19 1 
3 28 4 
t 666 34 
m 6 18 
1 19 12 
2 20 1 
3 29 4 
t 665 34 
m 6 18 
1 19 11 
2 19 1 
3 28 4 
t 664 34 
m 6 19 
1 19 12 
2 18 1 
3 28 5 
t 663 34 
m 7 19 
1 20 12 
2 19 1 
3 28 4 
t 662 34 
m 6 19 
1 19 12 
2 20 1 
3 29 4 
t 661 34 
m 6 18 
1 19 11 
2 20 2 
3 28 4 
t 660 34 
m 6 18 
1 19 10 
2 20 3 
3 29 4 
t 659 34 
m 6 19 
1 18 10 
2 19 3 
3 30 4 
t 658 34 
m 6 18 
1 19 10 
2 18 3 
3 29 4 
t 657 34 
m 6 19 
1 19 11 
2 17 3 
3 30 4 
t 656 34 
m 5 19 
1 19 12 
2 16 3 
3 29 4 
t 655 34 
m 5 19 
1 20 12 
2 15 3 
3 28 4 
t 654 34 
m 4 19 
1 21 12 
2 16 3 
3 29 4 
t 653 34 
m 5 19 
1 22 12 
2 16 2 
3 30 4 
t 652 34 
m 5 19 
1 23 12 
2 16 1 
3 29 4 
t 651 34 
m 4 19 
1 22 12 
2 16 2 
3 28 4 
t 650 34 
m 4 18 
1 21 12 
2 16 3 
3 28 5 
t 649 34 
m 4 19 
1 20 12 
2 16 2 
3 28 4 
t 648 34 
m 4 19 
1 19 12 
2 16 3 
3 27 4 
t 647 34 
m 4 18 
1 20 12 
2 16 2 
3 27 3 
t 646 34 
m 4 19 
1 21 12 
2 16 3 
3 27 4 
t 645 34 
m 4 18 
1 22 12 
2 17 3 
3 28 4 
t 644 34 
m 4 19 
1 21 12 
2 18 3 
3 29 4 
t 643 34 
m 4 19 
1 21 11 
2 19 3 
3 30 4 
t 642 34 
m 4 18 
1 21 10 
2 20 3 
3 29 4 
t 641 34 
m 4 18 
1 20 10 
2 19 3 
3 30 4 
t 640 34 
m 4 19 
1 21 10 
2 20 3 
3 31 4 
t 639 34 
m 3 19 
1 21 9 
2 20 2 
3 32 4 
t 638 34 
m 3 19 
1 21 10 
2 20 3 
3 31 4 
t 637 34 
m 4 19 
1 20 10 
2 19 3 
3 31 3 
t 636 34 
m 4 19 
1 21 10 
2 20 3 
3 31 4 
t 635 34 
m 5 19 
1 21 9 
2 21 3 
3 32 4 
t 634 34 
m 6 19 
1 21 8 
2 22 3 
3 31 4 
t 633 34 
m 6 18 
1 21 9 
2 21 3 
3 31 3 
t 632 34 
m 6 18 
1 21 8 
2 22 3 
3 31 2 
t 631 34 
m 6 17 
1 21 7 
2 23 3 
3 31 3 
t 630 34 
m 5 17 
1 21 8 
2 23 4 
3 31 2 
t 629 34 
m 4 17 
1 21 9 
2 23 5 
3 31 1 
t 628 34 
m 4 18 
1 21 10 
2 23 6 
3 31 0 
t 627 34 
m 4 18 
1 21 11 
2 23 7 
3 32 0 
t 626 34 
m 4 17 
1 21 10 
2 23 8 
3 31 0 
t 625 34 
m 3 17 
1 21 9 
2 23 7 
3 32 0 
t 624 34 
m 3 17 
1 21 10 
2 23 6 
3 31 0 
t 623 34 
m 3 17 
1 20 10 
2 23 7 
3 31 1 
t 622 34 
m 2 17 
1 19 10 
2 23 6 
3 31 2 
t 621 34 
m 3 17 
1 18 10 
2 23 5 
3 31 1 
t 620 34 
m 3 17 
1 19 10 
2 23 6 
3 31 0 
t 619 34 
m 3 17 
1 18 10 
2 23 7 
3 32 0 
t 618 34 
m 2 17 
1 19 10 
2 23 6 
3 31 0 
t 617 34 
m 2 17 
1 19 11 
2 23 7 
3 31 1 
t 616 34 
m 2 17 
1 19 10 
2 23 8 
3 31 2 
t 615 34 
m 3 17 
1 19 11 
2 23 7 
3 31 1 
t 614 34 
m 3 17 
1 19 12 
2 23 6 
3 31 2 
t 613 34 
m 4 17 
1 18 12 
2 23 5 
3 31 1 
t 612 34 
m 5 17 
1 17 12 
2 23 4 
3 31 2 
t 611 34 
m 5 17 
1 16 12 
2 23 3 
3 31 3 
t 610 34 
m 6 17 
1 17 12 
2 22 3 
3 31 2 
t 609 34 
m 5 17 
1 18 12 
2 23 3 
3 31 1 
t 608 34 
m 4 17 
1 17 12 
2 23 2 
3 31 0 
t 607 34 
m 5 17 
1 16 12 
2 23 3 
3 30 0 
t 606 34 
m 5 17 
1 17 12 
2 23 2 
3 31 0 
t 605 34 
m 5 17 
1 16 12 
2 23 1 
3 32 0 
t 604 34 
m 6 17 
1 15 12 
2 23 2 
3 31 0 
t 603 34 
m 5 17 
1 16 12 
2 23 3 
3 32 0 
t 602 34 
m 5 17 
1 17 12 
2 23 2 
3 33 0 
t 601 34 
m 6 17 
1 16 12 
2 23 3 
3 32 0 
t 600 34 
m 7 17 
1 17 12 
2 23 4 
3 31 0 
t 599 34 
m 6 17 
1 18 12 
2 24 4 
3 30 0 
t 598 34 
m 7 17 
1 17 12 
2 25 4 
3 31 0 
t 597 34 
m 7 17 
1 18 12 
2 26 4 
3 32 0 
t 596 34 
m 7 16 
1 17 12 
2 27 4 
3 33 0 
t 595 34 
m 7 17 
1 18 12 
2 28 4 
3 32 0 
t 594 34 
m 7 16 
1 19 12 
2 28 5 
3 31 0 
t 593 34 
m 7 16 
1 20 12 
2 28 6 
3 31 1 
t 592 34 
m 7 16 
1 19 12 
2 29 6 
3 31 0 
t 591 34 
m 7 16 
1 19 11 
2 28 6 
3 32 0 
t 590 34 
m 7 17 
1 19 12 
2 29 6 
3 31 0 
t 589 34 
m 8 17 
1 20 12 
2 28 6 
3 30 0 
t 588 34 
m 7 17 
1 21 12 
2 28 5 
3 31 0 
t 587 34 
m 8 17 
1 21 11 
2 28 6 
3 31 1 
t 586 34 
m 7 17 
1 21 12 
2 28 5 
3 31 0 
t 585 34 
m 8 17 
1 22 12 
2 28 6 
3 31 1 
t 584 34 
m 8 17 
1 23 12 
2 29 6 
3 31 2 
t 583 34 
m 8 17 
1 23 11 
2 30 6 
3 32 2 
t 582 34 
m 8 18 
1 23 12 
2 31 6 
3 31 2 
t 581 34 
m 8 18 
1 22 12 
2 31 7 
3 31 1 
t 580 34 
m 8 18 
1 21 12 
2 31 6 
3 31 0 
t 579 34 
m 8 18 
1 22 12 
2 30 6 
3 31 1 
t 578 34 
m 8 18 
1 21 12 
2 31 6 
3 31 0 
t 577 34 
m 8 17 
1 20 12 
2 30 6 
3 31 1 
t 576 34 
m 8 18 
1 19 12 
2 31 6 
3 31 2 
t 575 34 
m 8 17 
1 19 11 
2 31 7 
3 32 2 
t 574 34 
m 8 17 
1 19 10 
2 31 8 
3 31 2 
t 573 34 
m 7 17 
1 18 10 
2 31 7 
3 31 1 
t 572 34 
m 7 17 
1 17 10 
2 31 6 
3 31 0 
t 571 34 
m 8 17 
1 16 10 
2 30 6 
3 30 0 
t 570 34 
m 8 18 
1 15 10 
2 31 6 
3 31 0 
t 569 34 
m 8 17 
1 14 10 
2 30 6 
3 31 1 
t 568 34 
m 7 17 
1 13 10 
2 31 6 
3 31 0 
t 567 34 
m 8 17 
1 13 9 
2 30 6 
3 31 1 
t 566 34 
m 7 17 
1 13 8 
2 31 6 
3 31 2 
t 565 34 
m 7 16 
1 13 9 
2 31 7 
3 31 3 
t 564 34 
m 7 16 
1 13 10 
2 31 8 
3 31 2 
t 563 34 
m 7 15 
1 13 9 
2 31 7 
3 31 3 
t 562 34 
m 7 14 
1 13 8 
2 31 6 
3 31 4 
t 561 34 
m 7 14 
1 13 7 
2 31 7 
3 30 4 
t 560 34 
m 7 14 
1 13 8 
2 31 6 
3 29 4 
t 559 34 
m 7 13 
1 13 9 
2 30 6 
3 30 4 
t 558 34 
m 7 13 
1 13 10 
2 31 6 
3 29 4 
t 557 34 
m 7 12 
1 14 10 
2 30 6 
3 30 4 
t 556 35 
m 7 12 
1 15 10 
2 29 6 
3 31 4 
t 555 35 
m 7 12 
1 15 11 
2 30 6 
3 30 4 
t 554 35 
m 7 12 
1 15 12 
2 31 6 
3 31 4 
t 553 35 
m 7 13 
1 16 12 
2 30 6 
3 30 4 
t 552 35 
m 7 13 
1 15 12 
2 29 6 
3 29 4 
t 551 35 
m 7 14 
1 14 12 
2 28 6 
3 30 4 
t 550 35 
m 7 13 
1 13 12 
2 27 6 
3 29 4 
t 549 35 
m 7 12 
1 12 12 
2 26 6 
3 30 4 
t 548 35 
m 7 12 
1 13 12 
2 27 6 
3 29 4 
t 547 35 
m 8 12 
1 13 11 
2 26 6 
3 28 4 
t 546 35 
m 7 12 
1 13 12 
2 27 6 
3 28 5 
t 545 35 
m 7 12 
1 12 12 
2 26 6 
3 28 6 
t 544 35 
m 8 12 
1 13 12 
2 26 7 
3 27 6 
t 543 35 
m 7 12 
1 13 11 
2 26 6 
3 28 6 
t 542 35 
m 7 12 
1 13 10 
2 26 7 
3 29 6 
t 541 35 
m 7 13 
1 14 10 
2 26 8 
3 28 6 
t 540 35 
m 7 14 
1 15 10 
2 27 8 
3 28 5 
t 539 35 
m 7 13 
1 15 11 
2 28 8 
3 28 6 
t 538 35 
m 7 14 
1 15 12 
2 29 8 
3 28 5 
t 537 35 
m 7 15 
1 15 11 
2 30 8 
3 28 4 
t 536 35 
m 7 14 
1 15 12 
2 31 8 
3 27 4 
t 535 35 
m 7 15 
1 14 12 
2 31 7 
3 26 4 
t 534 35 
m 7 14 
1 13 12 
2 31 8 
3 27 4 
t 533 35 
m 7 14 
1 14 12 
2 30 8 
3 28 4 
t 532 35 
m 7 14 
1 13 12 
2 29 8 
3 28 5 
t 531 35 
m 7 13 
1 13 11 
2 28 8 
3 28 4 
t 530 35 
m 7 13 
1 13 10 
2 29 8 
3 28 5 
t 529 35 
m 7 13 
1 14 10 
2 28 8 
3 28 6 
t 528 35 
m 7 14 
1 13 10 
2 29 8 
3 27 6 
t 527 35 
m 7 14 
1 13 11 
2 28 8 
3 28 6 
t 526 35 
m 7 13 
1 13 10 
2 27 8 
3 27 6 
t 525 35 
m 7 14 
1 13 11 
2 28 8 
3 26 6 
t 524 35 
m 7 14 
1 13 12 
2 27 8 
3 27 6 
t 523 35 
m 7 14 
1 13 11 
2 26 8 
3 26 6 
t 522 35 
m 7 13 
1 13 10 
2 26 9 
3 26 7 
t 521 35 
m 7 12 
1 13 11 
2 26 8 
3 26 6 
t 520 35 
m 7 12 
1 13 10 
2 27 8 
3 26 5 
t 519 35 
m 7 13 
1 13 9 
2 28 8 
3 26 6 
t 518 35 
m 7 13 
1 13 8 
2 29 8 
3 26 5 
t 517 35 
m 7 12 
1 13 7 
2 30 8 
3 26 4 
t 516 35 
m 7 13 
1 13 6 
2 29 8 
3 26 5 
t 515 35 
m 7 13 
1 13 7 
2 30 8 
3 26 6 
t 514 35 
m 7 12 
1 13 6 
2 29 8 
3 26 7 
t 513 35 
m 7 13 
1 13 5 
2 28 8 
3 26 8 
t 512 35 
m 7 14 
1 13 6 
2 27 8 
3 26 7 
t 511 35 
m 7 15 
1 13 7 
2 26 8 
3 26 6 
t 510 35 
m 7 14 
1 13 6 
2 26 9 
3 26 7 
t 509 35 
m 7 13 
1 13 5 
2 26 8 
3 26 6 
t 508 35 
m 7 12 
1 13 6 
2 26 9 
3 26 5 
t 507 35 
m 7 13 
1 13 7 
2 26 8 
3 26 6 
t 506 35 
m 7 14 
1 13 6 
2 26 7 
3 26 7 
t 505 35 
m 7 14 
1 13 5 
2 26 6 
3 26 8 
t 504 35 
m 7 14 
1 13 4 
2 26 5 
3 26 9 
t 503 35 
m 7 14 
1 13 3 
2 26 4 
3 26 8 
t 502 35 
m 7 13 
1 14 3 
2 27 4 
3 26 9 
t 501 35 
m 7 12 
1 13 3 
2 28 4 
3 26 10 
t 500 35 
m 8 12 
1 14 3 
2 27 4 
3 25 10 
t 499 35 
m 8 12 
1 13 3 
2 28 4 
3 24 10 
t 498 35 
m 9 12 
1 12 3 
2 28 5 
3 25 10 
t 497 35 
m 8 12 
1 11 3 
2 28 6 
3 26 10 
t 496 35 
m 9 12 
1 11 2 
2 27 6 
3 26 11 
t 495 35 
m 10 12 
1 11 3 
2 28 6 
3 26 10 
t 494 35 
m 11 12 
1 11 2 
2 27 6 
3 26 9 
t 493 36 
m 12 12 
1 11 3 
2 28 6 
3 26 10 
t 492 36 
m 13 12 
1 11 4 
2 27 6 
3 26 9 
t 491 36 
m 12 12 
1 11 5 
2 26 6 
3 26 10 
t 490 36 
m 12 12 
1 11 6 
2 26 5 
3 26 11 
t 489 36 
m 12 12 
1 11 5 
2 26 6 
3 26 10 
t 488 36 
m 12 12 
1 11 6 
2 27 6 
3 26 11 
t 487 36 
m 12 12 
1 11 5 
2 28 6 
3 26 12 
t 486 36 
m 13 12 
1 11 6 
2 29 6 
3 27 12 
t 485 36 
m 13 11 
1 11 7 
2 30 6 
3 27 13 
t 484 36 
m 13 12 
1 11 6 
2 31 6 
3 27 12 
t 483 36 
m 13 12 
1 11 7 
2 31 7 
3 26 12 
t 482 36 
m 12 12 
1 11 8 
2 31 8 
3 26 11 
t 481 36 
m 13 12 
1 11 7 
2 30 8 
3 26 10 
t 480 36 
m 12 12 
1 11 6 
2 29 8 
3 26 9 
t 479 36 
m 12 12 
1 11 7 
2 30 8 
3 26 10 
t 478 36 
m 12 12 
1 11 6 
2 29 8 
3 26 9 
t 477 36 
m 11 12 
1 11 7 
2 30 8 
3 26 8 
t 476 36 
m 12 12 
1 11 6 
2 31 8 
3 26 7 
t 475 36 
m 13 12 
1 11 7 
2 30 8 
3 26 6 
t 474 36 
m 12 12 
1 11 8 
2 31 8 
3 27 6 
t 473 36 
m 13 12 
1 11 9 
2 31 7 
3 28 6 
t 472 36 
m 13 12 
1 11 10 
2 31 8 
3 29 6 
t 471 36 
m 12 12 
1 11 11 
2 30 8 
3 30 6 
t 470 36 
m 11 12 
1 11 10 
2 29 8 
3 29 6 
t 469 36 
m 11 12 
1 10 10 
2 30 8 
3 28 6 
t 468 36 
m 11 11 
1 9 10 
2 29 8 
3 28 5 
t 467 37 
m 11 10 
1 8 10 
2 28 8 
3 28 4 
t 466 38 
m 11 9 
1 8 9 
2 29 8 
3 28 5 
t 465 38 
m 11 8 
1 8 8 
2 28 8 
3 28 6 
t 464 39 
m 11 8 
1 7 8 
2 29 8 
3 28 5 
t 463 39 
m 11 9 
1 6 8 
2 30 8 
3 28 4 
t 462 39 
m 11 8 
1 7 8 
2 29 8 
3 27 4 
t 461 39 
m 11 8 
1 8 8 
2 28 8 
3 26 4 
t 460 39 
m 11 9 
1 8 9 
2 29 8 
3 25 4 
t 459 39 
m 11 8 
1 8 10 
2 28 8 
3 26 4 
t 458 39 
m 11 8 
1 8 11 
2 27 8 
3 27 4 
t 457 39 
m 11 9 
1 8 12 
2 26 8 
3 28 4 
t 456 39 
m 11 10 
1 9 12 
2 26 7 
3 27 4 
t 455 39 
m 11 10 
1 8 12 
2 26 8 
3 28 4 
t 454 39 
m 11 11 
1 8 11 
2 27 8 
3 29 4 
t 453 39 
m 11 11 
1 8 10 
2 26 8 
3 28 4 
t 452 39 
m 11 10 
1 8 11 
2 26 9 
3 27 4 
t 451 39 
m 11 9 
1 8 12 
2 26 8 
3 28 4 
t 450 39 
m 11 9 
1 8 11 
2 26 7 
3 28 5 
t 449 39 
m 11 8 
1 8 12 
2 26 8 
3 28 6 
t 448 39 
m 11 7 
1 8 11 
2 26 7 
3 28 5 
t 447 39 
m 11 6 
1 8 12 
2 26 6 
3 28 6 
t 446 39 
m 11 7 
1 8 11 
2 26 7 
3 27 6 
t 445 39 
m 11 6 
1 8 12 
2 26 8 
3 26 6 
t 444 39 
m 11 5 
1 8 11 
2 26 7 
3 26 5 
t 443 39 
m 11 5 
1 8 12 
2 26 8 
3 26 4 
t 442 39 
m 11 6 
1 9 12 
2 26 7 
3 25 4 
t 441 39 
m 11 5 
1 10 12 
2 26 8 
3 26 4 
t 440 39 
m 11 5 
1 11 12 
2 27 8 
3 27 4 
t 439 39 
m 11 6 
1 10 12 
2 26 8 
3 27 3 
t 438 39 
m 11 6 
1 11 12 
2 26 7 
3 27 2 
t 437 39 
m 11 6 
1 12 12 
2 26 6 
3 27 1 
t 436 39 
m 11 5 
1 11 12 
2 26 5 
3 27 0 
t 435 39 
m 11 4 
1 11 11 
2 26 6 
3 28 0 
t 434 40 
m 11 3 
1 11 12 
2 26 7 
3 29 0 
t 433 41 
m 12 3 
1 10 12 
2 26 6 
3 28 0 
t 432 42 
m 12 3 
1 11 12 
2 26 7 
3 29 0 
t 431 42 
m 11 3 
1 12 12 
2 26 6 
3 28 0 
t 430 42 
m 11 4 
1 11 12 
2 26 5 
3 27 0 
t 429 42 
m 11 3 
1 12 12 
2 26 4 
3 27 1 
t 428 42 
m 12 3 
1 13 12 
2 27 4 
3 27 0 
t 427 42 
m 12 3 
1 13 11 
2 27 3 
3 28 0 
t 426 42 
m 12 3 
1 13 12 
2 27 4 
3 29 0 
t 425 42 
m 11 3 
1 12 12 
2 26 4 
3 28 0 
t 424 42 
m 11 4 
1 11 12 
2 25 4 
3 29 0 
t 423 42 
m 11 5 
1 11 11 
2 24 4 
3 28 0 
t 422 42 
m 11 5 
1 11 12 
2 23 4 
3 29 0 
t 421 42 
m 11 5 
1 12 12 
2 23 5 
3 30 0 
t 420 42 
m 11 4 
1 11 12 
2 23 6 
3 31 0 
t 419 42 
m 11 4 
1 10 12 
2 23 7 
3 30 0 
t 418 42 
m 11 4 
1 11 12 
2 23 8 
3 31 0 
t 417 42 
m 11 3 
1 12 12 
2 23 7 
3 32 0 
t 416 42 
m 11 4 
1 11 12 
2 23 6 
3 31 0 
t 415 42 
m 10 4 
1 10 12 
2 23 5 
3 31 1 
t 414 42 
m 9 4 
1 11 12 
2 23 6 
3 31 2 
t 413 42 
m 10 4 
1 12 12 
2 23 5 
3 31 3 
t 412 42 
m 11 4 
1 13 12 
2 23 6 
3 31 4 
t 411 42 
m 11 3 
1 14 12 
2 23 7 
3 31 3 
t 410 42 
m 11 4 
1 13 12 
2 23 6 
3 31 2 
t 409 42 
m 11 5 
1 12 12 
2 23 5 
3 32 2 
t 408 42 
m 11 6 
1 11 12 
2 23 4 
3 33 2 
t 407 42 
m 11 5 
1 12 12 
2 24 4 
3 34 2 
t 406 42 
m 11 5 
1 11 12 
2 23 4 
3 33 2 
t 405 42 
m 11 6 
1 12 12 
2 23 3 
3 34 2 
t 404 42 
m 11 6 
1 13 12 
2 23 2 
3 34 1 
t 403 42 
m 11 6 
1 12 12 
2 23 3 
3 34 0 
t 402 42 
m 11 6 
1 13 12 
2 22 3 
3 33 0 
t 401 42 
m 11 7 
1 14 12 
2 21 3 
3 34 0 
t 400 42 
m 11 8 
1 13 12 
2 22 3 
3 33 0 
t 399 42 
m 11 8 
1 14 12 
2 23 3 
3 34 0 
t 398 42 
m 11 8 
1 13 12 
2 22 3 
3 33 0 
t 397 42 
m 11 8 
1 13 11 
2 23 3 
3 32 0 
t 396 42 
m 11 9 
1 13 12 
2 23 2 
3 33 0 
t 395 42 
m 11 10 
1 14 12 
2 23 3 
3 34 0 
t 394 42 
m 11 11 
1 15 12 
2 23 2 
3 34 1 
t 393 42 
m 11 12 
1 16 12 
2 23 3 
3 34 0 
t 392 42 
m 11 12 
1 17 12 
2 23 4 
3 33 0 
t 391 42 
m 12 12 
1 18 12 
2 23 3 
3 34 0 
t 390 42 
m 11 12 
1 19 12 
2 22 3 
3 34 1 
t 389 42 
m 12 12 
1 18 12 
2 21 3 
3 34 2 
t 388 42 
m 11 12 
1 19 12 
2 20 3 
3 33 2 
t 387 42 
m 11 11 
1 20 12 
2 20 2 
3 34 2 
t 386 42 
m 11 10 
1 19 12 
2 20 1 
3 33 2 
t 385 42 
m 11 11 
1 18 12 
2 20 2 
3 32 2 
t 384 42 
m 11 10 
1 19 12 
2 20 3 
3 31 2 
t 383 42 
m 10 10 
1 18 12 
2 20 2 
3 31 3 
t 382 43 
m 9 10 
1 19 12 
2 20 1 
3 31 2 
t 381 44 
m 9 10 
1 20 12 
2 21 1 
3 32 2 
t 380 44 
m 9 10 
1 21 12 
2 20 1 
3 33 2 
t 379 44 
m 10 10 
1 21 11 
2 19 1 
3 32 2 
t 378 44 
m 10 10 
1 21 12 
2 18 1 
3 33 2 
t 377 44 
m 9 10 
1 22 12 
2 18 2 
3 32 2 
t 376 44 
m 8 10 
1 23 12 
2 18 1 
3 33 2 
t 375 44 
m 8 9 
1 23 11 
2 18 2 
3 32 2 
t 374 45 
m 8 9 
1 23 12 
2 18 3 
3 31 2 
t 373 45 
m 8 8 
1 24 12 
2 17 3 
3 31 3 
t 372 45 
m 8 7 
1 23 12 
2 16 3 
3 31 2 
t 371 55 
m 8 6 
1 24 12 
2 17 3 
3 31 3 
t 370 55 
m 8 5 
1 23 12 
2 18 3 
3 31 4 
t 369 56 
m 8 5 
1 22 12 
2 18 2 
3 30 4 
t 368 56 
m 8 5 
1 23 12 
2 18 3 
3 29 4 
t 367 56 
m 8 4 
1 24 12 
2 19 3 
3 28 4 
t 366 57 
m 8 5 
1 25 12 
2 18 3 
3 27 4 
t 365 57 
m 8 5 
1 26 12 
2 17 3 
3 26 4 
t 364 57 
m 8 5 
1 26 11 
2 16 3 
3 25 4 
t 363 57 
m 8 5 
1 26 12 
2 15 3 
3 24 4 
t 362 57 
m 8 6 
1 26 11 
2 16 3 
3 25 4 
t 361 57 
m 7 6 
1 26 12 
2 17 3 
3 26 4 
t 360 57 
m 8 6 
1 27 12 
2 18 3 
3 27 4 
t 359 57 
m 8 6 
1 27 13 
2 19 3 
3 28 4 
t 358 57 
m 8 7 
1 27 12 
2 18 3 
3 29 4 
t 357 57 
f 5 17 
m 8 7 
1 27 13 
2 17 3 
3 30 4 
t 356 57 
m 8 8 
1 27 14 
2 16 3 
3 29 4 
t 355 57 
m 7 8 
1 27 13 
2 15 3 
3 30 4 
t 354 57 
m 6 8 
1 27 12 
2 16 3 
3 29 4 
t 353 57 
m 5 8 
1 27 13 
2 15 3 
3 28 4 
t 352 57 
m 4 8 
1 27 14 
2 14 3 
3 29 4 
t 351 57 
m 5 8 
1 27 13 
2 14 2 
3 28 4 
t 350 57 
m 6 8 
1 27 12 
2 14 3 
3 27 4 
t 349 57 
m 7 8 
1 26 12 
2 13 3 
3 27 3 
t 348 57 
m 7 8 
1 25 12 
2 14 3 
3 27 2 
t 347 57 
m 6 8 
1 24 12 
2 13 3 
3 27 3 
t 346 57 
m 6 8 
1 23 12 
2 12 3 
3 27 4 
t 345 57 
m 6 8 
1 22 12 
2 13 3 
3 27 3 
t 344 57 
m 5 8 
1 23 12 
2 12 3 
3 27 2 
t 343 57 
m 4 8 
1 24 12 
2 11 3 
3 27 1 
t 342 57 
m 4 8 
1 23 12 
2 11 4 
3 27 2 
t 341 57 
m 3 8 
1 22 12 
2 11 3 
3 27 1 
t 340 58 
m 3 7 
1 21 12 
2 12 3 
3 27 2 
t 339 59 
m 3 6 
1 22 12 
2 11 3 
3 27 3 
t 338 59 
m 3 7 
1 23 12 
2 11 4 
3 27 2 
t 337 59 
m 3 8 
1 22 12 
2 11 3 
3 27 3 
t 336 59 
m 3 8 
1 23 12 
2 11 4 
3 27 2 
t 335 59 
m 4 8 
1 23 11 
2 11 3 
3 27 1 
t 334 59 
m 4 8 
1 23 10 
2 11 4 
3 27 2 
t 333 59 
m 4 8 
1 24 10 
2 10 4 
3 27 1 
t 332 59 
m 3 8 
1 23 10 
2 11 4 
3 27 0 
t 331 59 
m 3 8 
1 23 9 
2 11 5 
3 27 1 
t 330 59 
m 3 8 
1 23 8 
2 11 4 
3 27 2 
t 329 59 
m 4 8 
1 23 7 
2 11 3 
3 27 1 
t 328 59 
m 3 8 
1 23 6 
2 11 4 
3 27 2 
t 327 59 
m 3 8 
1 23 5 
2 11 5 
3 27 3 
t 326 59 
m 3 8 
1 23 6 
2 11 4 
3 27 2 
t 325 59 
m 3 8 
1 23 5 
2 11 5 
3 27 1 
t 324 59 
m 3 8 
1 23 6 
2 11 4 
3 27 2 
t 323 59 
m 3 7 
1 23 7 
2 10 4 
3 27 3 
t 322 59 
m 3 8 
1 23 8 
2 11 4 
3 27 4 
t 321 59 
m 3 8 
1 23 7 
2 10 4 
3 28 4 
t 320 59 
m 3 8 
1 23 6 
2 9 4 
3 28 5 
t 319 59 
m 3 7 
1 23 5 
2 10 4 
3 28 6 
t 318 59 
m 3 8 
1 23 4 
2 11 4 
3 27 6 
t 317 59 
m 3 8 
1 23 3 
2 10 4 
3 26 6 
t 316 59 
m 3 8 
1 23 4 
2 9 4 
3 26 7 
t 315 59 
m 4 8 
1 24 4 
2 10 4 
3 26 6 
t 314 59 
m 4 8 
1 25 4 
2 11 4 
3 26 5 
t 313 59 
m 4 8 
1 25 3 
2 11 3 
3 26 6 
t 312 59 
m 5 8 
1 25 4 
2 11 4 
3 27 6 
t 311 59 
m 4 8 
1 24 4 
2 11 5 
3 28 6 
t 310 59 
m 3 8 
1 23 4 
2 11 4 
3 28 5 
t 309 59 
m 3 7 
1 23 3 
2 11 3 
3 28 6 
t 308 59 
m 3 8 
1 23 2 
2 12 3 
3 28 5 
t 307 59 
m 3 8 
1 23 1 
2 13 3 
3 28 4 
t 306 59 
m 3 8 
1 23 2 
2 14 3 
3 28 5 
t 305 59 
m 3 8 
1 23 3 
2 13 3 
3 28 6 
t 304 59 
m 4 8 
1 23 2 
2 14 3 
3 28 5 
t 303 59 
m 5 8 
1 23 3 
2 13 3 
3 28 6 
t 302 59 
m 4 8 
1 23 4 
2 14 3 
3 29 6 
t 301 59 
m 5 8 
1 23 3 
2 15 3 
3 30 6 
t 300 59 
m 4 8 
1 23 4 
2 14 3 
3 31 6 
t 299 59 
m 4 8 
1 23 3 
2 14 2 
3 30 6 
t 298 59 
m 3 8 
1 22 3 
2 14 1 
3 31 6 
t 297 59 
m 4 8 
1 23 3 
2 14 2 
3 30 6 
t 296 59 
m 5 8 
1 22 3 
2 14 1 
3 31 6 
t 295 59 
m 4 8 
1 23 3 
2 15 1 
3 31 7 
t 294 59 
m 3 8 
1 22 3 
2 14 1 
3 31 6 
t 293 59 
m 3 8 
1 21 3 
2 15 1 
3 31 7 
t 292 59 
m 3 8 
1 22 3 
2 16 1 
3 31 6 
t 291 59 
m 3 8 
1 23 3 
2 15 1 
3 31 7 
t 290 59 
m 3 7 
1 22 3 
2 14 1 
3 31 6 
t 289 59 
m 3 6 
1 21 3 
2 14 2 
3 30 6 
t 288 59 
m 3 7 
1 21 4 
2 14 3 
3 31 6 
t 287 59 
m 3 7 
1 21 5 
2 14 2 
3 30 6 
t 286 59 
m 3 8 
1 21 6 
2 14 1 
3 31 6 
t 285 59 
m 3 7 
1 21 7 
2 14 2 
3 30 6 
t 284 59 
m 3 8 
1 21 6 
2 14 1 
3 31 6 
t 283 59 
m 3 8 
1 21 7 
2 14 2 
3 31 7 
t 282 59 
m 3 8 
1 21 6 
2 14 1 
3 31 8 
t 281 59 
m 4 8 
1 21 5 
2 13 1 
3 30 8 
t 280 59 
m 4 8 
1 21 6 
2 14 1 
3 29 8 
t 279 59 
m 3 8 
1 21 5 
2 13 1 
3 30 8 
t 278 59 
m 4 8 
1 21 6 
2 12 1 
3 29 8 
t 277 59 
m 4 8 
1 21 7 
2 13 1 
3 28 8 
t 276 59 
m 4 8 
1 21 8 
2 12 1 
3 29 8 
t 275 59 
m 5 8 
1 21 9 
2 13 1 
3 30 8 
t 274 59 
m 6 8 
1 21 8 
2 14 1 
3 31 8 
t 273 59 
m 5 8 
1 21 7 
2 13 1 
3 30 8 
t 272 59 
m 4 8 
1 21 8 
2 14 1 
3 31 8 
t 271 59 
m 3 8 
1 21 9 
2 14 2 
3 30 8 
t 270 59 
m 3 8 
1 21 10 
2 14 1 
3 29 8 
t 269 59 
m 3 8 
1 21 11 
2 14 2 
3 28 8 
t 268 59 
m 3 8 
1 21 12 
2 14 1 
3 27 8 
t 267 59 
m 3 8 
1 21 11 
2 13 1 
3 26 8 
t 266 59 
m 3 7 
1 21 10 
2 12 1 
3 27 8 
t 265 59 
m 3 7 
1 21 11 
2 13 1 
3 26 8 
t 264 59 
m 3 6 
1 21 10 
2 14 1 
3 26 9 
t 263 59 
m 3 7 
1 21 9 
2 13 1 
3 26 8 
t 262 59 
m 3 8 
1 21 10 
2 12 1 
3 26 7 
t 261 59 
m 4 8 
1 20 10 
2 11 1 
3 26 6 
t 260 59 
m 5 8 
1 19 10 
2 12 1 
3 27 6 
t 259 59 
m 5 8 
1 20 10 
2 13 1 
3 28 6 
t 258 59 
m 4 8 
1 21 10 
2 12 1 
3 28 5 
t 257 59 
m 3 8 
1 20 10 
2 11 1 
3 28 4 
t 256 59 
m 3 7 
1 19 10 
2 11 2 
3 29 4 
t 255 59 
m 3 8 
1 18 10 
2 11 3 
3 28 4 
t 254 59 
m 3 7 
1 17 10 
2 11 2 
3 27 4 
t 253 59 
m 3 8 
1 16 10 
2 11 3 
3 28 4 
t 252 59 
m 3 8 
1 17 10 
2 12 3 
3 27 4 
t 251 59 
m 3 7 
1 16 10 
2 13 3 
3 28 4 
t 250 59 
m 3 8 
1 17 10 
2 13 4 
3 27 4 
t 249 59 
m 4 8 
1 16 10 
2 13 5 
3 28 4 
t 248 59 
m 4 8 
1 15 10 
2 13 6 
3 28 5 
t 247 59 
m 4 8 
1 14 10 
2 13 5 
3 28 4 
t 246 59 
m 3 8 
1 13 10 
2 13 4 
3 29 4 
t 245 59 
m 3 8 
1 13 11 
2 13 3 
3 30 4 
t 244 59 
m 3 8 
1 13 10 
2 12 3 
3 31 4 
t 243 59 
m 3 7 
1 14 10 
2 13 3 
3 31 3 
t 242 59 
m 3 8 
1 13 10 
2 13 4 
3 31 2 
t 241 59 
m 4 8 
1 14 10 
2 13 3 
3 32 2 
t 240 59 
m 5 8 
1 13 10 
2 13 4 
3 33 2 
t 239 59 
m 5 8 
1 13 9 
2 13 3 
3 34 2 
t 238 59 
m 4 8 
1 13 10 
2 13 4 
3 33 2 
t 237 59 
m 4 8 
1 13 11 
2 13 3 
3 32 2 
t 236 59 
m 4 8 
1 13 12 
2 14 3 
3 33 2 
t 235 59 
m 3 8 
1 14 12 
2 15 3 
3 32 2 
t 234 59 
m 3 8 
1 13 12 
2 16 3 
3 33 2 
t 233 59 
m 3 7 
1 14 12 
2 17 3 
3 32 2 
t 232 59 
m 3 8 
1 13 12 
2 16 3 
3 33 2 
t 231 59 
m 3 8 
1 13 11 
2 16 2 
3 34 2 
t 230 59 
m 3 8 
1 13 12 
2 16 3 
3 34 3 
t 229 59 
m 3 8 
1 12 12 
2 16 2 
3 34 2 
t 228 59 
m 3 7 
1 11 12 
2 16 1 
3 34 3 
t 227 59 
m 3 8 
1 12 12 
2 16 2 
3 34 2 
t 226 59 
m 4 8 
1 11 12 
2 16 3 
3 34 1 
t 225 59 
m 4 8 
1 10 12 
2 17 3 
3 34 0 
t 224 59 
m 4 8 
1 9 12 
2 18 3 
3 33 0 
t 223 59 
m 3 8 
1 10 12 
2 17 3 
3 34 0 
t 222 59 
m 3 7 
1 9 12 
2 18 3 
3 34 1 
t 221 59 
m 3 8 
1 10 12 
2 18 2 
3 34 0 
t 220 59 
m 4 8 
1 9 12 
2 18 1 
3 34 1 
t 219 59 
m 3 8 
1 10 12 
2 18 2 
3 34 2 
t 218 59 
m 4 8 
1 9 12 
2 18 1 
3 33 2 
t 217 59 
m 3 8 
1 8 12 
2 18 2 
3 32 2 
t 216 59 
m 3 8 
1 7 12 
2 18 1 
3 33 2 
t 215 59 
m 3 8 
1 7 13 
2 18 2 
3 32 2 
t 214 59 
m 4 8 
1 7 14 
2 18 3 
3 31 2 
t 213 59 
m 3 8 
1 7 15 
2 18 2 
3 31 3 
t 212 59 
m 4 8 
1 7 14 
2 18 1 
3 31 4 
t 211 59 
m 5 8 
1 7 15 
2 19 1 
3 32 4 
t 210 59 
m 5 8 
1 7 16 
2 20 1 
3 33 4 
t 209 59 
m 5 8 
1 7 17 
2 20 2 
3 32 4 
t 208 59 
m 6 8 
1 6 17 
2 20 3 
3 31 4 
t 207 59 
m 7 8 
1 6 18 
2 19 3 
3 32 4 
t 206 59 
m 8 8 
1 6 17 
2 20 3 
3 33 4 
t 205 59 
m 8 8 
1 6 18 
2 21 3 
3 32 4 
t 204 59 
m 8 9 
1 6 19 
2 20 3 
3 33 4 
t 203 59 
m 8 10 
1 6 18 
2 20 2 
3 32 4 
t 202 59 
m 8 9 
1 6 19 
2 20 1 
3 33 4 
t 201 59 
m 8 8 
1 7 19 
2 21 1 
3 32 4 
t 200 59 
m 8 9 
1 6 19 
2 20 1 
3 33 4 
t 199 59 
m 8 9 
1 5 19 
2 20 2 
3 32 4 
t 198 59 
m 8 9 
1 4 19 
2 20 1 
3 33 4 
t 197 59 
m 8 10 
1 5 19 
2 21 1 
3 34 4 
t 196 59 
m 8 11 
1 6 19 
2 22 1 
3 34 3 
t 195 59 
m 8 12 
1 6 18 
2 23 1 
3 34 4 
t 194 59 
m 7 12 
1 6 19 
2 23 0 
3 33 4 
t 193 59 
m 8 12 
1 5 19 
2 23 1 
3 32 4 
t 192 59 
m 7 12 
1 6 19 
2 22 1 
3 33 4 
t 191 59 
m 7 13 
1 5 19 
2 23 1 
3 34 4 
t 190 59 
m 7 12 
1 6 19 
2 23 0 
3 33 4 
t 189 59 
m 7 12 
1 5 19 
2 23 1 
3 34 4 
t 188 59 
m 7 13 
1 4 19 
2 23 2 
3 33 4 
t 187 59 
m 7 13 
1 4 18 
2 23 3 
3 34 4 
t 186 59 
m 7 12 
1 4 19 
2 22 3 
3 34 3 
t 185 59 
m 7 13 
1 3 19 
2 21 3 
3 34 2 
t 184 59 
m 7 14 
1 4 19 
2 20 3 
3 33 2 
t 183 59 
m 7 15 
1 5 19 
2 19 3 
3 32 2 
t 182 59 
m 7 15 
1 6 19 
2 18 3 
3 31 2 
t 181 59 
m 7 15 
1 5 19 
2 17 3 
3 32 2 
t 180 59 
m 7 16 
1 6 19 
2 16 3 
3 33 2 
t 179 59 
m 7 16 
1 7 19 
2 17 3 
3 32 2 
t 178 59 
m 7 16 
1 6 19 
2 16 3 
3 31 2 
t 177 59 
m 7 17 
1 6 18 
2 17 3 
3 31 3 
t 176 59 
m 7 16 
1 6 19 
2 18 3 
3 31 4 
t 175 59 
m 7 17 
1 7 19 
2 19 3 
3 32 4 
t 174 59 
m 7 17 
1 6 19 
2 20 3 
3 33 4 
t 173 59 
m 6 17 
1 5 19 
2 19 3 
3 34 4 
t 172 59 
m 7 17 
1 6 19 
2 20 3 
3 33 4 
t 171 59 
m 6 17 
1 5 19 
2 19 3 
3 34 4 
t 170 59 
m 5 17 
1 4 19 
2 20 3 
3 33 4 
t 169 69 
m 6 17 
1 4 18 
2 20 2 
3 32 4 
t 168 69 
m 7 17 
1 4 17 
2 20 1 
3 33 4 
t 167 69 
m 8 17 
1 3 17 
2 19 1 
3 32 4 
t 166 69 
m 8 18 
1 2 17 
2 18 1 
3 31 4 
t 165 69 
m 8 18 
1 3 17 
2 18 2 
3 32 4 
t 164 69 
m 8 18 
1 4 17 
2 18 1 
3 31 4 
t 163 69 
m 8 17 
1 3 17 
2 19 1 
3 31 3 
t 162 69 
m 8 17 
1 2 17 
2 20 1 
3 31 2 
t 161 69 
m 8 18 
1 1 17 
2 20 2 
3 31 1 
t 160 69 
m 8 17 
1 2 17 
2 20 3 
3 31 0 
t 159 69 
m 8 17 
1 1 17 
2 21 3 
3 30 0 
t 158 69 
f 13 11 
m 8 17 
1 0 17 
2 20 3 
3 29 0 
t 157 69 
m 8 18 
1 1 17 
2 20 2 
3 30 0 
t 156 69 
m 8 17 
1 2 17 
2 20 1 
3 31 0 
t 155 69 
m 8 17 
1 1 17 
2 21 1 
3 32 0 
t 154 69 
m 7 17 
1 0 17 
2 22 1 
3 33 0 
t 153 69 
m 7 16 
1 0 18 
2 23 1 
3 34 0 
t 152 69 
m 7 15 
1 0 19 
2 23 0 
3 34 1 
t 151 69 
m 7 14 
1 0 18 
2 23 1 
3 34 0 
t 150 69 
m 7 14 
1 0 17 
2 23 2 
3 34 1 
t 149 69 
m 7 15 
1 0 18 
2 23 3 
3 34 2 
t 148 69 
m 7 15 
1 0 19 
2 23 2 
3 34 3 
t 147 69 
m 7 14 
1 1 19 
2 23 3 
3 34 2 
t 146 69 
m 7 14 
1 0 19 
2 23 4 
3 33 2 
t 145 69 
m 7 14 
1 1 19 
2 24 4 
3 32 2 
t 144 69 
m 7 14 
1 0 19 
2 23 4 
3 31 2 
t 143 69 
m 7 15 
1 0 18 
2 24 4 
3 32 2 
t 142 69 
m 7 14 
1 0 17 
2 23 4 
3 31 2 
t 141 69 
m 7 14 
1 0 18 
2 23 5 
3 32 2 
t 140 69 
m 7 14 
1 0 19 
2 23 4 
3 33 2 
t 139 69 
m 7 14 
1 0 18 
2 23 5 
3 32 2 
t 138 69 
m 7 13 
1 0 17 
2 23 6 
3 31 2 
t 137 69 
m 7 14 
1 0 18 
2 23 7 
3 32 2 
t 136 69 
m 7 14 
1 0 17 
2 23 8 
3 33 2 
t 135 69 
m 7 14 
1 0 18 
2 23 7 
3 32 2 
t 134 69 
m 7 15 
1 0 19 
2 23 6 
3 33 2 
t 133 69 
m 7 14 
1 1 19 
2 23 7 
3 32 2 
t 132 69 
m 7 14 
1 2 19 
2 23 8 
3 31 2 
t 131 69 
m 7 13 
1 1 19 
2 23 9 
3 31 3 
t 130 69 
m 7 12 
1 0 19 
2 23 10 
3 31 4 
t 129 69 
m 8 12 
1 0 18 
2 24 10 
3 31 3 
t 128 69 
m 9 12 
1 0 17 
2 23 10 
3 31 2 
t 127 69 
m 8 12 
1 0 18 
2 23 9 
3 31 1 
t 126 69 
m 8 11 
1 0 19 
2 23 10 
3 31 2 
t 125 69 
m 8 11 
1 1 19 
2 23 11 
3 32 2 
t 124 69 
m 8 12 
1 2 19 
2 23 12 
3 33 2 
t 123 69 
m 9 12 
1 3 19 
2 22 12 
3 34 2 
t 122 69 
m 9 12 
1 4 19 
2 23 12 
3 33 2 
t 121 69 
m 10 12 
1 3 19 
2 24 12 
3 32 2 
t 120 69 
m 10 12 
1 4 19 
2 25 12 
3 33 2 
t 119 69 
m 11 12 
1 4 18 
2 26 12 
3 34 2 
t 118 69 
m 11 12 
1 4 17 
2 25 12 
3 34 3 
t 117 69 
m 11 12 
1 3 17 
2 24 12 
3 34 2 
t 116 69 
m 12 12 
1 4 17 
2 25 12 
3 34 1 
t 115 69 
m 13 12 
1 5 17 
2 24 12 
3 34 2 
t 114 69 
m 12 12 
1 4 17 
2 25 12 
3 34 3 
t 113 69 
m 11 12 
1 5 17 
2 26 12 
3 34 2 
t 112 69 
m 11 11 
1 4 17 
2 26 11 
3 33 2 
t 111 69 
m 11 10 
1 4 18 
2 26 10 
3 32 2 
t 110 69 
m 11 10 
1 4 19 
2 26 11 
3 31 2 
t 109 69 
m 11 11 
1 3 19 
2 26 12 
3 31 1 
t 108 69 
m 11 12 
1 2 19 
2 25 12 
3 31 0 
t 107 69 
m 12 12 
1 3 19 
2 24 12 
3 32 0 
t 106 69 
m 13 12 
1 4 19 
2 25 12 
3 31 0 
t 105 69 
m 13 11 
1 4 18 
2 24 12 
3 30 0 
t 104 79 
m 13 10 
1 4 19 
2 23 12 
3 31 0 
t 103 79 
m 13 10 
1 4 18 
2 24 12 
3 30 0 
t 102 79 
m 13 10 
1 4 17 
2 23 12 
3 29 0 
t 101 79 
m 13 9 
1 3 17 
2 23 11 
3 30 0 
t 100 80 
m 13 8 
1 2 17 
2 23 10 
3 31 0 
t 99 80 
m 13 7 
1 1 17 
2 23 9 
3 32 0 
t 98 80 
m 13 7 
1 0 17 
2 23 8 
3 33 0 
t 97 80 
m 13 6 
1 0 18 
2 23 9 
3 32 0 
t 96 81 
m 13 7 
1 0 17 
2 23 8 
3 33 0 
t 95 81 
m 13 7 
1 1 17 
2 23 9 
3 32 0 
t 94 81 
m 13 7 
1 2 17 
2 23 8 
3 33 0 
t 93 81 
m 13 8 
1 1 17 
2 23 9 
3 32 0 
t 92 81 
m 13 7 
1 2 17 
2 23 8 
3 31 0 
t 91 81 
m 13 6 
1 1 17 
2 23 9 
3 31 1 
t 90 81 
m 13 7 
1 0 17 
2 23 10 
3 31 2 
t 89 81 
m 13 8 
1 0 18 
2 23 11 
3 31 3 
t 88 81 
m 13 7 
1 0 17 
2 23 12 
3 31 4 
t 87 81 
f 14 1 
m 13 6 
1 1 17 
2 24 12 
3 32 4 
t 86 81 
m 13 6 
1 2 17 
2 25 12 
3 33 4 
t 85 81 
m 13 7 
1 1 17 
2 24 12 
3 32 4 
t 84 81 
m 13 6 
1 0 17 
2 25 12 
3 33 4 
t 83 81 
m 13 6 
1 0 18 
2 26 12 
3 32 4 
t 82 81 
m 13 5 
1 0 19 
2 27 12 
3 31 4 
t 81 82 
m 13 4 
1 0 18 
2 26 12 
3 32 4 
t 80 82 
m 13 4 
1 0 19 
2 25 12 
3 31 4 
t 79 82 
m 13 5 
1 0 18 
2 24 12 
3 30 4 
t 78 82 
m 13 4 
1 0 17 
2 23 12 
3 29 4 
t 77 82 
m 13 4 
1 1 17 
2 22 12 
3 28 4 
t 76 82 
m 13 3 
1 0 17 
2 23 12 
3 28 5 
t 75 83 
m 12 3 
1 0 18 
2 24 12 
3 28 6 
t 74 83 
m 13 3 
1 0 17 
2 23 12 
3 29 6 
t 73 83 
m 13 3 
1 1 17 
2 23 11 
3 28 6 
t 72 83 
m 13 4 
1 2 17 
2 23 12 
3 28 5 
t 71 83 
m 13 3 
1 3 17 
2 24 12 
3 28 6 
t 70 83 
m 14 3 
1 4 17 
2 23 12 
3 27 6 
t 69 83 
m 14 2 
1 3 17 
2 24 12 
3 28 6 
t 68 84 
m 14 1 
1 2 17 
2 23 12 
3 27 6 
t 67 94 
m 14 1 
1 3 17 
2 24 12 
3 28 6 
t 66 94 
m 15 1 
1 4 17 
2 25 12 
3 27 6 
t 65 95 
m 15 1 
1 4 18 
2 24 12 
3 26 6 
t 64 95 
m 16 1 
1 4 17 
2 23 12 
3 26 5 
t 63 95 
f 24 10 
m 15 1 
1 5 17 
2 24 12 
3 26 6 
t 62 95 
m 15 1 
1 4 17 
2 23 12 
3 26 5 
t 61 95 
m 16 1 
1 5 17 
2 24 12 
3 26 4 
t 60 95 
m 16 2 
1 6 17 
2 25 12 
3 26 5 
t 59 95 
m 16 2 
1 5 17 
2 24 12 
3 26 6 
t 58 95 
m 16 2 
1 6 17 
2 23 12 
3 27 6 
t 57 95 
m 16 1 
1 7 17 
2 24 12 
3 28 6 
t 56 95 
m 16 1 
1 8 17 
2 25 12 
3 28 5 
t 55 95 
m 15 1 
1 8 18 
2 24 12 
3 28 4 
t 54 95 
m 16 1 
1 8 17 
2 23 12 
3 28 5 
t 53 95 
m 16 1 
1 7 17 
2 22 12 
3 28 6 
t 52 95 
m 15 1 
1 6 17 
2 21 12 
3 28 5 
t 51 95 
m 15 1 
1 7 17 
2 22 12 
3 28 6 
t 50 95 
m 16 1 
1 6 17 
2 23 12 
3 29 6 
t 49 95 
m 15 1 
1 5 17 
2 24 12 
3 30 6 
t 48 95 
m 15 1 
1 4 17 
2 25 12 
3 31 6 
t 47 95 
m 16 1 
1 4 18 
2 24 12 
3 30 6 
t 46 95 
m 16 1 
1 4 17 
2 23 12 
3 31 6 
t 45 95 
m 16 1 
1 3 17 
2 22 12 
3 31 7 
t 44 95 
m 16 1 
1 4 17 
2 21 12 
3 31 6 
t 43 95 
m 16 1 
1 4 18 
2 21 11 
3 30 6 
t 42 95 
m 16 2 
1 4 19 
2 21 10 
3 29 6 
t 41 95 
m 16 3 
1 4 18 
2 20 10 
3 28 6 
t 40 95 
m 17 3 
1 4 17 
2 19 10 
3 28 5 
t 39 96 
m 17 3 
1 5 17 
2 19 11 
3 28 4 
t 38 96 
m 18 3 
1 4 17 
2 19 10 
3 28 5 
t 37 96 
m 18 3 
1 5 17 
2 20 10 
3 28 4 
t 36 96 
m 18 3 
1 4 17 
2 19 10 
3 28 5 
t 35 96 
m 18 2 
1 3 17 
2 19 11 
3 28 6 
t 34 97 
m 18 1 
1 4 17 
2 19 10 
3 28 5 
t 33 97 
m 18 2 
1 5 17 
2 19 11 
3 28 4 
t 32 97 
m 18 3 
1 4 17 
2 19 10 
3 27 4 
t 31 97 
m 18 3 
1 4 18 
2 18 10 
3 27 3 
t 30 97 
m 18 2 
1 4 19 
2 17 10 
3 27 2 
t 29 97 
m 18 1 
1 4 18 
2 18 10 
3 27 3 
t 28 97 
m 18 1 
1 4 19 
2 19 10 
3 27 4 
t 27 97 
m 18 2 
1 5 19 
2 19 11 
3 26 4 
t 26 97 
m 18 3 
1 4 19 
2 19 12 
3 26 5 
t 25 97 
m 17 3 
1 5 19 
2 18 12 
3 26 6 
t 24 97 
m 16 3 
1 4 19 
2 17 12 
3 26 7 
t 23 97 
m 16 3 
1 5 19 
2 16 12 
3 26 8 
t 22 97 
m 16 2 
1 6 19 
2 15 12 
3 27 8 
t 21 97 
m 16 3 
1 5 19 
2 15 11 
3 28 8 
t 20 97 
m 15 3 
1 4 19 
2 15 10 
3 29 8 
t 19 98 
m 16 3 
1 4 18 
2 14 10 
3 28 8 
t 18 98 
m 16 2 
1 4 19 
2 15 10 
3 27 8 
t 17 98 
m 16 2 
1 3 19 
2 14 10 
3 26 8 
t 16 98 
m 16 3 
1 4 19 
2 15 10 
3 27 8 
t 15 98 
m 16 3 
1 4 18 
2 16 10 
3 28 8 
t 14 98 
m 16 3 
1 4 19 
2 15 10 
3 27 8 
t 13 98 
m 15 3 
1 3 19 
2 14 10 
3 28 8 
t 12 98 
m 14 3 
1 4 19 
2 13 10 
3 29 8 
t 11 98 
m 15 3 
1 4 18 
2 13 11 
3 28 8 
t 10 98 
m 14 3 
1 4 17 
2 13 12 
3 27 8 
t 9 98 
m 13 3 
1 5 17 
2 14 12 
3 26 8 
t 8 98 
m 13 3 
1 6 17 
2 13 12 
3 27 8 
t 7 98 
m 13 3 
1 7 17 
2 12 12 
3 26 8 
t 6 98 
m 14 3 
1 8 17 
2 11 12 
3 27 8 
t 5 98 
m 15 3 
1 7 17 
2 11 11 
3 26 8 
t 4 98 
m 16 3 
1 6 17 
2 11 10 
3 26 9 
t 3 98 
m 17 3 
1 5 17 
2 11 9 
3 26 10 
t 2 98 
m 17 3 
1 4 17 
2 11 10 
3 26 11 
t 1 98 
