35
20
m 0 19 
1 34 0 
2 34 0 
3 34 0 
w 9 19 
w 10 19 
w 11 19 
w 23 19 
w 24 19 
w 25 19 
w 1 18 
w 2 18 
w 3 18 
w 4 18 
w 5 18 
w 6 18 
w 7 18 
w 14 18 
w 15 18 
w 16 18 
w 17 18 
w 18 18 
w 19 18 
w 20 18 
w 27 18 
w 28 18 
w 29 18 
w 30 18 
w 31 18 
w 32 18 
w 33 18 
w 1 17 
w 2 17 
w 3 17 
w 4 17 
w 5 17 
w 6 17 
w 7 17 
w 9 17 
w 10 17 
w 11 17 
w 12 17 
w 14 17 
w 15 17 
w 16 17 
w 17 17 
w 18 17 
w 19 17 
w 20 17 
w 22 17 
w 23 17 
w 24 17 
w 25 17 
w 27 17 
w 28 17 
w 29 17 
w 30 17 
w 31 17 
w 32 17 
w 33 17 
w 1 16 
w 2 16 
w 3 16 
w 4 16 
w 5 16 
w 6 16 
w 7 16 
w 27 16 
w 28 16 
w 29 16 
w 30 16 
w 31 16 
w 32 16 
w 33 16 
w 8 15 
w 9 15 
w 10 15 
w 11 15 
w 12 15 
w 13 15 
w 14 15 
w 15 15 
w 16 15 
w 17 15 
w 18 15 
w 19 15 
w 20 15 
w 21 15 
w 22 15 
w 23 15 
w 24 15 
w 25 15 
w 26 15 
w 1 14 
w 2 14 
w 4 14 
w 5 14 
w 6 14 
w 8 14 
w 9 14 
w 10 14 
w 11 14 
w 12 14 
w 13 14 
w 14 14 
w 15 14 
w 16 14 
w 17 14 
w 18 14 
w 19 14 
w 20 14 
w 21 14 
w 22 14 
w 23 14 
w 24 14 
w 25 14 
w 26 14 
w 28 14 
w 29 14 
w 30 14 
w 32 14 
w 33 14 
w 1 13 
w 2 13 
w 4 13 
w 5 13 
w 6 13 
w 8 13 
w 9 13 
w 10 13 
w 11 13 
w 12 13 
w 13 13 
w 14 13 
w 15 13 
w 16 13 
w 17 13 
w 18 13 
w 19 13 
w 20 13 
w 21 13 
w 22 13 
w 23 13 
w 24 13 
w 25 13 
w 26 13 
w 28 13 
w 29 13 
w 30 13 
w 32 13 
w 33 13 
w 1 12 
w 2 12 
w 4 12 
w 5 12 
w 6 12 
w 8 12 
w 9 12 
w 10 12 
w 11 12 
w 12 12 
w 13 12 
w 14 12 
w 15 12 
w 16 12 
w 17 12 
w 18 12 
w 19 12 
w 20 12 
w 21 12 
w 22 12 
w 23 12 
w 24 12 
w 25 12 
w 26 12 
w 28 12 
w 29 12 
w 30 12 
w 32 12 
w 33 12 
w 1 11 
w 2 11 
w 4 11 
w 5 11 
w 6 11 
w 11 11 
w 12 11 
w 13 11 
w 14 11 
w 15 11 
w 16 11 
w 17 11 
w 18 11 
w 19 11 
w 20 11 
w 21 11 
w 22 11 
w 23 11 
w 28 11 
w 29 11 
w 30 11 
w 32 11 
w 33 11 
w 6 10 
w 7 10 
w 8 10 
w 9 10 
w 11 10 
w 12 10 
w 13 10 
w 14 10 
w 15 10 
w 16 10 
w 17 10 
w 18 10 
w 19 10 
w 20 10 
w 21 10 
w 22 10 
w 23 10 
w 25 10 
w 26 10 
w 27 10 
w 28 10 
w 0 9 
w 1 9 
w 2 9 
w 3 9 
w 4 9 
w 6 9 
w 7 9 
w 8 9 
w 9 9 
w 11 9 
w 12 9 
w 13 9 
w 14 9 
w 15 9 
w 16 9 
w 17 9 
w 18 9 
w 19 9 
w 20 9 
w 21 9 
w 22 9 
w 23 9 
w 25 9 
w 26 9 
w 27 9 
w 28 9 
w 30 9 
w 31 9 
w 32 9 
w 33 9 
w 34 9 
w 0 8 
w 1 8 
w 2 8 
w 3 8 
w 4 8 
w 6 8 
w 7 8 
w 8 8 
w 9 8 
w 11 8 
w 12 8 
w 13 8 
w 14 8 
w 15 8 
w 16 8 
w 17 8 
w 18 8 
w 19 8 
w 20 8 
w 21 8 
w 22 8 
w 23 8 
w 25 8 
w 26 8 
w 27 8 
w 28 8 
w 30 8 
w 31 8 
w 32 8 
w 33 8 
w 34 8 
w 0 7 
w 1 7 
w 2 7 
w 6 7 
w 7 7 
w 8 7 
w 9 7 
w 11 7 
w 12 7 
w 13 7 
w 14 7 
w 15 7 
w 16 7 
w 17 7 
w 18 7 
w 19 7 
w 20 7 
w 21 7 
w 22 7 
w 23 7 
w 25 7 
w 26 7 
w 27 7 
w 28 7 
w 32 7 
w 33 7 
w 34 7 
w 0 6 
w 1 6 
w 2 6 
w 4 6 
w 5 6 
w 29 6 
w 30 6 
w 32 6 
w 33 6 
w 34 6 
w 0 5 
w 1 5 
w 2 5 
w 4 5 
w 5 5 
w 7 5 
w 8 5 
w 9 5 
w 10 5 
w 11 5 
w 13 5 
w 14 5 
w 15 5 
w 17 5 
w 19 5 
w 20 5 
w 21 5 
w 23 5 
w 24 5 
w 25 5 
w 26 5 
w 27 5 
w 29 5 
w 30 5 
w 32 5 
w 33 5 
w 34 5 
w 7 4 
w 8 4 
w 9 4 
w 10 4 
w 11 4 
w 23 4 
w 24 4 
w 25 4 
w 26 4 
w 27 4 
w 1 3 
w 3 3 
w 4 3 
w 5 3 
w 7 3 
w 8 3 
w 9 3 
w 10 3 
w 11 3 
w 13 3 
w 14 3 
w 16 3 
w 17 3 
w 18 3 
w 20 3 
w 21 3 
w 23 3 
w 24 3 
w 25 3 
w 26 3 
w 27 3 
w 29 3 
w 30 3 
w 31 3 
w 33 3 
w 10 2 
w 11 2 
w 16 2 
w 17 2 
w 18 2 
w 23 2 
w 24 2 
w 1 1 
w 2 1 
w 4 1 
w 6 1 
w 7 1 
w 8 1 
w 10 1 
w 11 1 
w 13 1 
w 14 1 
w 16 1 
w 17 1 
w 18 1 
w 20 1 
w 21 1 
w 23 1 
w 24 1 
w 26 1 
w 27 1 
w 28 1 
w 30 1 
w 32 1 
w 33 1 
w 16 0 
w 17 0 
w 18 0 
p 2 19 
p 3 19 
p 6 19 
p 14 19 
p 16 19 
p 17 19 
p 21 19 
p 22 19 
p 29 19 
p 31 19 
p 33 19 
p 0 18 
p 9 18 
p 10 18 
p 13 18 
p 21 18 
p 24 18 
p 26 18 
p 34 18 
p 0 17 
p 34 17 
p 0 16 
p 12 16 
p 13 16 
p 14 16 
p 19 16 
p 21 16 
p 25 16 
p 34 16 
p 2 15 
p 6 15 
p 27 15 
p 28 15 
p 29 15 
p 31 15 
p 34 15 
p 0 14 
p 3 14 
p 27 14 
p 31 14 
p 34 14 
p 0 12 
p 3 12 
p 31 12 
p 10 11 
p 26 11 
p 27 11 
p 31 11 
p 34 11 
p 0 10 
p 1 10 
p 4 10 
p 24 10 
p 30 10 
p 32 10 
p 34 10 
p 10 9 
p 29 9 
p 29 8 
p 4 7 
p 10 7 
p 24 7 
p 29 7 
p 30 7 
p 6 6 
p 8 6 
p 9 6 
p 11 6 
p 12 6 
p 15 6 
p 17 6 
p 18 6 
p 19 6 
p 22 6 
p 23 6 
p 28 6 
p 6 5 
p 12 5 
p 18 5 
p 22 5 
p 28 5 
p 31 5 
p 1 4 
p 2 4 
p 12 4 
p 13 4 
p 14 4 
p 15 4 
p 19 4 
p 21 4 
p 22 4 
p 28 4 
p 31 4 
p 34 4 
p 2 3 
p 6 3 
p 12 3 
p 15 3 
p 19 3 
p 28 3 
p 32 3 
p 34 3 
p 1 2 
p 2 2 
p 3 2 
p 12 2 
p 13 2 
p 14 2 
p 15 2 
p 19 2 
p 21 2 
p 32 2 
p 0 1 
p 3 1 
p 9 1 
p 15 1 
p 19 1 
p 29 1 
p 31 1 
p 34 1 
p 0 0 
p 2 0 
p 3 0 
p 4 0 
p 6 0 
p 7 0 
p 10 0 
p 11 0 
p 14 0 
p 19 0 
p 23 0 
p 26 0 
p 29 0 
p 33 0 
p 5 19 
p 8 19 
p 12 19 
p 13 19 
p 15 19 
p 19 19 
p 20 19 
p 28 19 
t 1400 0 
m 0 18 
1 34 1 
2 33 0 
3 34 1 
t 1399 1 
m 0 17 
1 34 0 
2 32 0 
3 34 0 
t 1398 2 
m 0 17 
1 34 1 
2 33 0 
3 34 1 
t 1397 2 
m 0 17 
1 34 2 
2 32 0 
3 34 0 
t 1396 2 
m 0 16 
1 33 2 
2 33 0 
3 33 0 
t 1395 3 
m 0 17 
1 34 2 
2 32 0 
3 32 0 
t 1394 3 
m 0 16 
1 34 3 
2 33 0 
3 31 0 
t 1393 3 
m 0 17 
1 34 2 
2 32 0 
3 32 0 
t 1392 3 
m 0 16 
1 33 2 
2 33 0 
3 31 0 
t 1391 3 
m 0 17 
1 34 2 
2 32 0 
3 30 0 
t 1390 3 
m 0 16 
1 34 3 
2 33 0 
3 29 0 
t 1389 3 
m 0 15 
1 34 4 
2 34 0 
3 29 1 
t 1388 3 
m 0 16 
1 34 3 
2 33 0 
3 29 2 
t 1387 3 
m 0 17 
1 34 4 
2 34 0 
3 28 2 
t 1386 3 
m 0 17 
1 33 4 
2 34 1 
3 28 3 
t 1385 3 
m 0 16 
1 34 4 
2 34 2 
3 28 2 
t 1384 3 
m 0 16 
1 33 4 
2 34 1 
3 27 2 
t 1383 3 
m 0 17 
1 32 4 
2 34 2 
3 28 2 
t 1382 3 
m 0 17 
1 31 4 
2 34 1 
3 28 3 
t 1381 3 
m 0 18 
1 30 4 
2 34 0 
3 28 2 
t 1380 3 
m 0 18 
1 31 4 
2 34 1 
3 29 2 
t 1379 3 
m 0 19 
1 31 5 
2 34 2 
3 29 1 
t 1378 3 
m 0 19 
1 31 6 
2 33 2 
3 29 2 
t 1377 3 
m 0 19 
1 31 5 
2 34 2 
3 28 2 
t 1376 3 
m 0 19 
1 31 4 
2 34 3 
3 29 2 
t 1375 3 
m 0 19 
1 32 4 
2 34 4 
3 29 1 
t 1374 3 
m 0 18 
1 33 4 
2 33 4 
3 29 0 
t 1373 3 
m 0 19 
1 34 4 
2 34 4 
3 29 1 
t 1372 3 
m 0 18 
1 34 3 
2 34 3 
3 29 0 
t 1371 3 
m 0 18 
1 34 4 
2 34 4 
3 29 1 
t 1370 3 
m 0 17 
1 33 4 
2 34 3 
3 29 0 
t 1369 3 
m 0 18 
1 32 4 
2 34 4 
3 29 1 
t 1368 3 
m 0 17 
1 33 4 
2 33 4 
3 29 0 
t 1367 3 
m 0 18 
1 34 4 
2 32 4 
3 29 1 
t 1366 3 
m 0 17 
1 33 4 
2 33 4 
3 29 2 
t 1365 3 
m 0 18 
1 34 4 
2 34 4 
3 30 2 
t 1364 3 
m 0 17 
1 33 4 
2 33 4 
3 29 2 
t 1363 3 
m 0 16 
1 34 4 
2 32 4 
3 29 1 
t 1362 3 
m 0 16 
1 34 3 
2 31 4 
3 29 0 
t 1361 3 
m 0 17 
1 34 2 
2 31 5 
3 30 0 
t 1360 3 
m 0 17 
1 34 3 
2 31 6 
3 29 0 
t 1359 3 
m 0 18 
1 34 2 
2 31 7 
3 29 1 
t 1358 3 
m 0 18 
1 34 1 
2 30 7 
3 29 2 
t 1357 3 
m 0 18 
1 34 0 
2 29 7 
3 30 2 
t 1356 3 
m 0 17 
1 34 1 
2 29 8 
3 29 2 
t 1355 3 
m 0 18 
1 34 2 
2 29 7 
3 29 1 
t 1354 3 
m 0 18 
1 34 3 
2 30 7 
3 29 0 
t 1353 3 
m 0 17 
1 34 2 
2 31 7 
3 30 0 
t 1352 3 
m 0 17 
1 33 2 
2 30 7 
3 29 0 
t 1351 3 
m 0 17 
1 34 2 
2 31 7 
3 29 1 
t 1350 3 
m 0 18 
1 34 3 
2 31 6 
3 29 2 
t 1349 3 
m 0 17 
1 34 2 
2 31 5 
3 30 2 
t 1348 3 
m 0 18 
1 33 2 
2 31 4 
3 31 2 
t 1347 3 
m 0 19 
1 34 2 
2 30 4 
3 32 2 
t 1346 3 
m 1 19 
1 34 1 
2 29 4 
3 31 2 
t 1345 3 
m 2 19 
1 34 2 
2 28 4 
3 32 2 
t 1344 3 
m 3 19 
1 34 3 
2 28 5 
3 33 2 
t 1343 4 
m 3 19 
1 34 2 
2 28 4 
3 34 2 
t 1342 4 
m 2 19 
1 34 3 
2 29 4 
3 34 3 
t 1341 4 
m 1 19 
1 34 2 
2 28 4 
3 34 4 
t 1340 4 
m 2 19 
1 34 1 
2 28 3 
3 33 4 
t 1339 4 
m 1 19 
1 34 0 
2 28 4 
3 34 4 
t 1338 4 
m 0 19 
1 33 0 
2 28 3 
3 34 3 
t 1337 4 
m 1 19 
1 32 0 
2 28 2 
3 34 4 
t 1336 4 
m 2 19 
1 31 0 
2 29 2 
3 34 3 
t 1335 4 
m 2 19 
1 31 1 
2 28 2 
3 34 4 
t 1334 4 
m 3 19 
1 31 0 
2 27 2 
3 34 3 
t 1333 4 
m 2 19 
1 32 0 
2 26 2 
3 34 4 
t 1332 4 
m 2 19 
1 33 0 
2 25 2 
3 34 3 
t 1331 4 
m 1 19 
1 34 0 
2 25 1 
3 34 2 
t 1330 4 
m 2 19 
1 34 1 
2 25 0 
3 33 2 
t 1329 4 
m 3 19 
1 34 0 
2 25 1 
3 34 2 
t 1328 4 
m 4 19 
1 33 0 
2 25 0 
3 34 3 
t 1327 4 
m 3 19 
1 34 0 
2 26 0 
3 34 2 
t 1326 4 
m 4 19 
1 34 1 
2 27 0 
3 33 2 
t 1325 4 
m 5 19 
1 34 2 
2 28 0 
3 34 2 
t 1324 5 
m 6 19 
1 34 3 
2 29 0 
3 34 3 
t 1323 5 
m 5 19 
1 34 2 
2 30 0 
3 34 4 
t 1322 5 
m 5 19 
1 34 3 
2 31 0 
3 33 4 
t 1321 5 
m 6 19 
1 34 4 
2 32 0 
3 34 4 
t 1320 5 
m 6 19 
1 34 3 
2 33 0 
3 33 4 
t 1319 5 
m 7 19 
1 34 4 
2 32 0 
3 32 4 
t 1318 5 
m 8 19 
1 34 3 
2 33 0 
3 31 4 
t 1317 6 
m 8 18 
1 34 4 
2 34 0 
3 30 4 
t 1316 6 
m 8 17 
1 33 4 
2 33 0 
3 29 4 
t 1315 6 
m 8 16 
1 34 4 
2 32 0 
3 28 4 
t 1314 6 
m 9 16 
1 33 4 
2 31 0 
3 29 4 
t 1313 6 
m 8 16 
1 32 4 
2 31 1 
3 30 4 
t 1312 6 
m 9 16 
1 31 4 
2 31 0 
3 29 4 
t 1311 6 
m 9 16 
1 31 5 
2 30 0 
3 30 4 
t 1310 6 
m 9 16 
1 31 4 
2 31 0 
3 31 4 
t 1309 6 
m 9 16 
1 32 4 
2 30 0 
3 30 4 
t 1308 6 
m 10 16 
1 31 4 
2 29 0 
3 31 4 
t 1307 6 
m 9 16 
1 32 4 
2 29 1 
3 31 5 
t 1306 6 
m 8 16 
1 31 4 
2 29 0 
3 31 4 
t 1305 6 
m 8 16 
1 32 4 
2 28 0 
3 31 5 
t 1304 6 
m 9 16 
1 31 4 
2 29 0 
3 31 6 
t 1303 6 
m 8 16 
1 30 4 
2 30 0 
3 31 5 
t 1302 6 
m 8 16 
1 31 4 
2 31 0 
3 31 4 
t 1301 6 
m 8 17 
1 30 4 
2 30 0 
3 32 4 
t 1300 6 
m 8 16 
1 31 4 
2 31 0 
3 32 3 
t 1299 6 
m 8 17 
1 31 5 
2 32 0 
3 32 2 
t 1298 6 
m 8 16 
1 31 6 
2 33 0 
3 33 2 
t 1297 6 
m 9 16 
1 31 5 
2 32 0 
3 34 2 
t 1296 6 
m 9 16 
1 31 6 
2 33 0 
3 34 1 
t 1295 6 
m 10 16 
1 31 7 
2 34 0 
3 34 2 
t 1294 6 
m 10 16 
1 30 7 
2 34 1 
3 34 3 
t 1293 6 
m 9 16 
1 29 7 
2 34 2 
3 34 2 
t 1292 6 
m 9 16 
1 30 7 
2 34 3 
3 34 1 
t 1291 6 
m 9 16 
1 29 7 
2 34 4 
3 34 0 
t 1290 6 
m 9 16 
1 30 7 
2 34 3 
3 34 1 
t 1289 6 
m 9 16 
1 29 7 
2 34 4 
3 34 0 
t 1288 6 
m 8 16 
1 30 7 
2 33 4 
3 33 0 
t 1287 6 
m 8 16 
1 31 7 
2 34 4 
3 32 0 
t 1286 6 
m 8 16 
1 30 7 
2 33 4 
3 33 0 
t 1285 6 
m 9 16 
1 29 7 
2 34 4 
3 34 0 
t 1284 6 
m 9 16 
1 30 7 
2 33 4 
3 33 0 
t 1283 6 
m 10 16 
1 29 7 
2 32 4 
3 34 0 
t 1282 6 
m 11 16 
1 29 8 
2 32 3 
3 34 1 
t 1281 6 
m 12 16 
1 29 7 
2 32 2 
3 34 0 
t 1280 7 
m 12 16 
1 29 8 
2 33 2 
3 34 1 
t 1279 7 
m 13 16 
1 29 9 
2 34 2 
3 34 0 
t 1278 8 
m 12 16 
1 29 8 
2 33 2 
3 33 0 
t 1277 8 
m 13 16 
1 29 7 
2 32 2 
3 34 0 
t 1276 8 
m 12 16 
1 30 7 
2 31 2 
3 33 0 
t 1275 8 
m 11 16 
1 29 7 
2 30 2 
3 34 0 
t 1274 8 
m 11 16 
1 29 8 
2 31 2 
3 33 0 
t 1273 8 
m 11 16 
1 29 7 
2 32 2 
3 32 0 
t 1272 8 
m 11 16 
1 29 8 
2 32 3 
3 33 0 
t 1271 8 
m 10 16 
1 29 9 
2 32 2 
3 32 0 
t 1270 8 
m 9 16 
1 29 10 
2 32 3 
3 33 0 
t 1269 8 
m 8 16 
1 29 9 
2 32 4 
3 32 0 
t 1268 8 
m 8 16 
1 29 8 
2 33 4 
3 31 0 
t 1267 8 
m 9 16 
1 29 9 
2 32 4 
3 30 0 
t 1266 8 
m 9 16 
1 29 10 
2 31 4 
3 31 0 
t 1265 8 
m 9 16 
1 30 10 
2 31 5 
3 31 1 
t 1264 8 
m 9 16 
1 29 10 
2 31 6 
3 31 2 
t 1263 8 
m 9 16 
1 30 10 
2 31 7 
3 30 2 
t 1262 8 
m 9 16 
1 31 10 
2 31 6 
3 29 2 
t 1261 8 
m 9 16 
1 32 10 
2 31 7 
3 30 2 
t 1260 8 
m 9 16 
1 33 10 
2 30 7 
3 29 2 
t 1259 8 
m 10 16 
1 34 10 
2 31 7 
3 28 2 
t 1258 8 
m 11 16 
1 33 10 
2 31 6 
3 29 2 
t 1257 8 
m 10 16 
1 32 10 
2 31 5 
3 28 2 
t 1256 8 
m 10 16 
1 31 10 
2 31 4 
3 28 3 
t 1255 8 
m 10 16 
1 32 10 
2 30 4 
3 28 2 
t 1254 8 
m 9 16 
1 33 10 
2 29 4 
3 28 3 
t 1253 8 
m 9 16 
1 34 10 
2 28 4 
3 28 2 
t 1252 8 
m 8 16 
1 33 10 
2 28 3 
3 27 2 
t 1251 8 
m 8 17 
1 34 10 
2 28 2 
3 26 2 
t 1250 8 
m 8 17 
1 33 10 
2 29 2 
3 25 2 
t 1249 8 
m 8 17 
1 34 10 
2 28 2 
3 25 1 
t 1248 8 
m 8 18 
1 33 10 
2 29 2 
3 25 2 
t 1247 8 
m 8 18 
1 34 10 
2 28 2 
3 25 1 
t 1246 8 
m 8 19 
1 34 11 
2 29 2 
3 25 2 
t 1245 8 
m 8 18 
1 34 10 
2 30 2 
3 25 1 
t 1244 8 
m 8 17 
1 33 10 
2 29 2 
3 25 0 
t 1243 8 
m 8 17 
1 34 10 
2 30 2 
3 25 1 
t 1242 8 
m 8 18 
1 34 11 
2 29 2 
3 25 0 
t 1241 8 
m 8 19 
1 34 10 
2 28 2 
3 24 0 
t 1240 8 
m 7 19 
1 33 10 
2 29 2 
3 25 0 
t 1239 8 
m 8 19 
1 32 10 
2 30 2 
3 26 0 
t 1238 8 
m 8 18 
1 31 10 
2 29 2 
3 25 0 
t 1237 8 
m 9 18 
1 30 10 
2 30 2 
3 26 0 
t 1236 8 
m 10 18 
1 31 10 
2 31 2 
3 27 0 
t 1235 9 
m 10 18 
1 30 10 
2 32 2 
3 28 0 
t 1234 9 
m 10 18 
1 31 10 
2 33 2 
3 29 0 
t 1233 9 
m 11 18 
1 32 10 
2 34 2 
3 29 1 
t 1232 9 
m 10 18 
1 31 10 
2 34 1 
3 29 0 
t 1231 9 
m 11 18 
1 30 10 
2 34 2 
3 28 0 
t 1230 9 
m 10 18 
1 29 10 
2 34 1 
3 29 0 
t 1229 9 
m 9 18 
1 30 10 
2 34 2 
3 30 0 
t 1228 9 
m 10 18 
1 29 10 
2 34 3 
3 29 0 
t 1227 9 
m 11 18 
1 30 10 
2 34 2 
3 30 0 
t 1226 9 
m 10 18 
1 29 10 
2 34 1 
3 31 0 
t 1225 9 
m 10 18 
1 29 9 
2 34 2 
3 31 1 
t 1224 9 
m 9 18 
1 29 8 
2 34 3 
3 31 0 
t 1223 9 
m 9 18 
1 29 7 
2 34 4 
3 32 0 
t 1222 9 
m 10 18 
1 29 8 
2 34 3 
3 31 0 
t 1221 9 
m 9 18 
1 29 7 
2 34 4 
3 31 1 
t 1220 9 
m 10 18 
1 29 8 
2 34 3 
3 31 0 
t 1219 9 
m 10 18 
1 29 7 
2 34 4 
3 32 0 
t 1218 9 
m 11 18 
1 29 8 
2 33 4 
3 33 0 
t 1217 9 
m 11 18 
1 29 9 
2 32 4 
3 34 0 
t 1216 9 
m 10 18 
1 29 10 
2 33 4 
3 33 0 
t 1215 9 
m 10 18 
1 29 9 
2 32 4 
3 34 0 
t 1214 9 
m 9 18 
1 29 10 
2 33 4 
3 33 0 
t 1213 9 
m 9 18 
1 29 9 
2 32 4 
3 32 0 
t 1212 9 
m 10 18 
1 29 10 
2 31 4 
3 31 0 
t 1211 9 
m 10 18 
1 29 9 
2 32 4 
3 32 0 
t 1210 9 
m 11 18 
1 29 8 
2 31 4 
3 31 0 
t 1209 9 
m 10 18 
1 29 9 
2 30 4 
3 30 0 
t 1208 9 
m 10 18 
1 29 10 
2 29 4 
3 31 0 
t 1207 9 
f 7 6 
m 11 18 
1 30 10 
2 30 4 
3 31 1 
t 1206 9 
m 12 18 
1 31 10 
2 29 4 
3 31 2 
t 1205 9 
m 13 18 
1 31 11 
2 30 4 
3 30 2 
t 1204 10 
m 13 19 
1 31 10 
2 31 4 
3 31 2 
t 1203 10 
m 14 19 
1 31 11 
2 32 4 
3 32 2 
t 1202 11 
m 15 19 
1 31 10 
2 32 3 
3 32 3 
t 1201 12 
m 16 19 
1 31 11 
2 32 4 
3 32 2 
t 1200 12 
m 16 19 
1 31 10 
2 31 4 
3 31 2 
t 1199 12 
m 15 19 
1 31 11 
2 32 4 
3 32 2 
t 1198 12 
m 16 19 
1 31 12 
2 33 4 
3 33 2 
t 1197 12 
m 16 19 
1 31 11 
2 32 4 
3 34 2 
t 1196 12 
m 17 19 
1 31 12 
2 32 3 
3 34 3 
t 1195 13 
m 17 19 
1 31 11 
2 32 2 
3 34 2 
t 1194 13 
m 16 19 
1 31 12 
2 32 3 
3 34 1 
t 1193 13 
m 15 19 
1 31 11 
2 32 2 
3 34 0 
t 1192 13 
m 14 19 
1 31 12 
2 32 3 
3 33 0 
t 1191 13 
m 14 19 
1 31 13 
2 32 2 
3 34 0 
t 1190 13 
m 13 19 
1 31 12 
2 32 3 
3 33 0 
t 1189 13 
m 12 19 
1 31 11 
2 32 4 
3 34 0 
t 1188 14 
m 12 19 
1 31 12 
2 33 4 
3 33 0 
t 1187 14 
m 12 19 
1 31 13 
2 34 4 
3 34 0 
t 1186 14 
m 13 19 
1 31 12 
2 33 4 
3 33 0 
t 1185 14 
m 14 19 
1 31 13 
2 32 4 
3 32 0 
t 1184 14 
m 14 19 
1 31 12 
2 31 4 
3 31 0 
t 1183 14 
m 14 19 
1 31 11 
2 31 5 
3 31 1 
t 1182 14 
m 13 19 
1 31 12 
2 31 4 
3 31 2 
t 1181 14 
m 13 18 
1 31 13 
2 32 4 
3 30 2 
t 1180 14 
m 13 18 
1 31 14 
2 31 4 
3 29 2 
t 1179 14 
m 13 19 
1 31 13 
2 31 5 
3 30 2 
t 1178 14 
m 13 18 
1 31 14 
2 31 6 
3 29 2 
t 1177 14 
m 13 19 
1 31 15 
2 31 5 
3 30 2 
t 1176 14 
m 13 18 
1 30 15 
2 31 6 
3 29 2 
t 1175 14 
m 13 18 
1 29 15 
2 31 5 
3 28 2 
t 1174 14 
m 13 18 
1 30 15 
2 31 4 
3 29 2 
t 1173 14 
m 13 17 
1 29 15 
2 31 5 
3 30 2 
t 1172 14 
m 13 16 
1 30 15 
2 31 4 
3 29 2 
t 1171 14 
m 12 16 
1 29 15 
2 30 4 
3 28 2 
t 1170 14 
m 12 16 
1 28 15 
2 31 4 
3 29 2 
t 1169 14 
m 11 16 
1 27 15 
2 31 5 
3 30 2 
t 1168 14 
m 11 16 
1 28 15 
2 31 4 
3 29 2 
t 1167 14 
m 12 16 
1 29 15 
2 30 4 
3 28 2 
t 1166 14 
m 11 16 
1 28 15 
2 31 4 
3 27 2 
t 1165 14 
m 10 16 
1 27 15 
2 30 4 
3 26 2 
t 1164 14 
m 10 16 
1 27 14 
2 31 4 
3 27 2 
t 1163 14 
m 10 16 
1 27 15 
2 32 4 
3 26 2 
t 1162 14 
m 10 16 
1 28 15 
2 31 4 
3 27 2 
t 1161 14 
m 11 16 
1 29 15 
2 31 5 
3 28 2 
t 1160 14 
m 10 16 
1 28 15 
2 31 6 
3 28 3 
t 1159 14 
m 11 16 
1 27 15 
2 31 5 
3 28 4 
t 1158 14 
m 11 16 
1 27 14 
2 31 4 
3 29 4 
t 1157 14 
m 11 16 
1 27 13 
2 32 4 
3 30 4 
t 1156 14 
m 10 16 
1 27 14 
2 31 4 
3 31 4 
t 1155 14 
m 11 16 
1 27 15 
2 31 5 
3 31 5 
t 1154 14 
m 12 16 
1 28 15 
2 31 6 
3 31 4 
t 1153 14 
m 13 16 
1 29 15 
2 31 7 
3 30 4 
t 1152 14 
m 14 16 
1 30 15 
2 30 7 
3 31 4 
t 1151 15 
m 15 16 
1 29 15 
2 31 7 
3 32 4 
t 1150 15 
m 16 16 
1 30 15 
2 31 6 
3 32 3 
t 1149 15 
m 17 16 
1 29 15 
2 31 7 
3 32 2 
t 1148 15 
m 18 16 
1 28 15 
2 31 6 
3 33 2 
t 1147 15 
m 19 16 
1 27 15 
2 31 7 
3 34 2 
t 1146 15 
m 19 16 
1 28 15 
2 30 7 
3 34 1 
t 1145 15 
m 19 16 
1 29 15 
2 29 7 
3 34 0 
t 1144 15 
m 19 16 
1 28 15 
2 29 8 
3 34 1 
t 1143 15 
m 19 16 
1 27 15 
2 29 7 
3 34 0 
t 1142 15 
m 19 16 
1 27 14 
2 29 8 
3 34 1 
t 1141 15 
m 20 16 
1 27 13 
2 29 7 
3 34 0 
t 1140 15 
m 21 16 
1 27 12 
2 29 8 
3 34 1 
t 1139 16 
m 21 17 
1 27 13 
2 29 9 
3 34 2 
t 1138 16 
m 21 18 
1 27 14 
2 29 10 
3 33 2 
t 1137 17 
m 21 19 
1 27 15 
2 29 9 
3 34 2 
t 1136 17 
m 21 18 
1 27 14 
2 29 10 
3 34 1 
t 1135 17 
m 21 18 
1 27 13 
2 30 10 
3 34 2 
t 1134 17 
m 21 18 
1 27 14 
2 29 10 
3 34 1 
t 1133 17 
m 21 19 
1 27 13 
2 30 10 
3 34 2 
t 1132 17 
m 21 18 
1 27 14 
2 29 10 
3 33 2 
t 1131 17 
m 21 18 
1 27 13 
2 29 9 
3 34 2 
t 1130 17 
m 21 18 
1 27 14 
2 29 8 
3 34 3 
t 1129 17 
m 22 18 
1 27 13 
2 29 7 
3 34 4 
t 1128 17 
m 22 19 
1 27 14 
2 30 7 
3 34 3 
t 1127 18 
m 21 19 
1 27 15 
2 29 7 
3 34 4 
t 1126 18 
m 20 19 
1 28 15 
2 30 7 
3 34 3 
t 1125 19 
m 19 19 
1 29 15 
2 29 7 
3 34 4 
t 1124 20 
m 20 19 
1 28 15 
2 30 7 
3 33 4 
t 1123 20 
m 21 19 
1 27 15 
2 31 7 
3 34 4 
t 1122 20 
m 22 19 
1 28 15 
2 30 7 
3 34 3 
t 1121 20 
m 22 18 
1 29 15 
2 31 7 
3 34 2 
t 1120 20 
m 23 18 
1 30 15 
2 31 6 
3 34 3 
t 1119 20 
m 24 18 
1 29 15 
2 31 5 
3 34 4 
t 1118 20 
m 23 18 
1 28 15 
2 31 6 
3 33 4 
t 1117 20 
m 22 18 
1 27 15 
2 31 5 
3 32 4 
t 1116 20 
m 22 19 
1 28 15 
2 31 6 
3 33 4 
t 1115 20 
m 21 19 
1 29 15 
2 31 7 
3 32 4 
t 1114 20 
m 21 18 
1 30 15 
2 31 6 
3 32 3 
t 1113 20 
m 21 18 
1 29 15 
2 31 5 
3 32 4 
t 1112 20 
m 22 18 
1 30 15 
2 31 4 
3 32 3 
t 1111 20 
m 23 18 
1 29 15 
2 32 4 
3 32 4 
t 1110 20 
m 22 18 
1 28 15 
2 33 4 
3 31 4 
t 1109 20 
m 23 18 
1 27 15 
2 32 4 
3 30 4 
t 1108 20 
m 24 18 
1 27 14 
2 32 3 
3 29 4 
t 1107 20 
m 24 18 
1 27 15 
2 32 4 
3 28 4 
t 1106 20 
m 23 18 
1 28 15 
2 32 3 
3 29 4 
t 1105 20 
m 22 18 
1 27 15 
2 32 2 
3 28 4 
t 1104 20 
m 22 18 
1 28 15 
2 32 3 
3 29 4 
t 1103 20 
m 23 18 
1 29 15 
2 32 4 
3 28 4 
t 1102 20 
m 22 18 
1 30 15 
2 33 4 
3 28 5 
t 1101 20 
m 22 19 
1 31 15 
2 34 4 
3 28 4 
t 1100 20 
m 21 19 
1 31 14 
2 34 3 
3 29 4 
t 1099 20 
m 22 19 
1 31 15 
2 34 2 
3 30 4 
t 1098 20 
m 22 19 
1 32 15 
2 34 1 
3 31 4 
t 1097 20 
m 22 18 
1 33 15 
2 34 0 
3 32 4 
t 1096 20 
m 23 18 
1 32 15 
2 34 1 
3 32 3 
t 1095 20 
m 23 18 
1 33 15 
2 34 2 
3 32 4 
t 1094 20 
m 23 18 
1 34 15 
2 33 2 
3 33 4 
t 1093 20 
m 23 18 
1 33 15 
2 32 2 
3 34 4 
t 1092 20 
m 22 18 
1 32 15 
2 32 3 
3 34 3 
t 1091 20 
m 21 18 
1 33 15 
2 32 4 
3 34 2 
t 1090 20 
m 21 17 
1 34 15 
2 33 4 
3 34 1 
t 1089 20 
m 21 18 
1 34 16 
2 32 4 
3 34 0 
t 1088 20 
m 21 17 
1 34 17 
2 31 4 
3 33 0 
t 1087 20 
m 21 18 
1 34 16 
2 32 4 
3 32 0 
t 1086 20 
m 21 18 
1 34 17 
2 33 4 
3 31 0 
t 1085 20 
m 22 18 
1 34 16 
2 32 4 
3 31 1 
t 1084 20 
m 21 18 
1 34 15 
2 33 4 
3 31 0 
t 1083 20 
m 22 18 
1 34 14 
2 32 4 
3 32 0 
t 1082 20 
m 23 18 
1 34 13 
2 32 3 
3 31 0 
t 1081 20 
m 23 18 
1 34 14 
2 32 4 
3 32 0 
t 1080 20 
m 24 18 
1 34 15 
2 33 4 
3 33 0 
t 1079 20 
m 25 18 
1 33 15 
2 34 4 
3 32 0 
t 1078 20 
m 26 18 
1 32 15 
2 33 4 
3 33 0 
t 1077 21 
m 26 18 
1 31 15 
2 34 4 
3 34 0 
t 1076 21 
m 25 18 
1 31 14 
2 33 4 
3 34 1 
t 1075 21 
m 26 18 
1 31 15 
2 34 4 
3 34 0 
t 1074 21 
m 25 18 
1 32 15 
2 34 3 
3 34 1 
t 1073 21 
m 24 18 
1 31 15 
2 34 2 
3 34 0 
t 1072 21 
m 25 18 
1 32 15 
2 33 2 
3 33 0 
t 1071 21 
m 26 18 
1 31 15 
2 32 2 
3 32 0 
t 1070 21 
m 25 18 
1 31 14 
2 32 3 
3 31 0 
t 1069 21 
m 24 18 
1 31 15 
2 32 4 
3 32 0 
t 1068 21 
m 25 18 
1 30 15 
2 32 3 
3 31 0 
t 1067 21 
m 24 18 
1 29 15 
2 32 2 
3 30 0 
t 1066 21 
m 25 18 
1 30 15 
2 31 2 
3 31 0 
t 1065 21 
m 25 18 
1 29 15 
2 31 1 
3 31 1 
t 1064 21 
m 26 18 
1 30 15 
2 31 0 
3 31 0 
t 1063 21 
m 26 17 
1 29 15 
2 32 0 
3 30 0 
t 1062 21 
m 26 18 
1 30 15 
2 33 0 
3 31 0 
t 1061 21 
m 26 18 
1 29 15 
2 34 0 
3 31 1 
t 1060 21 
m 26 17 
1 30 15 
2 33 0 
3 31 0 
t 1059 21 
m 26 17 
1 31 15 
2 34 0 
3 30 0 
t 1058 21 
m 26 17 
1 31 14 
2 34 1 
3 31 0 
t 1057 21 
m 26 18 
1 31 13 
2 34 0 
3 30 0 
t 1056 21 
m 26 17 
1 31 14 
2 34 1 
3 29 0 
t 1055 21 
m 26 16 
1 31 13 
2 34 0 
3 29 1 
t 1054 21 
m 26 17 
1 31 14 
2 33 0 
3 29 2 
t 1053 21 
m 26 16 
1 31 15 
2 34 0 
3 28 2 
t 1052 21 
m 26 17 
1 32 15 
2 34 1 
3 27 2 
t 1051 21 
m 26 18 
1 31 15 
2 34 2 
3 26 2 
t 1050 21 
m 26 17 
1 30 15 
2 34 1 
3 25 2 
t 1049 21 
m 26 16 
1 29 15 
2 34 0 
3 26 2 
t 1048 21 
m 25 16 
1 30 15 
2 33 0 
3 27 2 
t 1047 22 
m 26 16 
1 31 15 
2 34 0 
3 26 2 
t 1046 22 
m 26 17 
1 32 15 
2 34 1 
3 25 2 
t 1045 22 
m 26 17 
1 31 15 
2 34 2 
3 25 1 
t 1044 22 
m 26 17 
1 30 15 
2 33 2 
3 25 2 
t 1043 22 
m 26 18 
1 31 15 
2 32 2 
3 25 1 
t 1042 22 
m 25 18 
1 31 14 
2 31 2 
3 25 0 
t 1041 22 
m 26 18 
1 31 15 
2 30 2 
3 25 1 
t 1040 22 
m 26 17 
1 30 15 
2 31 2 
3 25 2 
t 1039 22 
m 26 16 
1 31 15 
2 30 2 
3 25 1 
t 1038 22 
m 26 17 
1 32 15 
2 29 2 
3 25 2 
t 1037 22 
m 26 16 
1 31 15 
2 30 2 
3 26 2 
t 1036 22 
m 26 16 
1 32 15 
2 31 2 
3 25 2 
t 1035 22 
m 26 17 
1 31 15 
2 30 2 
3 26 2 
t 1034 22 
m 26 17 
1 31 14 
2 31 2 
3 27 2 
t 1033 22 
m 26 16 
1 31 13 
2 32 2 
3 26 2 
t 1032 22 
m 26 17 
1 31 14 
2 33 2 
3 25 2 
t 1031 22 
m 26 18 
1 31 15 
2 32 2 
3 26 2 
t 1030 22 
m 26 19 
1 32 15 
2 31 2 
3 27 2 
t 1029 22 
m 26 19 
1 31 15 
2 31 1 
3 28 2 
t 1028 22 
m 26 18 
1 32 15 
2 31 2 
3 28 3 
t 1027 22 
m 26 18 
1 33 15 
2 31 1 
3 28 2 
t 1026 22 
m 26 17 
1 32 15 
2 31 2 
3 27 2 
t 1025 22 
m 26 18 
1 31 15 
2 30 2 
3 26 2 
t 1024 22 
m 25 18 
1 32 15 
2 31 2 
3 25 2 
t 1023 22 
m 26 18 
1 33 15 
2 32 2 
3 26 2 
t 1022 22 
m 26 17 
1 32 15 
2 32 3 
3 25 2 
t 1021 22 
m 26 17 
1 33 15 
2 32 2 
3 25 1 
t 1020 22 
m 26 18 
1 34 15 
2 33 2 
3 25 2 
t 1019 22 
m 25 18 
1 34 16 
2 32 2 
3 26 2 
t 1018 22 
m 26 18 
1 34 17 
2 32 3 
3 25 2 
t 1017 22 
m 26 17 
1 34 18 
2 32 2 
3 25 1 
t 1016 22 
m 26 16 
1 34 19 
2 32 3 
3 25 0 
t 1015 22 
m 25 16 
1 34 18 
2 32 4 
3 25 1 
t 1014 22 
m 25 16 
1 34 19 
2 31 4 
3 25 2 
t 1013 22 
m 26 16 
1 33 19 
2 32 4 
3 25 1 
t 1012 22 
m 25 16 
1 32 19 
2 32 3 
3 25 0 
t 1011 22 
m 26 16 
1 33 19 
2 32 2 
3 24 0 
t 1010 22 
m 26 17 
1 32 19 
2 31 2 
3 25 0 
t 1009 22 
m 26 18 
1 33 19 
2 32 2 
3 25 1 
t 1008 22 
m 26 17 
1 34 19 
2 33 2 
3 25 2 
t 1007 22 
m 26 18 
1 33 19 
2 34 2 
3 25 1 
t 1006 22 
m 26 18 
1 32 19 
2 34 1 
3 25 0 
t 1005 22 
m 26 18 
1 33 19 
2 34 0 
3 26 0 
t 1004 22 
m 26 17 
1 32 19 
2 33 0 
3 27 0 
t 1003 22 
m 26 16 
1 31 19 
2 32 0 
3 26 0 
t 1002 22 
m 26 16 
1 30 19 
2 33 0 
3 27 0 
t 1001 22 
m 25 16 
1 31 19 
2 32 0 
3 26 0 
t 1000 22 
m 25 16 
1 32 19 
2 31 0 
3 27 0 
t 999 22 
m 26 16 
1 33 19 
2 31 1 
3 28 0 
t 998 22 
m 26 17 
1 34 19 
2 31 2 
3 27 0 
t 997 22 
m 26 17 
1 34 18 
2 30 2 
3 28 0 
t 996 22 
m 26 17 
1 34 19 
2 31 2 
3 27 0 
t 995 22 
m 26 17 
1 34 18 
2 30 2 
3 26 0 
t 994 22 
m 26 17 
1 34 17 
2 31 2 
3 27 0 
t 993 22 
m 26 17 
1 34 16 
2 30 2 
3 26 0 
t 992 22 
m 26 18 
1 34 15 
2 29 2 
3 27 0 
t 991 22 
m 26 18 
1 33 15 
2 28 2 
3 28 0 
t 990 22 
m 25 18 
1 32 15 
2 28 3 
3 29 0 
t 989 22 
m 25 18 
1 33 15 
2 28 2 
3 30 0 
t 988 22 
m 26 18 
1 34 15 
2 27 2 
3 31 0 
t 987 22 
m 26 19 
1 34 14 
2 28 2 
3 31 1 
t 986 22 
m 26 19 
1 34 15 
2 28 3 
3 31 2 
t 985 22 
m 26 18 
1 34 16 
2 28 2 
3 32 2 
t 984 22 
m 26 17 
1 34 15 
2 28 3 
3 32 3 
t 983 22 
m 26 18 
1 33 15 
2 28 2 
3 32 2 
t 982 22 
m 26 17 
1 32 15 
2 29 2 
3 31 2 
t 981 22 
m 26 17 
1 31 15 
2 28 2 
3 31 1 
t 980 22 
m 26 17 
1 30 15 
2 28 3 
3 31 0 
t 979 22 
m 26 17 
1 31 15 
2 28 2 
3 32 0 
t 978 22 
m 26 17 
1 30 15 
2 28 3 
3 31 0 
t 977 22 
m 26 16 
1 29 15 
2 28 2 
3 32 0 
t 976 22 
m 25 16 
1 28 15 
2 27 2 
3 31 0 
t 975 22 
m 24 16 
1 29 15 
2 26 2 
3 30 0 
t 974 22 
m 23 16 
1 28 15 
2 27 2 
3 31 0 
t 973 22 
m 24 16 
1 27 15 
2 26 2 
3 31 1 
t 972 22 
m 25 16 
1 27 14 
2 27 2 
3 31 2 
t 971 22 
m 26 16 
1 27 13 
2 26 2 
3 32 2 
t 970 22 
m 26 17 
1 27 12 
2 27 2 
3 32 3 
t 969 22 
m 26 17 
1 27 11 
2 26 2 
3 32 4 
t 968 22 
m 26 17 
1 27 12 
2 27 2 
3 31 4 
t 967 22 
m 26 17 
1 27 11 
2 28 2 
3 32 4 
t 966 22 
m 26 16 
1 26 11 
2 29 2 
3 33 4 
t 965 22 
m 26 17 
1 27 11 
2 30 2 
3 34 4 
t 964 22 
m 26 17 
1 26 11 
2 29 2 
3 34 3 
t 963 22 
m 26 18 
1 25 11 
2 29 1 
3 34 4 
t 962 22 
m 26 17 
1 24 11 
2 29 0 
3 33 4 
t 961 22 
m 26 18 
1 24 10 
2 28 0 
3 34 4 
t 960 22 
m 26 17 
1 24 11 
2 27 0 
3 33 4 
t 959 22 
m 26 16 
1 25 11 
2 28 0 
3 34 4 
t 958 22 
m 26 16 
1 26 11 
2 29 0 
3 34 3 
t 957 22 
m 26 17 
1 27 11 
2 29 1 
3 34 2 
t 956 22 
m 26 18 
1 27 12 
2 29 0 
3 33 2 
t 955 22 
m 26 19 
1 27 13 
2 30 0 
3 34 2 
t 954 22 
m 26 18 
1 27 14 
2 29 0 
3 34 3 
t 953 22 
m 26 17 
1 27 13 
2 30 0 
3 34 4 
t 952 22 
m 26 18 
1 27 14 
2 29 0 
3 33 4 
t 951 22 
m 26 18 
1 27 15 
2 30 0 
3 32 4 
t 950 22 
m 26 17 
1 27 14 
2 29 0 
3 32 3 
t 949 22 
m 26 16 
1 27 15 
2 29 1 
3 32 2 
t 948 22 
m 26 16 
1 28 15 
2 29 0 
3 33 2 
t 947 22 
m 26 17 
1 27 15 
2 28 0 
3 32 2 
t 946 22 
m 26 16 
1 27 14 
2 27 0 
3 31 2 
t 945 22 
m 25 16 
1 27 13 
2 28 0 
3 31 1 
t 944 22 
m 26 16 
1 27 14 
2 29 0 
3 31 0 
t 943 22 
m 26 17 
1 27 15 
2 30 0 
3 31 1 
t 942 22 
m 26 17 
1 27 14 
2 29 0 
3 31 0 
t 941 22 
m 26 17 
1 27 13 
2 28 0 
3 32 0 
t 940 22 
m 26 18 
1 27 12 
2 27 0 
3 31 0 
t 939 22 
m 26 17 
1 27 13 
2 26 0 
3 31 1 
t 938 22 
m 26 18 
1 27 12 
2 25 0 
3 31 2 
t 937 22 
m 26 19 
1 27 13 
2 24 0 
3 32 2 
t 936 22 
m 27 19 
1 27 12 
2 25 0 
3 32 3 
t 935 22 
m 26 19 
1 27 13 
2 26 0 
3 32 2 
t 934 22 
m 27 19 
1 27 12 
2 25 0 
3 33 2 
t 933 22 
m 27 19 
1 27 11 
2 26 0 
3 32 2 
t 932 22 
m 28 19 
1 27 12 
2 27 0 
3 33 2 
t 931 22 
m 29 19 
1 27 13 
2 28 0 
3 34 2 
t 930 23 
m 28 19 
1 27 12 
2 27 0 
3 34 1 
t 929 23 
m 28 19 
1 27 13 
2 26 0 
3 34 2 
t 928 23 
m 27 19 
1 27 14 
2 27 0 
3 34 1 
t 927 23 
m 26 19 
1 27 15 
2 28 0 
3 34 0 
t 926 23 
m 27 19 
1 27 14 
2 29 0 
3 33 0 
t 925 23 
m 26 19 
1 27 13 
2 30 0 
3 34 0 
t 924 23 
m 27 19 
1 27 12 
2 31 0 
3 34 1 
t 923 23 
m 28 19 
1 27 11 
2 30 0 
3 34 0 
t 922 23 
m 29 19 
1 26 11 
2 31 0 
3 34 1 
t 921 23 
m 29 19 
1 25 11 
2 30 0 
3 34 2 
t 920 23 
m 29 19 
1 24 11 
2 31 0 
3 34 3 
t 919 23 
m 29 19 
1 25 11 
2 32 0 
3 34 4 
t 918 23 
m 29 19 
1 26 11 
2 33 0 
3 33 4 
t 917 23 
m 30 19 
1 25 11 
2 32 0 
3 32 4 
t 916 23 
m 30 19 
1 26 11 
2 31 0 
3 33 4 
t 915 23 
m 30 19 
1 27 11 
2 31 1 
3 32 4 
t 914 23 
m 31 19 
1 26 11 
2 31 0 
3 31 4 
t 913 24 
m 31 19 
1 27 11 
2 30 0 
3 32 4 
t 912 24 
m 31 19 
1 27 12 
2 29 0 
3 31 4 
t 911 24 
m 30 19 
1 27 13 
2 29 1 
3 32 4 
t 910 24 
m 31 19 
1 27 12 
2 29 0 
3 31 4 
t 909 24 
m 30 19 
1 27 11 
2 29 1 
3 31 5 
t 908 24 
m 31 19 
1 27 12 
2 29 0 
3 31 6 
t 907 24 
m 30 19 
1 27 13 
2 29 1 
3 31 7 
t 906 24 
m 29 19 
1 27 14 
2 29 2 
3 30 7 
t 905 24 
m 29 19 
1 27 13 
2 29 1 
3 31 7 
t 904 24 
m 30 19 
1 27 14 
2 29 2 
3 31 6 
t 903 24 
m 30 19 
1 27 15 
2 30 2 
3 31 7 
t 902 24 
m 31 19 
1 28 15 
2 29 2 
3 31 6 
t 901 24 
m 30 19 
1 29 15 
2 30 2 
3 31 5 
t 900 24 
m 29 19 
1 28 15 
2 31 2 
3 31 4 
t 899 24 
m 28 19 
1 27 15 
2 30 2 
3 32 4 
t 898 24 
m 27 19 
1 28 15 
2 29 2 
3 32 3 
t 897 24 
m 28 19 
1 29 15 
2 30 2 
3 32 4 
t 896 24 
m 29 19 
1 28 15 
2 29 2 
3 31 4 
t 895 24 
m 30 19 
1 29 15 
2 29 1 
3 31 5 
t 894 24 
m 31 19 
1 28 15 
2 29 0 
3 31 6 
t 893 24 
m 32 19 
1 29 15 
2 29 1 
3 31 5 
t 892 24 
m 32 19 
1 30 15 
2 29 2 
3 31 4 
t 891 24 
m 33 19 
1 31 15 
2 28 2 
3 31 5 
t 890 24 
m 34 19 
1 31 14 
2 27 2 
3 31 6 
t 889 24 
m 33 19 
1 31 15 
2 28 2 
3 31 5 
t 888 24 
m 32 19 
1 32 15 
2 29 2 
3 31 6 
t 887 24 
m 32 19 
1 33 15 
2 28 2 
3 31 5 
t 886 24 
m 31 19 
1 34 15 
2 27 2 
3 31 4 
t 885 24 
m 31 19 
1 34 14 
2 26 2 
3 31 5 
t 884 24 
m 31 19 
1 34 13 
2 25 2 
3 31 4 
t 883 24 
m 32 19 
1 34 12 
2 25 1 
3 32 4 
t 882 24 
m 33 19 
1 34 11 
2 25 0 
3 33 4 
t 881 24 
m 33 19 
1 34 10 
2 26 0 
3 32 4 
t 880 24 
m 32 19 
1 33 10 
2 25 0 
3 31 4 
t 879 24 
m 33 19 
1 32 10 
2 25 1 
3 30 4 
t 878 24 
m 34 19 
1 33 10 
2 25 2 
3 31 4 
t 877 24 
m 34 18 
1 34 10 
2 25 1 
3 32 4 
t 876 25 
m 34 17 
1 34 11 
2 25 2 
3 32 3 
t 875 26 
m 34 16 
1 34 12 
2 26 2 
3 32 2 
t 874 27 
m 34 15 
1 34 11 
2 27 2 
3 31 2 
t 873 27 
m 33 15 
1 34 10 
2 26 2 
3 32 2 
t 872 27 
m 34 15 
1 33 10 
2 27 2 
3 33 2 
t 871 27 
m 33 15 
1 32 10 
2 28 2 
3 32 2 
t 870 27 
m 32 15 
1 33 10 
2 27 2 
3 32 3 
t 869 27 
m 31 15 
1 34 10 
2 28 2 
3 32 2 
t 868 28 
m 31 14 
1 34 11 
2 28 3 
3 31 2 
t 867 29 
m 31 15 
1 34 12 
2 28 4 
3 30 2 
t 866 29 
m 30 15 
1 34 13 
2 28 5 
3 31 2 
t 865 29 
m 29 15 
1 34 14 
2 28 4 
3 31 1 
t 864 29 
m 29 15 
1 34 13 
2 28 5 
3 31 0 
t 863 29 
m 30 15 
1 34 14 
2 28 6 
3 32 0 
t 862 29 
m 29 15 
1 34 13 
2 28 5 
3 33 0 
t 861 29 
m 28 15 
1 34 14 
2 28 6 
3 34 0 
t 860 30 
m 28 15 
1 34 13 
2 28 5 
3 34 1 
t 859 30 
m 28 15 
1 34 14 
2 28 6 
3 34 0 
t 858 30 
m 28 15 
1 34 15 
2 27 6 
3 34 1 
t 857 30 
m 27 15 
1 34 16 
2 26 6 
3 34 2 
t 856 31 
m 27 14 
1 34 15 
2 27 6 
3 34 1 
t 855 31 
m 27 14 
1 34 14 
2 28 6 
3 34 0 
t 854 31 
m 27 15 
1 34 15 
2 27 6 
3 33 0 
t 853 31 
m 27 14 
1 33 15 
2 26 6 
3 32 0 
t 852 31 
m 27 15 
1 32 15 
2 25 6 
3 33 0 
t 851 31 
m 28 15 
1 33 15 
2 24 6 
3 32 0 
t 850 31 
m 29 15 
1 32 15 
2 25 6 
3 33 0 
t 849 31 
m 30 15 
1 31 15 
2 26 6 
3 32 0 
t 848 31 
m 30 15 
1 31 14 
2 25 6 
3 33 0 
t 847 31 
m 30 15 
1 31 13 
2 26 6 
3 34 0 
t 846 31 
m 30 15 
1 31 14 
2 27 6 
3 33 0 
t 845 31 
m 30 15 
1 31 15 
2 28 6 
3 32 0 
t 844 31 
m 29 15 
1 31 14 
2 28 5 
3 31 0 
t 843 31 
m 30 15 
1 31 13 
2 28 4 
3 30 0 
t 842 31 
m 29 15 
1 31 14 
2 28 3 
3 29 0 
t 841 31 
m 28 15 
1 31 15 
2 28 4 
3 29 1 
t 840 31 
m 28 15 
1 30 15 
2 28 3 
3 29 2 
t 839 31 
m 27 15 
1 31 15 
2 28 2 
3 28 2 
t 838 31 
m 27 14 
1 31 14 
2 29 2 
3 27 2 
t 837 31 
m 27 15 
1 31 13 
2 29 1 
3 28 2 
t 836 31 
m 28 15 
1 31 12 
2 29 0 
3 28 3 
t 835 31 
m 28 15 
1 31 11 
2 28 0 
3 28 4 
t 834 31 
m 28 15 
1 31 12 
2 27 0 
3 28 3 
t 833 31 
m 29 15 
1 31 13 
2 28 0 
3 28 2 
t 832 31 
m 30 15 
1 31 12 
2 29 0 
3 29 2 
t 831 31 
m 31 15 
1 31 13 
2 28 0 
3 30 2 
t 830 31 
m 32 15 
1 31 12 
2 27 0 
3 31 2 
t 829 31 
m 32 15 
1 31 13 
2 28 0 
3 30 2 
t 828 31 
m 33 15 
1 31 12 
2 29 0 
3 29 2 
t 827 31 
m 34 15 
1 31 13 
2 30 0 
3 30 2 
t 826 31 
m 34 14 
1 31 12 
2 31 0 
3 29 2 
t 825 32 
m 34 13 
1 31 11 
2 31 1 
3 28 2 
t 824 32 
m 34 12 
1 31 10 
2 31 2 
3 27 2 
t 823 32 
m 34 11 
1 30 10 
2 32 2 
3 26 2 
t 822 33 
m 34 12 
1 31 10 
2 31 2 
3 27 2 
t 821 33 
m 34 11 
1 31 11 
2 32 2 
3 28 2 
t 820 33 
m 34 12 
1 31 10 
2 32 3 
3 28 3 
t 819 33 
m 34 12 
1 31 11 
2 32 4 
3 28 4 
t 818 33 
m 34 11 
1 31 10 
2 33 4 
3 29 4 
t 817 33 
m 34 11 
1 31 11 
2 32 4 
3 30 4 
t 816 33 
m 34 10 
1 31 12 
2 33 4 
3 31 4 
t 815 34 
m 33 10 
1 31 11 
2 32 4 
3 31 5 
t 814 34 
m 34 10 
1 31 12 
2 33 4 
3 31 6 
t 813 34 
m 34 11 
1 31 11 
2 34 4 
3 31 7 
t 812 34 
m 34 11 
1 31 12 
2 34 3 
3 31 6 
t 811 34 
m 34 11 
1 31 13 
2 34 4 
3 31 7 
t 810 34 
m 34 12 
1 31 14 
2 33 4 
3 31 6 
t 809 34 
m 34 11 
1 31 15 
2 32 4 
3 31 7 
t 808 34 
m 34 10 
1 30 15 
2 33 4 
3 31 6 
t 807 34 
m 34 10 
1 31 15 
2 32 4 
3 31 5 
t 806 34 
m 33 10 
1 31 14 
2 33 4 
3 31 4 
t 805 34 
m 32 10 
1 31 15 
2 34 4 
3 30 4 
t 804 34 
m 32 10 
1 32 15 
2 33 4 
3 29 4 
t 803 34 
m 31 10 
1 31 15 
2 34 4 
3 30 4 
t 802 34 
m 30 10 
1 32 15 
2 33 4 
3 29 4 
t 801 35 
m 29 10 
1 31 15 
2 34 4 
3 28 4 
t 800 35 
m 29 9 
1 32 15 
2 34 3 
3 29 4 
t 799 36 
m 29 8 
1 31 15 
2 34 4 
3 28 4 
t 798 36 
m 29 7 
1 30 15 
2 34 3 
3 29 4 
t 797 37 
m 30 7 
1 29 15 
2 34 4 
3 30 4 
t 796 38 
m 30 7 
1 30 15 
2 34 3 
3 31 4 
t 795 38 
m 29 7 
1 31 15 
2 34 2 
3 32 4 
t 794 38 
m 29 7 
1 31 14 
2 34 1 
3 33 4 
t 793 38 
m 30 7 
1 31 15 
2 34 0 
3 34 4 
t 792 38 
m 29 7 
1 30 15 
2 34 1 
3 33 4 
t 791 38 
m 29 7 
1 31 15 
2 34 2 
3 34 4 
t 790 38 
m 29 8 
1 32 15 
2 33 2 
3 33 4 
t 789 38 
m 29 9 
1 31 15 
2 34 2 
3 32 4 
t 788 38 
m 29 10 
1 32 15 
2 33 2 
3 31 4 
t 787 38 
m 29 10 
1 31 15 
2 34 2 
3 30 4 
t 786 38 
m 29 10 
1 31 14 
2 34 3 
3 29 4 
t 785 38 
m 29 10 
1 31 13 
2 34 4 
3 30 4 
t 784 38 
m 29 9 
1 31 14 
2 34 3 
3 31 4 
t 783 38 
m 29 10 
1 31 15 
2 34 2 
3 32 4 
t 782 38 
m 30 10 
1 31 14 
2 33 2 
3 31 4 
t 781 38 
m 29 10 
1 31 13 
2 32 2 
3 30 4 
t 780 38 
m 29 9 
1 31 12 
2 33 2 
3 29 4 
t 779 38 
m 29 10 
1 31 11 
2 32 2 
3 30 4 
t 778 38 
m 30 10 
1 31 12 
2 32 3 
3 31 4 
t 777 38 
m 29 10 
1 31 13 
2 32 2 
3 31 5 
t 776 38 
m 29 10 
1 31 14 
2 32 3 
3 31 4 
t 775 38 
m 29 10 
1 31 15 
2 32 4 
3 32 4 
t 774 38 
m 29 10 
1 31 14 
2 31 4 
3 33 4 
t 773 38 
m 29 10 
1 31 13 
2 32 4 
3 32 4 
t 772 38 
m 29 10 
1 31 14 
2 31 4 
3 33 4 
t 771 38 
m 29 10 
1 31 15 
2 31 5 
3 32 4 
t 770 38 
m 29 10 
1 31 14 
2 31 4 
3 31 4 
t 769 38 
m 30 10 
1 31 15 
2 30 4 
3 32 4 
t 768 38 
m 30 10 
1 30 15 
2 29 4 
3 33 4 
t 767 38 
m 29 10 
1 29 15 
2 28 4 
3 34 4 
t 766 38 
m 29 10 
1 30 15 
2 28 5 
3 33 4 
t 765 38 
m 29 10 
1 31 15 
2 28 6 
3 34 4 
t 764 38 
m 29 10 
1 31 14 
2 27 6 
3 34 3 
t 763 38 
m 29 10 
1 31 15 
2 26 6 
3 34 2 
t 762 38 
m 29 10 
1 32 15 
2 27 6 
3 34 1 
t 761 38 
m 30 10 
1 33 15 
2 26 6 
3 34 0 
t 760 38 
m 29 10 
1 32 15 
2 27 6 
3 33 0 
t 759 38 
m 29 9 
1 31 15 
2 26 6 
3 32 0 
t 758 38 
m 29 9 
1 30 15 
2 27 6 
3 31 0 
t 757 38 
m 29 10 
1 31 15 
2 26 6 
3 31 1 
t 756 38 
m 29 10 
1 31 14 
2 27 6 
3 31 0 
t 755 38 
m 29 10 
1 31 15 
2 26 6 
3 30 0 
t 754 38 
m 30 10 
1 30 15 
2 25 6 
3 29 0 
t 753 38 
m 29 10 
1 31 15 
2 26 6 
3 30 0 
t 752 38 
m 29 10 
1 30 15 
2 27 6 
3 29 0 
t 751 38 
m 30 10 
1 29 15 
2 26 6 
3 29 1 
t 750 38 
m 30 10 
1 30 15 
2 25 6 
3 29 0 
t 749 38 
m 29 10 
1 31 15 
2 26 6 
3 29 1 
t 748 38 
m 30 10 
1 31 14 
2 27 6 
3 29 2 
t 747 38 
m 29 10 
1 31 15 
2 28 6 
3 30 2 
t 746 38 
m 29 10 
1 30 15 
2 27 6 
3 31 2 
t 745 38 
m 30 10 
1 31 15 
2 28 6 
3 31 1 
t 744 38 
m 29 10 
1 30 15 
2 27 6 
3 31 2 
t 743 38 
m 30 10 
1 29 15 
2 28 6 
3 31 1 
t 742 38 
m 30 10 
1 30 15 
2 27 6 
3 31 0 
t 741 38 
m 30 10 
1 31 15 
2 26 6 
3 32 0 
t 740 38 
m 29 10 
1 30 15 
2 25 6 
3 31 0 
t 739 38 
m 30 10 
1 31 15 
2 26 6 
3 32 0 
t 738 38 
m 29 10 
1 31 14 
2 27 6 
3 33 0 
t 737 38 
m 29 10 
1 31 13 
2 28 6 
3 34 0 
t 736 38 
m 29 9 
1 31 12 
2 27 6 
3 33 0 
t 735 38 
m 29 9 
1 31 13 
2 26 6 
3 32 0 
t 734 38 
m 29 8 
1 31 14 
2 25 6 
3 33 0 
t 733 38 
m 29 9 
1 31 15 
2 26 6 
3 32 0 
t 732 38 
m 29 10 
1 31 14 
2 25 6 
3 31 0 
t 731 38 
m 29 10 
1 31 13 
2 24 6 
3 31 1 
t 730 38 
m 29 10 
1 31 14 
2 24 7 
3 31 0 
t 729 38 
m 29 9 
1 31 15 
2 24 6 
3 31 1 
t 728 38 
m 29 8 
1 31 14 
2 25 6 
3 31 0 
t 727 38 
m 29 8 
1 31 13 
2 24 6 
3 31 1 
t 726 38 
m 29 7 
1 31 12 
2 25 6 
3 31 0 
t 725 38 
m 29 7 
1 31 13 
2 26 6 
3 30 0 
t 724 38 
m 29 7 
1 31 12 
2 25 6 
3 29 0 
t 723 38 
m 29 7 
1 31 11 
2 26 6 
3 28 0 
t 722 38 
m 30 7 
1 31 12 
2 27 6 
3 27 0 
t 721 38 
m 30 7 
1 31 13 
2 26 6 
3 26 0 
t 720 38 
m 31 7 
1 31 12 
2 27 6 
3 27 0 
t 719 38 
m 31 6 
1 31 13 
2 26 6 
3 28 0 
t 718 38 
m 31 7 
1 31 14 
2 25 6 
3 29 0 
t 717 38 
m 30 7 
1 31 13 
2 26 6 
3 30 0 
t 716 38 
m 30 7 
1 31 14 
2 25 6 
3 29 0 
t 715 38 
m 29 7 
1 31 15 
2 24 6 
3 28 0 
t 714 38 
m 29 7 
1 31 14 
2 25 6 
3 27 0 
t 713 38 
m 30 7 
1 31 15 
2 24 6 
3 26 0 
t 712 38 
m 30 7 
1 31 14 
2 23 6 
3 25 0 
t 711 38 
m 30 7 
1 31 13 
2 22 6 
3 26 0 
t 710 38 
m 30 7 
1 31 14 
2 23 6 
3 25 0 
t 709 38 
m 29 7 
1 31 15 
2 22 6 
3 26 0 
t 708 38 
m 29 8 
1 31 14 
2 21 6 
3 27 0 
t 707 38 
m 29 7 
1 31 13 
2 20 6 
3 26 0 
t 706 38 
m 30 7 
1 31 12 
2 21 6 
3 27 0 
t 705 38 
m 30 7 
1 31 11 
2 20 6 
3 28 0 
t 704 38 
m 31 7 
1 31 10 
2 19 6 
3 27 0 
t 703 38 
m 31 6 
1 31 11 
2 20 6 
3 28 0 
t 702 38 
m 31 5 
1 31 10 
2 21 6 
3 27 0 
t 701 39 
m 31 4 
1 31 11 
2 22 6 
3 26 0 
t 700 39 
m 30 4 
1 31 12 
2 22 5 
3 25 0 
t 699 39 
m 30 4 
1 31 11 
2 22 6 
3 26 0 
t 698 39 
m 31 4 
1 31 12 
2 21 6 
3 25 0 
t 697 39 
m 31 4 
1 31 13 
2 22 6 
3 24 0 
t 696 39 
m 32 4 
1 31 12 
2 22 5 
3 23 0 
t 695 39 
m 32 3 
1 31 13 
2 22 6 
3 24 0 
t 694 40 
m 32 2 
1 31 12 
2 22 5 
3 25 0 
t 693 41 
m 31 2 
1 31 11 
2 22 6 
3 24 0 
t 692 41 
m 31 1 
1 31 12 
2 23 6 
3 23 0 
t 691 41 
m 31 0 
1 31 13 
2 22 6 
3 24 0 
t 690 41 
m 31 1 
1 31 14 
2 23 6 
3 25 0 
t 689 41 
m 31 1 
1 31 13 
2 24 6 
3 24 0 
t 688 41 
m 31 0 
1 31 14 
2 23 6 
3 25 0 
t 687 41 
m 31 1 
1 31 15 
2 24 6 
3 24 0 
t 686 41 
m 31 0 
1 30 15 
2 23 6 
3 23 0 
t 685 41 
m 31 0 
1 31 15 
2 24 6 
3 24 0 
t 684 41 
m 30 0 
1 31 14 
2 24 7 
3 25 0 
t 683 41 
m 31 0 
1 31 13 
2 24 8 
3 24 0 
t 682 41 
m 30 0 
1 31 14 
2 24 7 
3 25 0 
t 681 41 
m 31 0 
1 31 13 
2 24 8 
3 26 0 
t 680 41 
m 31 1 
1 31 12 
2 24 9 
3 25 0 
t 679 41 
m 31 0 
1 31 13 
2 24 10 
3 24 0 
t 678 41 
m 31 0 
1 31 12 
2 24 9 
3 23 0 
t 677 41 
m 30 0 
1 31 11 
2 24 10 
3 22 0 
t 676 41 
m 31 0 
1 31 10 
2 24 9 
3 22 1 
t 675 41 
m 31 1 
1 30 10 
2 24 8 
3 22 0 
t 674 41 
m 31 1 
1 31 10 
2 24 9 
3 21 0 
t 673 41 
m 31 1 
1 31 11 
2 24 10 
3 20 0 
t 672 41 
m 31 2 
1 31 12 
2 24 11 
3 19 0 
t 671 41 
m 31 1 
1 31 13 
2 24 10 
3 20 0 
t 670 41 
m 31 1 
1 31 14 
2 24 9 
3 21 0 
t 669 41 
m 31 2 
1 31 13 
2 24 10 
3 22 0 
t 668 41 
m 31 1 
1 31 14 
2 24 9 
3 23 0 
t 667 41 
m 31 1 
1 31 15 
2 24 10 
3 22 0 
t 666 41 
m 31 1 
1 32 15 
2 24 9 
3 22 1 
t 665 41 
m 31 2 
1 33 15 
2 24 8 
3 22 0 
t 664 41 
m 31 1 
1 34 15 
2 24 9 
3 22 1 
t 663 41 
m 31 1 
1 33 15 
2 24 10 
3 22 2 
t 662 41 
m 31 0 
1 34 15 
2 24 11 
3 22 3 
t 661 41 
m 30 0 
1 33 15 
2 25 11 
3 22 2 
t 660 41 
m 29 0 
1 32 15 
2 26 11 
3 22 1 
t 659 42 
m 30 0 
1 33 15 
2 27 11 
3 22 2 
t 658 42 
m 29 0 
1 32 15 
2 26 11 
3 22 1 
t 657 42 
m 30 0 
1 31 15 
2 25 11 
3 22 0 
t 656 42 
m 31 0 
1 30 15 
2 24 11 
3 23 0 
t 655 42 
m 31 0 
1 29 15 
2 25 11 
3 24 0 
t 654 42 
m 30 0 
1 28 15 
2 26 11 
3 25 0 
t 653 42 
m 30 0 
1 27 15 
2 25 11 
3 26 0 
t 652 42 
m 31 0 
1 28 15 
2 24 11 
3 27 0 
t 651 42 
m 30 0 
1 29 15 
2 24 10 
3 26 0 
t 650 42 
m 29 0 
1 30 15 
2 24 11 
3 25 0 
t 649 42 
m 29 1 
1 31 15 
2 25 11 
3 25 1 
t 648 43 
m 29 0 
1 31 14 
2 24 11 
3 25 2 
t 647 43 
m 28 0 
1 31 15 
2 25 11 
3 26 2 
t 646 43 
m 27 0 
1 32 15 
2 26 11 
3 27 2 
t 645 43 
m 26 0 
1 33 15 
2 27 11 
3 28 2 
t 644 43 
m 25 0 
1 32 15 
2 26 11 
3 28 3 
t 643 43 
m 25 0 
1 33 15 
2 27 11 
3 28 2 
t 642 43 
m 25 0 
1 34 15 
2 26 11 
3 29 2 
t 641 43 
m 25 0 
1 34 14 
2 27 11 
3 29 1 
t 640 43 
m 25 0 
1 34 13 
2 26 11 
3 29 0 
t 639 43 
m 24 0 
1 34 14 
2 25 11 
3 30 0 
t 638 43 
m 24 0 
1 34 13 
2 26 11 
3 29 0 
t 637 43 
m 23 0 
1 34 14 
2 27 11 
3 28 0 
t 636 44 
m 24 0 
1 34 13 
2 27 12 
3 29 0 
t 635 44 
m 24 0 
1 34 12 
2 27 13 
3 30 0 
t 634 44 
m 25 0 
1 34 13 
2 27 12 
3 31 0 
t 633 44 
m 25 1 
1 34 14 
2 27 13 
3 32 0 
t 632 44 
m 25 1 
1 34 13 
2 27 14 
3 33 0 
t 631 44 
m 25 0 
1 34 14 
2 27 15 
3 34 0 
t 630 44 
m 24 0 
1 34 13 
2 27 14 
3 33 0 
t 629 44 
m 23 0 
1 34 14 
2 27 15 
3 32 0 
t 628 44 
m 22 0 
1 34 15 
2 27 14 
3 31 0 
t 627 44 
m 21 0 
1 34 16 
2 27 13 
3 32 0 
t 626 44 
m 21 0 
1 34 15 
2 27 14 
3 33 0 
t 625 44 
m 20 0 
1 34 16 
2 27 15 
3 34 0 
t 624 44 
m 21 0 
1 34 17 
2 27 14 
3 33 0 
t 623 44 
m 20 0 
1 34 18 
2 27 15 
3 32 0 
t 622 44 
m 20 0 
1 34 19 
2 27 14 
3 33 0 
t 621 44 
m 21 0 
1 34 18 
2 27 15 
3 34 0 
t 620 44 
m 20 0 
1 34 17 
2 28 15 
3 33 0 
t 619 44 
m 20 0 
1 34 18 
2 29 15 
3 34 0 
t 618 44 
m 21 0 
1 34 19 
2 30 15 
3 33 0 
t 617 44 
m 20 0 
1 34 18 
2 29 15 
3 32 0 
t 616 44 
m 20 0 
1 34 17 
2 30 15 
3 31 0 
t 615 44 
m 20 0 
1 34 18 
2 31 15 
3 30 0 
t 614 44 
m 21 0 
1 34 19 
2 30 15 
3 29 0 
t 613 44 
m 20 0 
1 34 18 
2 31 15 
3 29 1 
t 612 44 
m 19 0 
1 34 19 
2 30 15 
3 29 0 
t 611 45 
m 19 1 
1 34 18 
2 31 15 
3 28 0 
t 610 46 
m 19 0 
1 34 17 
2 31 14 
3 29 0 
t 609 46 
m 19 1 
1 34 16 
2 31 15 
3 30 0 
t 608 46 
m 19 1 
1 34 17 
2 32 15 
3 29 0 
t 607 46 
m 19 0 
1 34 16 
2 33 15 
3 30 0 
t 606 46 
m 20 0 
1 34 15 
2 32 15 
3 29 0 
t 605 46 
m 21 0 
1 34 14 
2 33 15 
3 28 0 
t 604 46 
m 20 0 
1 34 15 
2 32 15 
3 29 0 
t 603 46 
m 21 0 
1 34 16 
2 33 15 
3 29 1 
t 602 46 
m 21 0 
1 34 15 
2 32 15 
3 29 0 
t 601 46 
m 20 0 
1 34 16 
2 31 15 
3 29 1 
t 600 46 
m 21 0 
1 34 15 
2 32 15 
3 29 2 
t 599 46 
m 22 0 
1 33 15 
2 31 15 
3 30 2 
t 598 46 
m 21 0 
1 32 15 
2 32 15 
3 29 2 
t 597 46 
m 22 0 
1 31 15 
2 31 15 
3 28 2 
t 596 46 
m 22 0 
1 31 14 
2 31 14 
3 28 3 
t 595 46 
m 23 0 
1 31 13 
2 31 15 
3 28 4 
t 594 46 
m 22 0 
1 31 14 
2 30 15 
3 29 4 
t 593 46 
m 22 0 
1 31 15 
2 31 15 
3 28 4 
t 592 46 
m 22 0 
1 32 15 
2 31 14 
3 28 5 
t 591 46 
m 21 0 
1 31 15 
2 31 13 
3 28 6 
t 590 46 
m 22 0 
1 30 15 
2 31 12 
3 28 5 
t 589 46 
m 23 0 
1 29 15 
2 31 13 
3 28 6 
t 588 46 
m 23 0 
1 28 15 
2 31 14 
3 28 5 
t 587 46 
m 24 0 
1 27 15 
2 31 15 
3 28 4 
t 586 46 
m 24 0 
1 27 14 
2 30 15 
3 28 3 
t 585 46 
m 25 0 
1 27 15 
2 31 15 
3 28 4 
t 584 46 
m 24 0 
1 28 15 
2 32 15 
3 28 5 
t 583 46 
m 24 0 
1 27 15 
2 31 15 
3 28 6 
t 582 46 
m 24 0 
1 27 14 
2 32 15 
3 27 6 
t 581 46 
m 24 0 
1 27 13 
2 33 15 
3 26 6 
t 580 46 
m 23 0 
1 27 12 
2 32 15 
3 25 6 
t 579 46 
m 24 0 
1 27 11 
2 31 15 
3 26 6 
t 578 46 
m 23 0 
1 26 11 
2 31 14 
3 25 6 
t 577 46 
m 22 0 
1 27 11 
2 31 13 
3 24 6 
t 576 46 
m 22 0 
1 27 12 
2 31 14 
3 23 6 
t 575 46 
m 22 0 
1 27 13 
2 31 15 
3 22 6 
t 574 46 
m 21 0 
1 27 14 
2 30 15 
3 21 6 
t 573 46 
m 22 0 
1 27 13 
2 31 15 
3 22 6 
t 572 46 
m 21 0 
1 27 14 
2 30 15 
3 23 6 
t 571 46 
m 20 0 
1 27 15 
2 29 15 
3 24 6 
t 570 46 
m 21 0 
1 27 14 
2 28 15 
3 24 7 
t 569 46 
m 20 0 
1 27 15 
2 29 15 
3 24 6 
t 568 46 
m 20 0 
1 28 15 
2 30 15 
3 24 7 
t 567 46 
m 20 0 
1 29 15 
2 29 15 
3 24 8 
t 566 46 
m 20 0 
1 28 15 
2 30 15 
3 24 7 
t 565 46 
m 20 0 
1 29 15 
2 31 15 
3 24 8 
t 564 46 
m 20 0 
1 30 15 
2 32 15 
3 24 7 
t 563 46 
m 20 0 
1 29 15 
2 31 15 
3 24 6 
t 562 46 
m 21 0 
1 30 15 
2 32 15 
3 23 6 
t 561 46 
m 21 0 
1 29 15 
2 33 15 
3 24 6 
t 560 46 
m 22 0 
1 30 15 
2 32 15 
3 24 7 
t 559 46 
m 22 1 
1 29 15 
2 33 15 
3 24 8 
t 558 46 
m 22 2 
1 28 15 
2 34 15 
3 24 7 
t 557 46 
m 22 3 
1 27 15 
2 33 15 
3 24 6 
t 556 46 
m 22 4 
1 28 15 
2 32 15 
3 24 7 
t 555 46 
m 22 5 
1 27 15 
2 33 15 
3 24 8 
t 554 47 
m 22 6 
1 28 15 
2 34 15 
3 24 7 
t 553 48 
m 21 6 
1 27 15 
2 33 15 
3 24 6 
t 552 48 
m 21 6 
1 28 15 
2 34 15 
3 23 6 
t 551 48 
m 20 6 
1 27 15 
2 33 15 
3 22 6 
t 550 48 
m 19 6 
1 28 15 
2 34 15 
3 23 6 
t 549 48 
m 19 6 
1 29 15 
2 33 15 
3 24 6 
t 548 48 
m 18 6 
1 28 15 
2 34 15 
3 24 7 
t 547 49 
m 19 6 
1 27 15 
2 33 15 
3 24 6 
t 546 49 
m 18 6 
1 27 14 
2 32 15 
3 24 7 
t 545 49 
m 19 6 
1 27 15 
2 33 15 
3 24 8 
t 544 49 
m 19 6 
1 28 15 
2 34 15 
3 24 9 
t 543 49 
m 19 6 
1 29 15 
2 34 14 
3 24 8 
t 542 49 
m 20 6 
1 28 15 
2 34 15 
3 24 9 
t 541 49 
m 21 6 
1 27 15 
2 34 14 
3 24 8 
t 540 49 
m 21 6 
1 27 14 
2 34 13 
3 24 7 
t 539 49 
m 20 6 
1 27 15 
2 34 14 
3 24 8 
t 538 49 
m 21 6 
1 28 15 
2 34 13 
3 24 9 
t 537 49 
m 20 6 
1 27 15 
2 34 12 
3 24 10 
t 536 49 
m 21 6 
1 27 14 
2 34 13 
3 24 9 
t 535 49 
m 22 6 
1 27 13 
2 34 14 
3 24 8 
t 534 49 
m 22 6 
1 27 14 
2 34 13 
3 24 9 
t 533 49 
m 23 6 
1 27 15 
2 34 12 
3 24 10 
t 532 50 
m 22 6 
1 28 15 
2 34 13 
3 24 11 
t 531 50 
m 22 5 
1 27 15 
2 34 14 
3 25 11 
t 530 50 
m 22 5 
1 27 14 
2 34 13 
3 24 11 
t 529 50 
m 22 5 
1 27 15 
2 34 12 
3 25 11 
t 528 50 
m 22 4 
1 27 14 
2 34 13 
3 24 11 
t 527 50 
m 22 4 
1 27 13 
2 34 14 
3 25 11 
t 526 50 
m 21 4 
1 27 14 
2 34 15 
3 24 11 
t 525 50 
m 21 4 
1 27 13 
2 34 16 
3 25 11 
t 524 50 
m 22 4 
1 27 12 
2 34 15 
3 26 11 
t 523 50 
m 22 3 
1 27 13 
2 34 16 
3 27 11 
t 522 50 
m 22 2 
1 27 14 
2 34 17 
3 26 11 
t 521 50 
m 21 2 
1 27 13 
2 34 18 
3 27 11 
t 520 51 
m 20 2 
1 27 12 
2 34 19 
3 26 11 
t 519 51 
m 19 2 
1 27 13 
2 33 19 
3 25 11 
t 518 52 
m 19 3 
1 27 14 
2 32 19 
3 26 11 
t 517 53 
m 19 2 
1 27 13 
2 33 19 
3 27 11 
t 516 53 
m 19 2 
1 27 14 
2 32 19 
3 26 11 
t 515 53 
m 19 2 
1 27 13 
2 33 19 
3 25 11 
t 514 53 
m 19 3 
1 27 14 
2 32 19 
3 24 11 
t 513 53 
m 19 2 
1 27 13 
2 33 19 
3 24 10 
t 512 53 
m 19 3 
1 27 14 
2 32 19 
3 24 9 
t 511 53 
m 19 2 
1 27 15 
2 33 19 
3 24 8 
t 510 53 
m 20 2 
1 28 15 
2 32 19 
3 24 9 
t 509 53 
m 19 2 
1 27 15 
2 33 19 
3 24 10 
t 508 53 
m 19 1 
1 28 15 
2 34 19 
3 24 11 
t 507 53 
m 19 2 
1 29 15 
2 34 18 
3 24 10 
t 506 53 
m 19 2 
1 28 15 
2 34 19 
3 24 11 
t 505 53 
m 19 3 
1 27 15 
2 33 19 
3 24 10 
t 504 53 
m 19 3 
1 28 15 
2 32 19 
3 24 9 
t 503 53 
m 19 2 
1 29 15 
2 31 19 
3 24 10 
t 502 53 
m 20 2 
1 28 15 
2 30 19 
3 24 11 
t 501 53 
m 21 2 
1 27 15 
2 29 19 
3 25 11 
t 500 53 
m 21 2 
1 28 15 
2 28 19 
3 26 11 
t 499 53 
m 20 2 
1 27 15 
2 27 19 
3 27 11 
t 498 53 
m 21 2 
1 27 14 
2 28 19 
3 26 11 
t 497 53 
m 22 2 
1 27 13 
2 27 19 
3 27 11 
t 496 53 
m 22 3 
1 27 12 
2 28 19 
3 26 11 
t 495 53 
m 22 3 
1 27 11 
2 27 19 
3 25 11 
t 494 53 
m 22 4 
1 26 11 
2 28 19 
3 24 11 
t 493 53 
m 22 4 
1 25 11 
2 27 19 
3 24 10 
t 492 53 
m 22 4 
1 26 11 
2 28 19 
3 24 9 
t 491 53 
m 22 5 
1 27 11 
2 29 19 
3 24 8 
t 490 53 
m 22 4 
1 26 11 
2 30 19 
3 24 9 
t 489 53 
m 21 4 
1 27 11 
2 31 19 
3 24 10 
t 488 53 
m 20 4 
1 26 11 
2 30 19 
3 24 9 
t 487 53 
m 19 4 
1 27 11 
2 29 19 
3 24 8 
t 486 53 
m 18 4 
1 27 12 
2 30 19 
3 24 7 
t 485 53 
m 18 5 
1 27 13 
2 29 19 
3 24 8 
t 484 54 
m 18 4 
1 27 14 
2 28 19 
3 24 9 
t 483 54 
m 17 4 
1 27 15 
2 27 19 
3 24 8 
t 482 54 
m 18 4 
1 28 15 
2 28 19 
3 24 9 
t 481 54 
m 19 4 
1 27 15 
2 29 19 
3 24 8 
t 480 54 
m 19 3 
1 28 15 
2 28 19 
3 24 7 
t 479 54 
m 19 2 
1 29 15 
2 29 19 
3 24 8 
t 478 54 
m 19 3 
1 30 15 
2 30 19 
3 24 9 
t 477 54 
m 19 2 
1 31 15 
2 29 19 
3 24 10 
t 476 54 
m 19 1 
1 32 15 
2 28 19 
3 24 11 
t 475 54 
m 19 0 
1 33 15 
2 29 19 
3 25 11 
t 474 54 
m 20 0 
1 32 15 
2 28 19 
3 24 11 
t 473 54 
m 19 0 
1 31 15 
2 29 19 
3 24 10 
t 472 54 
m 19 1 
1 31 14 
2 30 19 
3 24 9 
t 471 54 
m 19 2 
1 31 13 
2 31 19 
3 24 10 
t 470 54 
m 19 2 
1 31 14 
2 32 19 
3 24 11 
t 469 54 
m 19 2 
1 31 13 
2 31 19 
3 25 11 
t 468 54 
m 19 3 
1 31 14 
2 30 19 
3 26 11 
t 467 54 
m 19 4 
1 31 13 
2 31 19 
3 27 11 
t 466 54 
m 19 4 
1 31 14 
2 32 19 
3 27 12 
t 465 54 
m 18 4 
1 31 13 
2 33 19 
3 27 13 
t 464 54 
m 17 4 
1 31 12 
2 32 19 
3 27 14 
t 463 54 
m 16 4 
1 31 11 
2 33 19 
3 27 15 
t 462 54 
m 15 4 
1 31 12 
2 32 19 
3 27 14 
t 461 55 
m 14 4 
1 31 13 
2 31 19 
3 27 15 
t 460 55 
m 15 4 
1 31 14 
2 32 19 
3 27 14 
t 459 55 
m 15 4 
1 31 15 
2 33 19 
3 27 13 
t 458 55 
m 15 3 
1 31 14 
2 34 19 
3 27 14 
t 457 56 
m 15 2 
1 31 15 
2 33 19 
3 27 15 
t 456 57 
m 15 1 
1 32 15 
2 34 19 
3 28 15 
t 455 58 
m 15 2 
1 33 15 
2 34 18 
3 27 15 
t 454 58 
m 15 2 
1 32 15 
2 34 17 
3 27 14 
t 453 58 
m 15 2 
1 33 15 
2 34 16 
3 27 15 
t 452 58 
m 14 2 
1 34 15 
2 34 15 
3 27 14 
t 451 58 
m 13 2 
1 33 15 
2 33 15 
3 27 13 
t 450 59 
m 14 2 
1 32 15 
2 32 15 
3 27 14 
t 449 59 
m 14 2 
1 31 15 
2 31 15 
3 27 13 
t 448 59 
m 13 2 
1 31 14 
2 30 15 
3 27 12 
t 447 59 
m 13 2 
1 31 15 
2 29 15 
3 27 11 
t 446 59 
m 12 2 
1 32 15 
2 30 15 
3 26 11 
t 445 60 
m 12 3 
1 31 15 
2 29 15 
3 25 11 
t 444 60 
m 12 4 
1 30 15 
2 30 15 
3 26 11 
t 443 61 
m 12 4 
1 31 15 
2 29 15 
3 25 11 
t 442 61 
m 13 4 
1 32 15 
2 28 15 
3 26 11 
t 441 62 
m 12 4 
1 31 15 
2 27 15 
3 25 11 
t 440 62 
m 12 3 
1 30 15 
2 28 15 
3 24 11 
t 439 62 
m 12 2 
1 31 15 
2 27 15 
3 25 11 
t 438 62 
m 13 2 
1 31 14 
2 28 15 
3 24 11 
t 437 62 
m 12 2 
1 31 15 
2 29 15 
3 24 10 
t 436 62 
m 13 2 
1 32 15 
2 30 15 
3 24 9 
t 435 62 
m 12 2 
1 33 15 
2 31 15 
3 24 8 
t 434 62 
m 13 2 
1 34 15 
2 30 15 
3 24 9 
t 433 62 
m 13 2 
1 33 15 
2 31 15 
3 24 10 
t 432 62 
m 12 2 
1 32 15 
2 32 15 
3 24 11 
t 431 62 
m 12 2 
1 31 15 
2 33 15 
3 25 11 
t 430 62 
m 12 1 
1 31 14 
2 34 15 
3 24 11 
t 429 62 
m 12 1 
1 31 13 
2 34 16 
3 25 11 
t 428 62 
m 12 0 
1 31 14 
2 34 17 
3 26 11 
t 427 62 
m 11 0 
1 31 15 
2 34 18 
3 25 11 
t 426 62 
m 11 0 
1 30 15 
2 34 19 
3 26 11 
t 425 62 
m 12 0 
1 31 15 
2 34 18 
3 27 11 
t 424 62 
m 11 0 
1 30 15 
2 34 17 
3 26 11 
t 423 62 
m 10 0 
1 31 15 
2 34 18 
3 25 11 
t 422 63 
m 10 0 
1 31 14 
2 34 19 
3 26 11 
t 421 63 
m 10 0 
1 31 15 
2 33 19 
3 25 11 
t 420 63 
m 11 0 
1 30 15 
2 34 19 
3 24 11 
t 419 63 
m 10 0 
1 29 15 
2 33 19 
3 25 11 
t 418 63 
m 10 0 
1 30 15 
2 32 19 
3 26 11 
t 417 63 
m 9 0 
1 31 15 
2 33 19 
3 25 11 
t 416 63 
m 9 1 
1 30 15 
2 32 19 
3 26 11 
t 415 64 
m 9 0 
1 29 15 
2 33 19 
3 27 11 
t 414 64 
m 8 0 
1 28 15 
2 34 19 
3 26 11 
t 413 64 
m 8 0 
1 29 15 
2 33 19 
3 25 11 
t 412 64 
m 7 0 
1 30 15 
2 34 19 
3 24 11 
t 411 65 
m 8 0 
1 29 15 
2 33 19 
3 25 11 
t 410 65 
m 9 0 
1 30 15 
2 34 19 
3 24 11 
t 409 65 
m 9 1 
1 31 15 
2 34 18 
3 24 10 
t 408 65 
m 9 1 
1 32 15 
2 34 17 
3 24 9 
t 407 65 
m 9 1 
1 33 15 
2 34 18 
3 24 8 
t 406 65 
m 9 0 
1 32 15 
2 34 19 
3 24 7 
t 405 65 
m 10 0 
1 33 15 
2 33 19 
3 24 8 
t 404 65 
m 10 0 
1 32 15 
2 32 19 
3 24 9 
t 403 65 
m 9 0 
1 33 15 
2 33 19 
3 24 10 
t 402 65 
m 9 0 
1 34 15 
2 34 19 
3 24 11 
t 401 65 
m 9 1 
1 34 16 
2 33 19 
3 25 11 
t 400 65 
m 9 0 
1 34 17 
2 32 19 
3 24 11 
t 399 65 
m 9 1 
1 34 16 
2 31 19 
3 24 10 
t 398 65 
m 9 2 
1 34 15 
2 30 19 
3 24 9 
t 397 65 
m 8 2 
1 34 16 
2 29 19 
3 24 8 
t 396 65 
m 9 2 
1 34 15 
2 28 19 
3 24 7 
t 395 65 
m 9 1 
1 34 14 
2 29 19 
3 24 6 
t 394 65 
m 9 0 
1 34 13 
2 28 19 
3 23 6 
t 393 65 
m 8 0 
1 34 14 
2 27 19 
3 24 6 
t 392 65 
m 7 0 
1 34 13 
2 28 19 
3 25 6 
t 391 65 
m 7 0 
1 34 12 
2 29 19 
3 26 6 
t 390 65 
m 7 0 
1 34 13 
2 30 19 
3 25 6 
t 389 65 
m 7 0 
1 34 12 
2 31 19 
3 26 6 
t 388 65 
m 6 0 
1 34 13 
2 30 19 
3 27 6 
t 387 65 
m 5 0 
1 34 12 
2 31 19 
3 28 6 
t 386 65 
m 5 0 
1 34 13 
2 32 19 
3 28 5 
t 385 65 
m 4 0 
1 34 14 
2 31 19 
3 28 4 
t 384 66 
m 3 0 
1 34 13 
2 30 19 
3 29 4 
t 383 67 
m 3 1 
1 34 14 
2 29 19 
3 28 4 
t 382 67 
m 3 1 
1 34 13 
2 30 19 
3 29 4 
t 381 67 
m 3 1 
1 34 12 
2 29 19 
3 28 4 
t 380 67 
m 3 2 
1 34 13 
2 30 19 
3 29 4 
t 379 68 
m 2 2 
1 34 14 
2 31 19 
3 28 4 
t 378 69 
m 2 3 
1 34 13 
2 32 19 
3 29 4 
t 377 70 
m 2 4 
1 34 12 
2 33 19 
3 30 4 
t 376 70 
m 3 4 
1 34 13 
2 34 19 
3 29 4 
t 375 70 
m 3 4 
1 34 12 
2 34 18 
3 28 4 
t 374 70 
m 3 4 
1 34 11 
2 34 19 
3 28 3 
t 373 70 
m 4 4 
1 34 12 
2 33 19 
3 28 2 
t 372 70 
m 4 4 
1 34 11 
2 34 19 
3 29 2 
t 371 70 
m 4 4 
1 34 12 
2 33 19 
3 30 2 
t 370 70 
m 5 4 
1 34 13 
2 34 19 
3 31 2 
t 369 70 
m 6 4 
1 34 14 
2 33 19 
3 32 2 
t 368 70 
m 6 5 
1 34 13 
2 32 19 
3 31 2 
t 367 71 
m 6 6 
1 34 14 
2 33 19 
3 30 2 
t 366 72 
m 6 5 
1 34 15 
2 34 19 
3 31 2 
t 365 72 
m 6 4 
1 33 15 
2 34 18 
3 32 2 
t 364 72 
m 6 3 
1 32 15 
2 34 17 
3 31 2 
t 363 72 
m 6 4 
1 33 15 
2 34 16 
3 32 2 
t 362 72 
m 6 4 
1 34 15 
2 34 17 
3 32 3 
t 361 72 
m 6 5 
1 34 14 
2 34 16 
3 32 4 
t 360 72 
m 6 4 
1 34 13 
2 34 17 
3 33 4 
t 359 72 
m 5 4 
1 34 14 
2 34 18 
3 34 4 
t 358 72 
m 6 4 
1 34 15 
2 34 17 
3 34 3 
t 357 72 
m 6 4 
1 34 16 
2 34 16 
3 34 2 
t 356 72 
m 6 4 
1 34 17 
2 34 15 
3 34 1 
t 355 72 
m 6 3 
1 34 18 
2 34 16 
3 34 2 
t 354 72 
m 6 4 
1 34 17 
2 34 15 
3 34 3 
t 353 72 
m 6 4 
1 34 18 
2 34 14 
3 34 4 
t 352 72 
m 5 4 
1 34 17 
2 34 15 
3 34 3 
t 351 72 
m 4 4 
1 34 18 
2 34 16 
3 34 4 
t 350 72 
m 4 4 
1 34 17 
2 34 15 
3 33 4 
t 349 72 
m 5 4 
1 34 16 
2 33 15 
3 32 4 
t 348 72 
m 5 4 
1 34 15 
2 34 15 
3 31 4 
t 347 72 
m 5 4 
1 33 15 
2 33 15 
3 31 5 
t 346 72 
m 5 4 
1 32 15 
2 32 15 
3 31 4 
t 345 72 
m 6 4 
1 31 15 
2 33 15 
3 30 4 
t 344 72 
m 5 4 
1 30 15 
2 32 15 
3 29 4 
t 343 72 
m 5 4 
1 31 15 
2 31 15 
3 28 4 
t 342 72 
m 4 4 
1 30 15 
2 30 15 
3 29 4 
t 341 72 
m 3 4 
1 29 15 
2 29 15 
3 30 4 
t 340 72 
m 2 4 
1 28 15 
2 28 15 
3 31 4 
t 339 72 
m 2 4 
1 27 15 
2 29 15 
3 32 4 
t 338 72 
m 3 4 
1 27 14 
2 30 15 
3 32 3 
t 337 72 
m 4 4 
1 27 13 
2 29 15 
3 32 2 
t 336 72 
m 3 4 
1 27 14 
2 30 15 
3 33 2 
t 335 72 
m 2 4 
1 27 15 
2 29 15 
3 32 2 
t 334 72 
m 2 4 
1 27 14 
2 28 15 
3 32 3 
t 333 72 
m 2 4 
1 27 15 
2 27 15 
3 32 4 
t 332 72 
m 2 4 
1 28 15 
2 28 15 
3 31 4 
t 331 72 
m 2 4 
1 29 15 
2 29 15 
3 31 5 
t 330 72 
m 1 4 
1 30 15 
2 30 15 
3 31 4 
t 329 73 
m 0 4 
1 29 15 
2 31 15 
3 31 5 
t 328 73 
m 1 4 
1 30 15 
2 30 15 
3 31 6 
t 327 73 
m 1 4 
1 29 15 
2 31 15 
3 31 5 
t 326 73 
m 0 4 
1 30 15 
2 31 14 
3 31 4 
t 325 73 
m 1 4 
1 29 15 
2 31 13 
3 30 4 
t 324 73 
m 0 4 
1 28 15 
2 31 14 
3 31 4 
t 323 73 
m 0 4 
1 27 15 
2 31 13 
3 32 4 
t 322 73 
m 1 4 
1 27 14 
2 31 14 
3 33 4 
t 321 73 
m 1 4 
1 27 13 
2 31 13 
3 34 4 
t 320 73 
m 1 4 
1 27 14 
2 31 12 
3 34 3 
t 319 73 
m 0 4 
1 27 13 
2 31 13 
3 34 4 
t 318 73 
m 0 4 
1 27 14 
2 31 14 
3 34 3 
t 317 73 
m 1 4 
1 27 15 
2 31 13 
3 34 4 
t 316 73 
m 1 4 
1 27 14 
2 31 12 
3 33 4 
t 315 73 
m 2 4 
1 27 13 
2 31 13 
3 32 4 
t 314 73 
m 2 3 
1 27 12 
2 31 14 
3 33 4 
t 313 73 
m 2 2 
1 27 13 
2 31 13 
3 32 4 
t 312 73 
m 2 3 
1 27 14 
2 31 12 
3 33 4 
t 311 73 
m 2 2 
1 27 15 
2 31 11 
3 32 4 
t 310 73 
m 3 2 
1 27 14 
2 31 12 
3 31 4 
t 309 73 
m 3 2 
1 27 15 
2 31 13 
3 31 5 
t 308 73 
m 2 2 
1 27 14 
2 31 12 
3 31 6 
t 307 73 
m 2 2 
1 27 13 
2 31 13 
3 31 5 
t 306 73 
m 1 2 
1 27 12 
2 31 12 
3 31 6 
t 305 74 
m 0 2 
1 27 11 
2 31 11 
3 31 7 
t 304 74 
m 0 1 
1 27 12 
2 31 12 
3 31 6 
t 303 74 
m 0 0 
1 27 13 
2 31 11 
3 31 7 
t 302 75 
m 0 1 
1 27 12 
2 31 12 
3 30 7 
t 301 75 
m 0 0 
1 27 11 
2 31 13 
3 29 7 
t 300 75 
m 0 0 
1 26 11 
2 31 14 
3 30 7 
t 299 75 
m 0 1 
1 25 11 
2 31 13 
3 29 7 
t 298 75 
m 0 0 
1 26 11 
2 31 14 
3 29 8 
t 297 75 
m 1 0 
1 25 11 
2 31 13 
3 29 9 
t 296 75 
m 2 0 
1 26 11 
2 31 12 
3 29 8 
t 295 76 
m 1 0 
1 25 11 
2 31 13 
3 29 9 
t 294 76 
m 0 0 
1 26 11 
2 31 12 
3 29 8 
t 293 76 
m 1 0 
1 25 11 
2 31 11 
3 29 9 
t 292 76 
m 1 0 
1 26 11 
2 31 12 
3 29 10 
t 291 76 
m 2 0 
1 25 11 
2 31 11 
3 30 10 
t 290 76 
m 1 0 
1 24 11 
2 31 10 
3 29 10 
t 289 76 
m 1 0 
1 24 10 
2 31 11 
3 29 9 
t 288 76 
m 2 0 
1 24 11 
2 31 12 
3 29 10 
t 287 76 
m 3 0 
1 24 10 
2 31 11 
3 29 9 
t 286 76 
m 4 0 
1 24 11 
2 31 12 
3 29 10 
t 285 76 
m 4 0 
1 25 11 
2 31 13 
3 30 10 
t 284 76 
m 3 0 
1 26 11 
2 31 12 
3 31 10 
t 283 76 
m 3 0 
1 25 11 
2 31 13 
3 32 10 
t 282 76 
m 3 1 
1 26 11 
2 31 12 
3 31 10 
t 281 76 
m 3 0 
1 27 11 
2 31 13 
3 31 11 
t 280 76 
m 3 0 
1 27 12 
2 31 12 
3 31 10 
t 279 76 
m 2 0 
1 27 11 
2 31 11 
3 30 10 
t 278 76 
m 2 0 
1 26 11 
2 31 10 
3 31 10 
t 277 76 
m 3 0 
1 27 11 
2 31 11 
3 32 10 
t 276 76 
m 3 0 
1 27 12 
2 31 10 
3 33 10 
t 275 76 
m 3 0 
1 27 11 
2 31 11 
3 34 10 
t 274 76 
m 3 0 
1 26 11 
2 31 12 
3 34 11 
t 273 76 
m 2 0 
1 25 11 
2 31 11 
3 34 12 
t 272 76 
m 2 0 
1 24 11 
2 31 10 
3 34 13 
t 271 76 
m 2 0 
1 24 10 
2 30 10 
3 34 12 
t 270 76 
m 2 0 
1 24 11 
2 31 10 
3 34 13 
t 269 76 
m 1 0 
1 24 10 
2 32 10 
3 34 12 
t 268 76 
m 1 0 
1 24 11 
2 33 10 
3 34 13 
t 267 76 
m 1 0 
1 25 11 
2 32 10 
3 34 12 
t 266 76 
m 2 0 
1 26 11 
2 31 10 
3 34 13 
t 265 76 
m 1 0 
1 27 11 
2 31 11 
3 34 12 
t 264 76 
m 2 0 
1 26 11 
2 31 10 
3 34 13 
t 263 76 
m 2 0 
1 25 11 
2 32 10 
3 34 14 
t 262 76 
m 2 0 
1 24 11 
2 31 10 
3 34 13 
t 261 76 
m 2 0 
1 25 11 
2 31 11 
3 34 12 
t 260 76 
m 3 0 
1 26 11 
2 31 10 
3 34 11 
t 259 76 
m 3 0 
1 25 11 
2 30 10 
3 34 12 
t 258 76 
m 3 0 
1 26 11 
2 31 10 
3 34 13 
t 257 76 
m 4 0 
1 27 11 
2 32 10 
3 34 14 
t 256 76 
m 3 0 
1 27 12 
2 33 10 
3 34 13 
t 255 76 
m 4 0 
1 27 11 
2 32 10 
3 34 12 
t 254 76 
m 5 0 
1 27 12 
2 33 10 
3 34 13 
t 253 76 
m 5 0 
1 27 13 
2 34 10 
3 34 12 
t 252 76 
m 6 0 
1 27 12 
2 34 11 
3 34 13 
t 251 76 
m 7 0 
1 27 11 
2 34 10 
3 34 14 
t 250 76 
m 7 0 
1 26 11 
2 34 11 
3 34 13 
t 249 76 
m 7 0 
1 27 11 
2 34 12 
3 34 12 
t 248 76 
m 7 0 
1 27 12 
2 34 11 
3 34 11 
t 247 76 
m 7 0 
1 27 13 
2 34 10 
3 34 12 
t 246 76 
m 6 0 
1 27 14 
2 34 11 
3 34 13 
t 245 76 
m 6 0 
1 27 15 
2 34 12 
3 34 12 
t 244 76 
m 6 0 
1 27 14 
2 34 11 
3 34 13 
t 243 76 
m 7 0 
1 27 13 
2 34 10 
3 34 12 
t 242 76 
m 6 0 
1 27 12 
2 34 11 
3 34 13 
t 241 76 
m 6 0 
1 27 11 
2 34 10 
3 34 14 
t 240 76 
m 7 0 
1 26 11 
2 33 10 
3 34 15 
t 239 76 
m 8 0 
1 27 11 
2 34 10 
3 34 14 
t 238 76 
m 8 0 
1 27 12 
2 33 10 
3 34 13 
t 237 76 
m 8 0 
1 27 13 
2 32 10 
3 34 14 
t 236 76 
m 8 0 
1 27 14 
2 31 10 
3 34 15 
t 235 76 
m 9 0 
1 27 15 
2 30 10 
3 34 16 
t 234 76 
m 9 0 
1 28 15 
2 29 10 
3 34 15 
t 233 76 
m 10 0 
1 29 15 
2 29 9 
3 34 14 
t 232 76 
m 10 0 
1 30 15 
2 29 8 
3 34 15 
t 231 76 
m 11 0 
1 29 15 
2 29 7 
3 34 14 
t 230 76 
m 10 0 
1 30 15 
2 30 7 
3 34 15 
t 229 76 
m 9 0 
1 31 15 
2 29 7 
3 34 14 
t 228 76 
m 9 0 
1 30 15 
2 29 8 
3 34 15 
t 227 76 
m 10 0 
1 29 15 
2 29 9 
3 33 15 
t 226 76 
m 9 0 
1 30 15 
2 29 10 
3 34 15 
t 225 76 
m 9 0 
1 31 15 
2 29 9 
3 34 14 
t 224 76 
m 9 1 
1 32 15 
2 29 10 
3 34 15 
t 223 76 
m 9 1 
1 31 15 
2 30 10 
3 34 16 
t 222 76 
m 9 0 
1 32 15 
2 31 10 
3 34 15 
t 221 76 
m 9 0 
1 31 15 
2 32 10 
3 34 16 
t 220 76 
m 8 0 
1 31 14 
2 33 10 
3 34 17 
t 219 76 
m 7 0 
1 31 15 
2 32 10 
3 34 16 
t 218 76 
m 8 0 
1 31 14 
2 31 10 
3 34 15 
t 217 76 
m 9 0 
1 31 13 
2 32 10 
3 34 14 
t 216 76 
m 9 1 
1 31 14 
2 31 10 
3 34 13 
t 215 76 
m 9 1 
1 31 13 
2 30 10 
3 34 14 
t 214 76 
m 9 0 
1 31 12 
2 29 10 
3 34 15 
t 213 76 
m 9 1 
1 31 11 
2 30 10 
3 33 15 
t 212 76 
m 9 1 
1 31 12 
2 31 10 
3 34 15 
t 211 76 
m 9 1 
1 31 13 
2 30 10 
3 34 14 
t 210 76 
m 9 0 
1 31 12 
2 29 10 
3 34 13 
t 209 76 
m 8 0 
1 31 13 
2 29 9 
3 34 12 
t 208 76 
m 8 0 
1 31 14 
2 29 10 
3 34 13 
t 207 76 
m 8 0 
1 31 13 
2 30 10 
3 34 14 
t 206 76 
m 8 0 
1 31 12 
2 31 10 
3 34 13 
t 205 76 
m 9 0 
1 31 11 
2 32 10 
3 34 14 
t 204 76 
m 8 0 
1 31 10 
2 33 10 
3 34 13 
t 203 76 
m 8 0 
1 30 10 
2 32 10 
3 34 12 
t 202 76 
m 8 0 
1 31 10 
2 31 10 
3 34 11 
t 201 76 
m 8 0 
1 30 10 
2 31 11 
3 34 10 
t 200 76 
m 9 0 
1 29 10 
2 31 10 
3 34 11 
t 199 76 
m 8 0 
1 29 9 
2 32 10 
3 34 12 
t 198 76 
m 7 0 
1 29 8 
2 33 10 
3 34 11 
t 197 76 
m 6 0 
1 29 9 
2 34 10 
3 34 10 
t 196 76 
m 5 0 
1 29 10 
2 33 10 
3 33 10 
t 195 76 
m 5 1 
1 30 10 
2 34 10 
3 34 10 
t 194 76 
m 5 1 
1 29 10 
2 33 10 
3 34 11 
t 193 76 
m 5 0 
1 29 9 
2 34 10 
3 34 10 
t 192 76 
m 4 0 
1 29 8 
2 33 10 
3 33 10 
t 191 76 
m 3 0 
1 29 9 
2 34 10 
3 32 10 
t 190 76 
m 3 1 
1 29 10 
2 33 10 
3 33 10 
t 189 76 
m 3 2 
1 30 10 
2 32 10 
3 32 10 
t 188 76 
m 2 2 
1 31 10 
2 33 10 
3 31 10 
t 187 76 
m 1 2 
1 31 11 
2 32 10 
3 31 11 
t 186 76 
m 2 2 
1 31 10 
2 31 10 
3 31 10 
t 185 76 
m 3 2 
1 31 11 
2 31 11 
3 31 11 
t 184 76 
m 2 2 
1 31 10 
2 31 12 
3 31 10 
t 183 76 
m 2 2 
1 30 10 
2 31 13 
3 32 10 
t 182 76 
m 3 2 
1 29 10 
2 31 14 
3 33 10 
t 181 76 
m 3 1 
1 29 9 
2 31 13 
3 34 10 
t 180 76 
m 3 2 
1 29 8 
2 31 14 
3 33 10 
t 179 76 
m 4 2 
1 29 9 
2 31 13 
3 34 10 
t 178 76 
m 3 2 
1 29 8 
2 31 12 
3 34 11 
t 177 76 
m 2 2 
1 29 9 
2 31 13 
3 34 10 
t 176 76 
m 3 2 
1 29 8 
2 31 12 
3 34 11 
t 175 76 
m 2 2 
1 29 7 
2 31 13 
3 34 12 
t 174 76 
m 2 3 
1 29 8 
2 31 14 
3 34 11 
t 173 76 
m 2 2 
1 29 9 
2 31 15 
3 34 12 
t 172 76 
m 2 2 
1 29 8 
2 30 15 
3 34 13 
t 171 76 
m 1 2 
1 29 7 
2 29 15 
3 34 14 
t 170 76 
m 1 2 
1 30 7 
2 30 15 
3 34 15 
t 169 76 
m 0 2 
1 29 7 
2 31 15 
3 33 15 
t 168 76 
m 0 3 
1 30 7 
2 30 15 
3 34 15 
t 167 76 
m 0 3 
1 29 7 
2 29 15 
3 34 14 
t 166 76 
m 0 4 
1 30 7 
2 30 15 
3 34 13 
t 165 76 
m 0 3 
1 29 7 
2 31 15 
3 34 12 
t 164 76 
m 0 4 
1 30 7 
2 31 14 
3 34 13 
t 163 76 
m 0 3 
1 31 7 
2 31 13 
3 34 12 
t 162 76 
m 0 3 
1 31 6 
2 31 14 
3 34 13 
t 161 76 
m 0 4 
1 31 5 
2 31 13 
3 34 12 
t 160 76 
m 0 4 
1 31 4 
2 31 14 
3 34 13 
t 159 76 
m 1 4 
1 31 5 
2 31 15 
3 34 14 
t 158 76 
m 1 4 
1 31 6 
2 30 15 
3 34 15 
t 157 76 
m 1 4 
1 31 5 
2 31 15 
3 33 15 
t 156 76 
m 0 4 
1 31 4 
2 31 14 
3 34 15 
t 155 76 
m 1 4 
1 31 5 
2 31 13 
3 34 16 
t 154 76 
m 2 4 
1 31 4 
2 31 14 
3 34 15 
t 153 76 
m 3 4 
1 30 4 
2 31 15 
3 34 16 
t 152 76 
m 4 4 
1 31 4 
2 31 14 
3 34 17 
t 151 76 
m 5 4 
1 31 5 
2 31 15 
3 34 18 
t 150 76 
m 6 4 
1 31 4 
2 30 15 
3 34 17 
t 149 76 
m 6 5 
1 30 4 
2 31 15 
3 34 16 
t 148 76 
m 6 4 
1 31 4 
2 32 15 
3 34 15 
t 147 76 
m 5 4 
1 30 4 
2 31 15 
3 34 16 
t 146 76 
m 6 4 
1 29 4 
2 31 14 
3 34 15 
t 145 76 
m 6 4 
1 30 4 
2 31 13 
3 34 16 
t 144 76 
m 6 4 
1 29 4 
2 31 12 
3 34 15 
t 143 76 
m 6 4 
1 28 4 
2 31 11 
3 34 16 
t 142 76 
m 6 3 
1 29 4 
2 31 12 
3 34 15 
t 141 76 
m 6 2 
1 28 4 
2 31 13 
3 34 16 
t 140 76 
m 6 3 
1 29 4 
2 31 12 
3 34 15 
t 139 76 
m 6 3 
1 28 4 
2 31 13 
3 34 14 
t 138 76 
m 6 4 
1 28 3 
2 31 12 
3 34 15 
t 137 76 
m 6 4 
1 28 4 
2 31 11 
3 33 15 
t 136 76 
m 6 5 
1 29 4 
2 31 12 
3 34 15 
t 135 76 
m 6 6 
1 30 4 
2 31 13 
3 34 14 
t 134 76 
m 6 6 
1 31 4 
2 31 14 
3 34 13 
t 133 76 
m 6 5 
1 32 4 
2 31 13 
3 34 12 
t 132 76 
m 6 6 
1 32 3 
2 31 12 
3 34 11 
t 131 76 
m 6 6 
1 32 2 
2 31 13 
3 34 10 
t 130 76 
m 7 6 
1 32 3 
2 31 12 
3 34 11 
t 129 86 
m 8 6 
1 32 4 
2 31 13 
3 34 12 
t 128 87 
m 9 6 
1 32 3 
2 31 14 
3 34 11 
t 127 87 
m 9 6 
1 32 2 
2 31 13 
3 34 12 
t 126 87 
m 8 6 
1 32 3 
2 31 12 
3 34 13 
t 125 87 
m 9 6 
1 32 2 
2 31 13 
3 34 12 
t 124 87 
m 10 6 
1 32 3 
2 31 12 
3 34 11 
t 123 87 
m 11 6 
1 32 4 
2 31 13 
3 34 12 
t 122 88 
m 12 6 
1 32 3 
2 31 14 
3 34 13 
t 121 89 
m 12 5 
1 32 2 
2 31 15 
3 34 12 
t 120 89 
m 12 5 
1 33 2 
2 30 15 
3 34 13 
t 119 89 
m 12 5 
1 34 2 
2 31 15 
3 34 12 
t 118 89 
m 12 6 
1 33 2 
2 30 15 
3 34 11 
t 117 89 
m 12 6 
1 32 2 
2 31 15 
3 34 12 
t 116 89 
m 12 5 
1 33 2 
2 32 15 
3 34 11 
t 115 89 
m 12 5 
1 34 2 
2 31 15 
3 34 10 
t 114 89 
m 12 6 
1 34 3 
2 31 14 
3 33 10 
t 113 89 
m 11 6 
1 34 4 
2 31 13 
3 34 10 
t 112 89 
m 12 6 
1 33 4 
2 31 12 
3 34 11 
t 111 89 
m 13 6 
1 32 4 
2 31 13 
3 34 10 
t 110 89 
m 13 6 
1 32 3 
2 31 14 
3 33 10 
t 109 89 
m 14 6 
1 32 2 
2 31 15 
3 32 10 
t 108 89 
m 15 6 
1 31 2 
2 32 15 
3 33 10 
t 107 90 
m 15 6 
1 32 2 
2 33 15 
3 32 10 
t 106 90 
m 15 6 
1 32 3 
2 34 15 
3 31 10 
t 105 90 
m 14 6 
1 32 2 
2 34 16 
3 31 11 
t 104 90 
m 15 6 
1 32 3 
2 34 15 
3 31 12 
t 103 90 
m 14 6 
1 32 2 
2 33 15 
3 31 11 
t 102 90 
m 14 6 
1 31 2 
2 34 15 
3 31 12 
t 101 90 
m 15 6 
1 31 1 
2 34 16 
3 31 11 
t 100 90 
m 16 6 
1 31 2 
2 34 17 
3 31 10 
t 99 90 
m 17 6 
1 30 2 
2 34 16 
3 30 10 
t 98 91 
m 18 6 
1 29 2 
2 34 17 
3 31 10 
t 97 91 
m 18 6 
1 30 2 
2 34 16 
3 32 10 
t 96 91 
m 18 5 
1 29 2 
2 34 15 
3 33 10 
t 95 91 
f 19 1 
m 18 5 
1 29 1 
2 33 15 
3 34 10 
t 94 91 
m 18 4 
1 29 2 
2 32 15 
3 33 10 
t 93 91 
m 18 4 
1 30 2 
2 33 15 
3 34 10 
t 92 91 
m 19 4 
1 31 2 
2 34 15 
3 34 11 
t 91 91 
m 20 4 
1 30 2 
2 33 15 
3 34 10 
t 90 91 
m 21 4 
1 29 2 
2 34 15 
3 34 11 
t 89 91 
m 21 4 
1 30 2 
2 34 14 
3 34 10 
t 88 91 
m 22 4 
1 31 2 
2 34 13 
3 34 11 
t 87 91 
m 22 4 
1 30 2 
2 34 12 
3 34 10 
t 86 91 
m 22 5 
1 31 2 
2 34 13 
3 34 11 
t 85 91 
m 22 4 
1 31 1 
2 34 12 
3 34 12 
t 84 91 
m 21 4 
1 31 0 
2 34 13 
3 34 13 
t 83 91 
m 20 4 
1 32 0 
2 34 14 
3 34 14 
t 82 91 
m 21 4 
1 33 0 
2 34 15 
3 34 15 
t 81 91 
m 20 4 
1 34 0 
2 34 14 
3 33 15 
t 80 91 
m 21 4 
1 34 1 
2 34 15 
3 32 15 
t 79 91 
m 22 4 
1 34 2 
2 34 14 
3 31 15 
t 78 91 
m 21 4 
1 33 2 
2 34 15 
3 32 15 
t 77 91 
m 22 4 
1 34 2 
2 33 15 
3 31 15 
t 76 91 
m 22 3 
1 33 2 
2 32 15 
3 30 15 
t 75 91 
m 22 2 
1 32 2 
2 33 15 
3 29 15 
t 74 91 
m 22 1 
1 31 2 
2 32 15 
3 30 15 
t 73 91 
m 22 0 
1 30 2 
2 33 15 
3 31 15 
t 72 91 
m 23 0 
1 29 2 
2 34 15 
3 30 15 
t 71 91 
m 22 0 
1 28 2 
2 33 15 
3 29 15 
t 70 91 
m 22 0 
1 29 2 
2 34 15 
3 28 15 
t 69 91 
m 21 0 
1 29 1 
2 34 16 
3 29 15 
t 68 91 
m 20 0 
1 29 2 
2 34 15 
3 30 15 
t 67 91 
m 19 0 
1 29 1 
2 34 14 
3 31 15 
t 66 91 
m 20 0 
1 29 2 
2 34 13 
3 32 15 
t 65 91 
m 21 0 
1 30 2 
2 34 12 
3 31 15 
t 64 91 
m 20 0 
1 31 2 
2 34 13 
3 31 14 
t 63 91 
m 20 0 
1 31 1 
2 34 14 
3 31 15 
t 62 91 
m 19 0 
1 31 2 
2 34 13 
3 31 14 
t 61 91 
m 20 0 
1 30 2 
2 34 14 
3 31 13 
t 60 91 
m 21 0 
1 31 2 
2 34 15 
3 31 14 
t 59 91 
m 22 0 
1 32 2 
2 34 14 
3 31 15 
t 58 91 
m 22 0 
1 32 3 
2 34 13 
3 30 15 
t 57 91 
m 21 0 
1 32 2 
2 34 12 
3 29 15 
t 56 91 
m 20 0 
1 32 3 
2 34 13 
3 30 15 
t 55 91 
m 19 0 
1 32 2 
2 34 12 
3 29 15 
t 54 91 
m 19 1 
1 31 2 
2 34 11 
3 30 15 
t 53 101 
m 19 0 
1 31 1 
2 34 12 
3 31 15 
t 52 101 
m 19 0 
1 31 2 
2 34 11 
3 31 14 
t 51 101 
m 20 0 
1 30 2 
2 34 10 
3 31 13 
t 50 101 
m 19 0 
1 29 2 
2 34 11 
3 31 12 
t 49 101 
m 19 0 
1 28 2 
2 34 12 
3 31 13 
t 48 101 
m 19 1 
1 27 2 
2 34 11 
3 31 14 
t 47 101 
m 19 0 
1 28 2 
2 34 12 
3 31 15 
t 46 101 
m 19 0 
1 29 2 
2 34 11 
3 30 15 
t 45 101 
m 19 0 
1 28 2 
2 34 10 
3 29 15 
t 44 101 
m 20 0 
1 29 2 
2 34 11 
3 28 15 
t 43 101 
m 20 0 
1 30 2 
2 34 12 
3 29 15 
t 42 101 
m 21 0 
1 29 2 
2 34 11 
3 28 15 
t 41 101 
m 20 0 
1 30 2 
2 34 12 
3 27 15 
t 40 101 
m 19 0 
1 31 2 
2 34 11 
3 28 15 
t 39 101 
m 19 0 
1 30 2 
2 34 10 
3 29 15 
t 38 101 
m 20 0 
1 31 2 
2 34 11 
3 30 15 
t 37 101 
m 19 0 
1 32 2 
2 34 10 
3 29 15 
t 36 101 
m 19 0 
1 31 2 
2 33 10 
3 28 15 
t 35 101 
m 20 0 
1 31 1 
2 34 10 
3 27 15 
t 34 101 
m 20 0 
1 31 0 
2 33 10 
3 27 14 
t 33 101 
m 20 0 
1 32 0 
2 34 10 
3 27 13 
t 32 101 
m 19 0 
1 31 0 
2 34 11 
3 27 12 
t 31 101 
m 19 0 
1 32 0 
2 34 10 
3 27 13 
t 30 101 
m 19 0 
1 33 0 
2 34 11 
3 27 12 
t 29 101 
m 19 0 
1 32 0 
2 34 10 
3 27 13 
t 28 101 
m 19 0 
1 33 0 
2 34 11 
3 27 12 
t 27 101 
m 19 0 
1 34 0 
2 34 12 
3 27 13 
t 26 101 
m 19 0 
1 34 1 
2 34 11 
3 27 12 
t 25 101 
m 20 0 
1 34 2 
2 34 12 
3 27 11 
t 24 101 
m 19 0 
1 33 2 
2 34 13 
3 27 12 
t 23 101 
m 19 1 
1 32 2 
2 34 14 
3 27 13 
t 22 101 
m 19 0 
1 32 3 
2 34 15 
3 27 14 
t 21 101 
m 19 0 
1 32 2 
2 34 14 
3 27 13 
t 20 101 
m 19 0 
1 32 3 
2 34 13 
3 27 12 
t 19 101 
m 19 0 
1 32 2 
2 34 14 
3 27 11 
t 18 101 
m 20 0 
1 33 2 
2 34 13 
3 27 12 
t 17 101 
m 19 0 
1 34 2 
2 34 14 
3 27 13 
t 16 101 
m 20 0 
1 34 1 
2 34 15 
3 27 12 
t 15 101 
m 19 0 
1 34 2 
2 34 16 
3 27 11 
t 14 101 
m 20 0 
1 34 1 
2 34 15 
3 26 11 
t 13 101 
m 20 0 
1 34 2 
2 34 14 
3 27 11 
t 12 101 
m 21 0 
1 34 3 
2 34 13 
3 27 12 
t 11 101 
m 20 0 
1 34 4 
2 34 12 
3 27 11 
t 10 101 
m 19 0 
1 33 4 
2 34 13 
3 26 11 
t 9 101 
m 19 0 
1 32 4 
2 34 14 
3 27 11 
t 8 101 
m 19 0 
1 31 4 
2 34 13 
3 26 11 
t 7 101 
m 19 1 
1 30 4 
2 34 14 
3 27 11 
t 6 101 
m 19 0 
1 29 4 
2 34 13 
3 27 12 
t 5 101 
m 20 0 
1 28 4 
2 34 12 
3 27 11 
t 4 101 
m 21 0 
1 29 4 
2 34 13 
3 27 12 
t 3 101 
m 21 0 
1 28 4 
2 34 12 
3 27 11 
t 2 101 
m 21 0 
1 29 4 
2 34 11 
3 26 11 
t 1 101 
