35
20
m 0 19 
1 34 0 
2 34 0 
3 34 0 
w 12 19 
w 13 19 
w 14 19 
w 15 19 
w 16 19 
w 17 19 
w 18 19 
w 19 19 
w 20 19 
w 21 19 
w 22 19 
w 1 18 
w 2 18 
w 3 18 
w 4 18 
w 5 18 
w 6 18 
w 8 18 
w 10 18 
w 12 18 
w 13 18 
w 14 18 
w 15 18 
w 16 18 
w 17 18 
w 18 18 
w 19 18 
w 20 18 
w 21 18 
w 22 18 
w 24 18 
w 26 18 
w 28 18 
w 29 18 
w 30 18 
w 31 18 
w 32 18 
w 33 18 
w 1 17 
w 2 17 
w 3 17 
w 4 17 
w 5 17 
w 6 17 
w 8 17 
w 10 17 
w 12 17 
w 13 17 
w 14 17 
w 15 17 
w 16 17 
w 17 17 
w 18 17 
w 19 17 
w 20 17 
w 21 17 
w 22 17 
w 24 17 
w 26 17 
w 28 17 
w 29 17 
w 30 17 
w 31 17 
w 32 17 
w 33 17 
w 1 16 
w 2 16 
w 3 16 
w 4 16 
w 8 16 
w 10 16 
w 12 16 
w 13 16 
w 14 16 
w 15 16 
w 16 16 
w 17 16 
w 18 16 
w 19 16 
w 20 16 
w 21 16 
w 22 16 
w 24 16 
w 26 16 
w 30 16 
w 31 16 
w 32 16 
w 33 16 
w 6 15 
w 7 15 
w 13 15 
w 14 15 
w 15 15 
w 16 15 
w 17 15 
w 18 15 
w 19 15 
w 20 15 
w 21 15 
w 27 15 
w 28 15 
w 1 14 
w 2 14 
w 3 14 
w 4 14 
w 6 14 
w 7 14 
w 9 14 
w 11 14 
w 13 14 
w 14 14 
w 15 14 
w 16 14 
w 17 14 
w 18 14 
w 19 14 
w 20 14 
w 21 14 
w 23 14 
w 25 14 
w 27 14 
w 28 14 
w 30 14 
w 31 14 
w 32 14 
w 33 14 
w 9 13 
w 11 13 
w 23 13 
w 25 13 
w 1 12 
w 2 12 
w 3 12 
w 4 12 
w 6 12 
w 7 12 
w 8 12 
w 9 12 
w 11 12 
w 12 12 
w 13 12 
w 14 12 
w 15 12 
w 16 12 
w 17 12 
w 18 12 
w 19 12 
w 20 12 
w 21 12 
w 22 12 
w 23 12 
w 25 12 
w 26 12 
w 27 12 
w 28 12 
w 30 12 
w 31 12 
w 32 12 
w 33 12 
w 1 11 
w 2 11 
w 3 11 
w 4 11 
w 6 11 
w 7 11 
w 8 11 
w 9 11 
w 11 11 
w 12 11 
w 13 11 
w 14 11 
w 15 11 
w 16 11 
w 17 11 
w 18 11 
w 19 11 
w 20 11 
w 21 11 
w 22 11 
w 23 11 
w 25 11 
w 26 11 
w 27 11 
w 28 11 
w 30 11 
w 31 11 
w 32 11 
w 33 11 
w 1 10 
w 2 10 
w 3 10 
w 4 10 
w 6 10 
w 7 10 
w 8 10 
w 9 10 
w 13 10 
w 14 10 
w 15 10 
w 16 10 
w 17 10 
w 18 10 
w 19 10 
w 20 10 
w 21 10 
w 25 10 
w 26 10 
w 27 10 
w 28 10 
w 30 10 
w 31 10 
w 32 10 
w 33 10 
w 1 9 
w 2 9 
w 3 9 
w 4 9 
w 11 9 
w 13 9 
w 14 9 
w 15 9 
w 19 9 
w 20 9 
w 21 9 
w 23 9 
w 30 9 
w 31 9 
w 32 9 
w 33 9 
w 1 8 
w 2 8 
w 3 8 
w 4 8 
w 6 8 
w 7 8 
w 8 8 
w 9 8 
w 10 8 
w 11 8 
w 13 8 
w 14 8 
w 15 8 
w 17 8 
w 19 8 
w 20 8 
w 21 8 
w 23 8 
w 24 8 
w 25 8 
w 26 8 
w 27 8 
w 28 8 
w 30 8 
w 31 8 
w 32 8 
w 33 8 
w 1 7 
w 2 7 
w 3 7 
w 4 7 
w 6 7 
w 7 7 
w 8 7 
w 9 7 
w 10 7 
w 11 7 
w 13 7 
w 14 7 
w 15 7 
w 17 7 
w 19 7 
w 20 7 
w 21 7 
w 23 7 
w 24 7 
w 25 7 
w 26 7 
w 27 7 
w 28 7 
w 30 7 
w 31 7 
w 32 7 
w 33 7 
w 1 6 
w 2 6 
w 3 6 
w 4 6 
w 14 6 
w 15 6 
w 17 6 
w 19 6 
w 20 6 
w 30 6 
w 31 6 
w 32 6 
w 33 6 
w 6 5 
w 7 5 
w 9 5 
w 10 5 
w 11 5 
w 12 5 
w 14 5 
w 15 5 
w 17 5 
w 19 5 
w 20 5 
w 22 5 
w 23 5 
w 24 5 
w 25 5 
w 27 5 
w 28 5 
w 1 4 
w 2 4 
w 3 4 
w 14 4 
w 15 4 
w 19 4 
w 20 4 
w 31 4 
w 32 4 
w 33 4 
w 1 3 
w 2 3 
w 3 3 
w 5 3 
w 6 3 
w 7 3 
w 9 3 
w 10 3 
w 11 3 
w 12 3 
w 17 3 
w 22 3 
w 23 3 
w 24 3 
w 25 3 
w 27 3 
w 28 3 
w 29 3 
w 31 3 
w 32 3 
w 33 3 
w 1 2 
w 2 2 
w 9 2 
w 10 2 
w 11 2 
w 12 2 
w 13 2 
w 15 2 
w 16 2 
w 17 2 
w 18 2 
w 19 2 
w 21 2 
w 22 2 
w 23 2 
w 24 2 
w 25 2 
w 32 2 
w 33 2 
w 1 1 
w 2 1 
w 4 1 
w 5 1 
w 6 1 
w 7 1 
w 8 1 
w 9 1 
w 10 1 
w 11 1 
w 12 1 
w 13 1 
w 15 1 
w 16 1 
w 17 1 
w 18 1 
w 19 1 
w 21 1 
w 22 1 
w 23 1 
w 24 1 
w 25 1 
w 26 1 
w 27 1 
w 28 1 
w 29 1 
w 30 1 
w 32 1 
w 33 1 
w 4 0 
w 5 0 
w 6 0 
w 7 0 
w 8 0 
w 9 0 
w 10 0 
w 11 0 
w 12 0 
w 13 0 
w 21 0 
w 22 0 
w 23 0 
w 24 0 
w 25 0 
w 26 0 
w 27 0 
w 28 0 
w 29 0 
w 30 0 
p 1 19 
p 2 19 
p 4 19 
p 6 19 
p 7 19 
p 8 19 
p 9 19 
p 23 19 
p 26 19 
p 27 19 
p 29 19 
p 31 19 
p 33 19 
p 7 18 
p 9 18 
p 11 18 
p 23 18 
p 27 18 
p 0 17 
p 11 17 
p 23 17 
p 25 17 
p 0 16 
p 5 16 
p 6 16 
p 25 16 
p 27 16 
p 28 16 
p 0 15 
p 1 15 
p 2 15 
p 4 15 
p 5 15 
p 12 15 
p 22 15 
p 23 15 
p 24 15 
p 25 15 
p 26 15 
p 31 15 
p 32 15 
p 33 15 
p 34 15 
p 10 14 
p 24 14 
p 34 14 
p 0 13 
p 2 13 
p 3 13 
p 7 13 
p 10 13 
p 14 13 
p 17 13 
p 19 13 
p 21 13 
p 22 13 
p 26 13 
p 27 13 
p 29 13 
p 31 13 
p 34 13 
p 0 12 
p 10 12 
p 29 12 
p 10 11 
p 29 11 
p 34 11 
p 5 10 
p 10 10 
p 22 10 
p 23 10 
p 24 10 
p 34 10 
p 5 9 
p 6 9 
p 7 9 
p 9 9 
p 10 9 
p 16 9 
p 17 9 
p 18 9 
p 24 9 
p 26 9 
p 27 9 
p 29 9 
p 34 9 
p 0 8 
p 12 8 
p 18 8 
p 29 8 
p 0 7 
p 5 7 
p 16 7 
p 22 7 
p 29 7 
p 34 7 
p 5 6 
p 9 6 
p 24 6 
p 0 5 
p 3 5 
p 4 5 
p 5 5 
p 8 5 
p 16 5 
p 21 5 
p 26 5 
p 29 5 
p 30 5 
p 31 5 
p 32 5 
p 34 5 
p 4 4 
p 6 4 
p 8 4 
p 10 4 
p 11 4 
p 18 4 
p 21 4 
p 23 4 
p 24 4 
p 27 4 
p 29 4 
p 30 4 
p 34 4 
p 8 3 
p 13 3 
p 14 3 
p 15 3 
p 20 3 
p 21 3 
p 26 3 
p 0 2 
p 5 2 
p 7 2 
p 20 2 
p 26 2 
p 30 2 
p 31 2 
p 34 2 
p 3 1 
p 20 1 
p 34 1 
t 1400 0 
m 0 19 
1 34 1 
2 34 1 
3 33 0 
t 1399 0 
m 0 18 
1 34 0 
2 34 0 
3 32 0 
t 1398 0 
m 0 19 
1 34 1 
2 34 1 
3 33 0 
t 1397 0 
f 5 14 
m 0 18 
1 34 2 
2 34 2 
3 32 0 
t 1396 0 
m 0 17 
1 34 3 
2 34 3 
3 33 0 
t 1395 1 
m 0 16 
1 34 4 
2 34 2 
3 32 0 
t 1394 2 
m 0 15 
1 34 5 
2 34 1 
3 31 0 
t 1393 3 
m 0 15 
1 33 5 
2 34 0 
3 31 1 
t 1392 3 
m 0 14 
1 32 5 
2 33 0 
3 31 0 
t 1391 3 
m 0 14 
1 31 5 
2 34 0 
3 31 1 
t 1390 3 
m 0 13 
1 32 5 
2 33 0 
3 31 0 
t 1389 3 
m 0 12 
1 33 5 
2 32 0 
3 32 0 
t 1388 4 
m 0 11 
1 32 5 
2 33 0 
3 33 0 
t 1387 4 
m 0 11 
1 33 5 
2 34 0 
3 32 0 
t 1386 4 
m 0 12 
1 32 5 
2 33 0 
3 31 0 
t 1385 4 
m 0 12 
1 33 5 
2 34 0 
3 31 1 
t 1384 4 
m 0 12 
1 32 5 
2 33 0 
3 31 0 
t 1383 4 
m 0 12 
1 33 5 
2 34 0 
3 32 0 
t 1382 4 
m 0 12 
1 34 5 
2 34 1 
3 33 0 
t 1381 4 
m 0 11 
1 34 4 
2 34 2 
3 34 0 
t 1380 4 
m 0 12 
1 34 5 
2 34 3 
3 34 1 
t 1379 4 
m 0 13 
1 34 6 
2 34 4 
3 34 2 
t 1378 4 
m 0 12 
1 34 7 
2 34 5 
3 34 1 
t 1377 4 
m 0 12 
1 34 6 
2 34 6 
3 34 0 
t 1376 4 
m 0 13 
1 34 5 
2 34 7 
3 33 0 
t 1375 4 
m 0 14 
1 34 6 
2 34 8 
3 34 0 
t 1374 4 
m 0 13 
1 34 5 
2 34 7 
3 33 0 
t 1373 4 
m 0 13 
1 33 5 
2 34 6 
3 34 0 
t 1372 4 
m 0 13 
1 34 5 
2 34 5 
3 33 0 
t 1371 4 
m 0 13 
1 34 6 
2 34 4 
3 32 0 
t 1370 4 
m 0 13 
1 34 5 
2 34 5 
3 31 0 
t 1369 4 
m 0 14 
1 34 4 
2 34 6 
3 32 0 
t 1368 4 
m 0 13 
1 34 3 
2 34 7 
3 33 0 
t 1367 4 
m 0 14 
1 34 2 
2 34 8 
3 34 0 
t 1366 4 
m 0 13 
1 34 3 
2 34 9 
3 34 1 
t 1365 4 
m 0 12 
1 34 2 
2 34 8 
3 34 2 
t 1364 4 
m 0 11 
1 34 3 
2 34 9 
3 34 1 
t 1363 4 
m 0 11 
1 34 4 
2 34 10 
3 34 0 
t 1362 4 
m 0 10 
1 34 5 
2 34 9 
3 34 1 
t 1361 4 
m 0 9 
1 34 6 
2 34 8 
3 34 2 
t 1360 4 
m 0 9 
1 34 5 
2 34 7 
3 34 3 
t 1359 4 
m 0 10 
1 34 4 
2 34 6 
3 34 2 
t 1358 4 
m 0 9 
1 34 3 
2 34 5 
3 34 3 
t 1357 4 
m 0 10 
1 34 2 
2 34 6 
3 34 4 
t 1356 4 
m 0 9 
1 34 1 
2 34 7 
3 34 5 
t 1355 4 
m 0 9 
1 34 2 
2 34 6 
3 34 4 
t 1354 4 
m 0 10 
1 34 3 
2 34 7 
3 34 3 
t 1353 4 
m 0 11 
1 34 2 
2 34 6 
3 34 4 
t 1352 4 
m 0 10 
1 34 1 
2 34 7 
3 34 5 
t 1351 4 
m 0 9 
1 34 0 
2 34 8 
3 33 5 
t 1350 4 
m 0 8 
1 34 1 
2 34 9 
3 34 5 
t 1349 5 
m 0 9 
1 34 0 
2 34 8 
3 33 5 
t 1348 5 
m 0 10 
1 34 1 
2 34 7 
3 34 5 
t 1347 5 
m 0 10 
1 34 0 
2 34 6 
3 33 5 
t 1346 5 
m 0 10 
1 33 0 
2 34 5 
3 34 5 
t 1345 5 
m 0 11 
1 34 0 
2 33 5 
3 33 5 
t 1344 5 
m 0 11 
1 33 0 
2 32 5 
3 32 5 
t 1343 5 
m 0 12 
1 34 0 
2 33 5 
3 33 5 
t 1342 5 
m 0 13 
1 33 0 
2 32 5 
3 34 5 
t 1341 5 
m 0 12 
1 32 0 
2 31 5 
3 33 5 
t 1340 5 
m 0 11 
1 33 0 
2 30 5 
3 32 5 
t 1339 5 
m 0 11 
1 34 0 
2 30 4 
3 31 5 
t 1338 5 
m 0 10 
1 34 1 
2 30 3 
3 32 5 
t 1337 5 
m 0 9 
1 34 2 
2 30 2 
3 33 5 
t 1336 5 
m 0 9 
1 34 1 
2 29 2 
3 32 5 
t 1335 5 
m 0 8 
1 34 2 
2 28 2 
3 31 5 
t 1334 5 
m 0 9 
1 34 3 
2 27 2 
3 30 5 
t 1333 5 
m 0 9 
1 34 2 
2 26 2 
3 29 5 
t 1332 5 
m 0 10 
1 34 3 
2 27 2 
3 30 5 
t 1331 5 
m 0 11 
1 34 4 
2 26 2 
3 31 5 
t 1330 5 
m 0 10 
1 34 5 
2 26 3 
3 30 5 
t 1329 5 
m 0 11 
1 34 4 
2 26 4 
3 31 5 
t 1328 5 
m 0 11 
1 34 3 
2 26 3 
3 32 5 
t 1327 5 
m 0 10 
1 34 2 
2 26 2 
3 33 5 
t 1326 5 
m 0 11 
1 34 3 
2 27 2 
3 32 5 
t 1325 5 
m 0 10 
1 34 4 
2 26 2 
3 31 5 
t 1324 5 
m 0 10 
1 34 5 
2 27 2 
3 30 5 
t 1323 5 
m 0 10 
1 33 5 
2 28 2 
3 30 4 
t 1322 5 
m 0 11 
1 34 5 
2 27 2 
3 29 4 
t 1321 5 
m 0 12 
1 34 4 
2 26 2 
3 29 5 
t 1320 5 
m 0 12 
1 34 3 
2 27 2 
3 29 6 
t 1319 5 
m 0 12 
1 34 2 
2 28 2 
3 28 6 
t 1318 5 
m 0 11 
1 34 1 
2 27 2 
3 27 6 
t 1317 5 
m 0 12 
1 34 0 
2 28 2 
3 26 6 
t 1316 5 
m 0 13 
1 33 0 
2 29 2 
3 26 5 
t 1315 5 
m 0 12 
1 34 0 
2 30 2 
3 26 4 
t 1314 5 
m 0 12 
1 34 1 
2 31 2 
3 26 5 
t 1313 5 
m 0 13 
1 34 2 
2 30 2 
3 26 4 
t 1312 5 
m 0 14 
1 34 3 
2 31 2 
3 26 3 
t 1311 5 
m 0 14 
1 34 4 
2 30 2 
3 26 4 
t 1310 5 
m 0 15 
1 34 3 
2 30 3 
3 25 4 
t 1309 5 
m 0 15 
1 34 2 
2 30 2 
3 24 4 
t 1308 5 
m 0 14 
1 34 1 
2 29 2 
3 25 4 
t 1307 5 
m 0 14 
1 34 2 
2 28 2 
3 24 4 
t 1306 5 
m 0 13 
1 34 1 
2 29 2 
3 25 4 
t 1305 5 
m 0 13 
1 34 2 
2 28 2 
3 24 4 
t 1304 5 
m 0 12 
1 34 3 
2 29 2 
3 25 4 
t 1303 5 
m 0 12 
1 34 2 
2 28 2 
3 24 4 
t 1302 5 
m 0 12 
1 34 3 
2 27 2 
3 25 4 
t 1301 5 
m 0 11 
1 34 2 
2 28 2 
3 26 4 
t 1300 5 
m 0 12 
1 34 3 
2 27 2 
3 25 4 
t 1299 5 
m 0 11 
1 34 2 
2 26 2 
3 24 4 
t 1298 5 
m 0 10 
1 34 3 
2 26 3 
3 23 4 
t 1297 5 
m 0 11 
1 34 4 
2 26 2 
3 22 4 
t 1296 5 
m 0 12 
1 34 5 
2 26 3 
3 23 4 
t 1295 5 
m 0 13 
1 33 5 
2 26 2 
3 22 4 
t 1294 5 
m 1 13 
1 32 5 
2 26 3 
3 21 4 
t 1293 5 
m 2 13 
1 31 5 
2 26 2 
3 21 3 
t 1292 5 
m 2 13 
1 30 5 
2 27 2 
3 21 4 
t 1291 5 
m 3 13 
1 29 5 
2 28 2 
3 21 5 
t 1290 6 
m 2 13 
1 30 5 
2 27 2 
3 21 6 
t 1289 6 
m 3 13 
1 30 4 
2 26 2 
3 22 6 
t 1288 6 
m 4 13 
1 30 5 
2 26 3 
3 23 6 
t 1287 6 
m 3 13 
1 30 4 
2 26 4 
3 22 6 
t 1286 6 
m 4 13 
1 30 3 
2 26 5 
3 23 6 
t 1285 6 
m 5 13 
1 30 4 
2 26 6 
3 22 6 
t 1284 6 
m 5 13 
1 29 4 
2 26 5 
3 23 6 
t 1283 6 
m 5 12 
1 29 5 
2 26 6 
3 24 6 
t 1282 6 
m 5 12 
1 30 5 
2 25 6 
3 25 6 
t 1281 6 
m 5 11 
1 29 5 
2 26 6 
3 24 6 
t 1280 6 
m 5 11 
1 30 5 
2 25 6 
3 23 6 
t 1279 6 
m 5 11 
1 29 5 
2 26 6 
3 22 6 
t 1278 6 
m 5 10 
1 29 6 
2 25 6 
3 21 6 
t 1277 7 
m 5 9 
1 29 7 
2 26 6 
3 21 5 
t 1276 7 
m 6 9 
1 29 6 
2 26 5 
3 21 6 
t 1275 8 
m 7 9 
1 29 7 
2 26 6 
3 22 6 
t 1274 9 
m 8 9 
1 29 8 
2 26 5 
3 21 6 
t 1273 9 
m 9 9 
1 29 9 
2 26 6 
3 21 5 
t 1272 10 
m 10 9 
1 28 9 
2 25 6 
3 21 4 
t 1271 10 
m 10 10 
1 29 9 
2 24 6 
3 22 4 
t 1270 11 
m 10 11 
1 29 8 
2 23 6 
3 21 4 
t 1269 12 
m 10 12 
1 29 9 
2 24 6 
3 22 4 
t 1268 12 
m 10 12 
1 29 10 
2 23 6 
3 21 4 
t 1267 12 
m 10 13 
1 29 9 
2 24 6 
3 21 5 
t 1266 13 
m 10 14 
1 29 8 
2 23 6 
3 21 4 
t 1265 14 
m 10 13 
1 29 9 
2 24 6 
3 21 3 
t 1264 14 
m 10 14 
1 29 10 
2 23 6 
3 21 4 
t 1263 14 
m 10 13 
1 29 11 
2 24 6 
3 21 5 
t 1262 14 
m 10 14 
1 29 12 
2 25 6 
3 21 6 
t 1261 14 
m 10 13 
1 29 13 
2 24 6 
3 21 5 
t 1260 14 
m 10 13 
1 30 13 
2 23 6 
3 21 6 
t 1259 14 
m 10 14 
1 31 13 
2 22 6 
3 22 6 
t 1258 14 
m 10 15 
1 30 13 
2 22 7 
3 22 7 
t 1257 14 
m 10 15 
1 29 13 
2 22 8 
3 22 6 
t 1256 14 
m 9 15 
1 30 13 
2 22 7 
3 22 7 
t 1255 14 
m 9 16 
1 31 13 
2 22 6 
3 22 6 
t 1254 14 
m 9 15 
1 30 13 
2 22 7 
3 23 6 
t 1253 14 
m 8 15 
1 29 13 
2 22 6 
3 24 6 
t 1252 14 
m 8 14 
1 30 13 
2 22 7 
3 25 6 
t 1251 14 
m 8 13 
1 31 13 
2 22 6 
3 26 6 
t 1250 14 
m 8 13 
1 32 13 
2 23 6 
3 26 5 
t 1249 14 
m 7 13 
1 31 13 
2 24 6 
3 26 4 
t 1248 14 
m 6 13 
1 30 13 
2 25 6 
3 26 5 
t 1247 14 
m 7 13 
1 29 13 
2 24 6 
3 26 6 
t 1246 14 
m 7 13 
1 29 14 
2 23 6 
3 26 5 
t 1245 14 
m 7 13 
1 29 13 
2 22 6 
3 26 6 
t 1244 14 
m 6 13 
1 29 12 
2 21 6 
3 27 6 
t 1243 14 
m 6 13 
1 29 11 
2 21 5 
3 26 6 
t 1242 14 
m 6 13 
1 29 10 
2 21 6 
3 25 6 
t 1241 14 
m 7 13 
1 29 11 
2 21 5 
3 26 6 
t 1240 14 
m 7 13 
1 29 10 
2 21 4 
3 25 6 
t 1239 14 
m 8 13 
1 29 11 
2 22 4 
3 24 6 
t 1238 14 
m 8 14 
1 29 12 
2 23 4 
3 25 6 
t 1237 14 
m 8 15 
1 29 11 
2 22 4 
3 24 6 
t 1236 14 
m 9 15 
1 29 12 
2 21 4 
3 23 6 
t 1235 14 
m 9 16 
1 29 13 
2 21 3 
3 24 6 
t 1234 14 
m 9 17 
1 29 14 
2 21 4 
3 23 6 
t 1233 14 
m 9 18 
1 29 15 
2 22 4 
3 22 6 
t 1232 15 
m 9 17 
1 30 15 
2 21 4 
3 22 7 
t 1231 15 
m 9 16 
1 29 15 
2 21 3 
3 22 6 
t 1230 15 
m 9 16 
1 29 14 
2 21 4 
3 21 6 
t 1229 15 
m 9 17 
1 29 15 
2 21 5 
3 21 5 
t 1228 15 
m 9 18 
1 29 14 
2 21 4 
3 21 6 
t 1227 15 
m 9 19 
1 29 15 
2 22 4 
3 21 5 
t 1226 16 
m 10 19 
1 30 15 
2 21 4 
3 21 6 
t 1225 16 
m 11 19 
1 29 15 
2 22 4 
3 22 6 
t 1224 16 
m 11 19 
1 29 14 
2 21 4 
3 23 6 
t 1223 16 
m 11 18 
1 29 15 
2 21 5 
3 24 6 
t 1222 17 
m 11 17 
1 29 16 
2 21 4 
3 25 6 
t 1221 17 
m 11 16 
1 28 16 
2 21 5 
3 24 6 
t 1220 17 
m 11 16 
1 29 16 
2 21 4 
3 23 6 
t 1219 17 
m 11 15 
1 28 16 
2 21 5 
3 24 6 
t 1218 17 
m 12 15 
1 27 16 
2 21 6 
3 25 6 
t 1217 18 
m 12 15 
1 28 16 
2 21 5 
3 26 6 
t 1216 18 
m 11 15 
1 27 16 
2 21 6 
3 25 6 
t 1215 18 
m 11 15 
1 28 16 
2 22 6 
3 26 6 
t 1214 18 
m 11 16 
1 29 16 
2 23 6 
3 26 5 
t 1213 18 
m 11 16 
1 28 16 
2 22 6 
3 26 6 
t 1212 18 
m 11 15 
1 27 16 
2 21 6 
3 27 6 
t 1211 18 
m 10 15 
1 28 16 
2 22 6 
3 26 6 
t 1210 18 
m 9 15 
1 29 16 
2 22 7 
3 27 6 
t 1209 18 
m 9 16 
1 28 16 
2 22 6 
3 28 6 
t 1208 18 
m 9 15 
1 29 16 
2 22 7 
3 29 6 
t 1207 18 
m 9 16 
1 28 16 
2 22 6 
3 29 7 
t 1206 18 
m 9 16 
1 29 16 
2 22 7 
3 29 8 
t 1205 18 
m 9 17 
1 29 15 
2 22 8 
3 29 9 
t 1204 18 
m 9 16 
1 30 15 
2 22 9 
3 28 9 
t 1203 18 
m 9 15 
1 31 15 
2 22 10 
3 29 9 
t 1202 18 
m 8 15 
1 30 15 
2 23 10 
3 29 8 
t 1201 18 
m 8 15 
1 31 15 
2 22 10 
3 29 9 
t 1200 18 
m 9 15 
1 32 15 
2 22 9 
3 29 10 
t 1199 18 
m 8 15 
1 31 15 
2 22 8 
3 29 9 
t 1198 18 
m 8 15 
1 32 15 
2 22 7 
3 29 10 
t 1197 18 
m 8 15 
1 33 15 
2 22 8 
3 29 11 
t 1196 18 
m 8 15 
1 32 15 
2 22 7 
3 29 10 
t 1195 18 
m 8 15 
1 33 15 
2 22 8 
3 29 9 
t 1194 18 
m 9 15 
1 34 15 
2 22 9 
3 29 8 
t 1193 18 
m 8 15 
1 34 14 
2 22 10 
3 29 7 
t 1192 18 
m 8 14 
1 34 13 
2 23 10 
3 29 6 
t 1191 18 
m 8 13 
1 34 14 
2 24 10 
3 29 7 
t 1190 18 
m 8 14 
1 34 15 
2 23 10 
3 29 6 
t 1189 18 
m 8 15 
1 34 14 
2 24 10 
3 28 6 
t 1188 18 
m 8 14 
1 34 13 
2 23 10 
3 27 6 
t 1187 18 
m 8 13 
1 34 14 
2 22 10 
3 26 6 
t 1186 18 
m 8 14 
1 34 13 
2 23 10 
3 25 6 
t 1185 18 
m 8 13 
1 34 12 
2 22 10 
3 26 6 
t 1184 18 
m 7 13 
1 34 11 
2 23 10 
3 27 6 
t 1183 18 
m 6 13 
1 34 12 
2 22 10 
3 28 6 
t 1182 18 
m 7 13 
1 34 13 
2 22 9 
3 29 6 
t 1181 18 
m 7 13 
1 34 14 
2 22 8 
3 29 5 
t 1180 18 
m 6 13 
1 34 13 
2 22 7 
3 29 6 
t 1179 18 
m 6 13 
1 33 13 
2 22 8 
3 29 7 
t 1178 18 
m 7 13 
1 34 13 
2 22 9 
3 29 6 
t 1177 18 
m 8 13 
1 34 14 
2 22 8 
3 29 5 
t 1176 18 
m 7 13 
1 34 13 
2 22 9 
3 29 6 
t 1175 18 
m 8 13 
1 34 12 
2 22 8 
3 28 6 
t 1174 18 
m 8 13 
1 34 13 
2 22 9 
3 27 6 
t 1173 18 
m 7 13 
1 33 13 
2 22 8 
3 28 6 
t 1172 18 
m 7 13 
1 34 13 
2 22 7 
3 29 6 
t 1171 18 
m 7 13 
1 33 13 
2 22 6 
3 29 5 
t 1170 18 
m 7 13 
1 34 13 
2 23 6 
3 30 5 
t 1169 18 
m 7 13 
1 34 12 
2 22 6 
3 30 4 
t 1168 18 
m 8 13 
1 34 13 
2 21 6 
3 30 3 
t 1167 18 
m 8 14 
1 33 13 
2 22 6 
3 30 2 
t 1166 18 
m 8 13 
1 34 13 
2 22 7 
3 29 2 
t 1165 18 
m 8 14 
1 34 12 
2 22 6 
3 28 2 
t 1164 18 
m 8 15 
1 34 11 
2 22 7 
3 27 2 
t 1163 18 
m 9 15 
1 34 12 
2 22 8 
3 28 2 
t 1162 18 
m 9 15 
1 34 11 
2 22 9 
3 29 2 
t 1161 18 
m 10 15 
1 34 12 
2 22 10 
3 28 2 
t 1160 18 
m 10 15 
1 34 13 
2 23 10 
3 29 2 
t 1159 18 
m 10 14 
1 34 14 
2 24 10 
3 30 2 
t 1158 18 
m 10 15 
1 34 15 
2 24 9 
3 31 2 
t 1157 18 
m 10 15 
1 33 15 
2 24 10 
3 31 1 
t 1156 18 
m 11 15 
1 32 15 
2 23 10 
3 31 0 
t 1155 18 
m 12 15 
1 33 15 
2 22 10 
3 32 0 
t 1154 18 
m 11 15 
1 34 15 
2 23 10 
3 31 0 
t 1153 18 
m 10 15 
1 34 16 
2 22 10 
3 32 0 
t 1152 18 
m 9 15 
1 34 17 
2 22 9 
3 31 0 
t 1151 18 
m 9 15 
1 34 16 
2 22 8 
3 31 1 
t 1150 18 
m 8 15 
1 34 17 
2 22 7 
3 31 0 
t 1149 18 
m 8 15 
1 34 18 
2 22 8 
3 31 1 
t 1148 18 
m 8 15 
1 34 19 
2 22 7 
3 31 0 
t 1147 18 
m 8 15 
1 34 18 
2 22 6 
3 31 1 
t 1146 18 
m 8 15 
1 34 19 
2 22 7 
3 31 2 
t 1145 18 
m 8 14 
1 34 18 
2 22 6 
3 30 2 
t 1144 18 
m 8 13 
1 34 17 
2 23 6 
3 30 3 
t 1143 18 
m 8 14 
1 34 16 
2 24 6 
3 30 4 
t 1142 18 
m 8 15 
1 34 15 
2 25 6 
3 30 3 
t 1141 18 
m 9 15 
1 34 14 
2 24 6 
3 30 4 
t 1140 18 
m 8 15 
1 34 13 
2 23 6 
3 30 3 
t 1139 18 
m 8 15 
1 34 14 
2 22 6 
3 30 2 
t 1138 18 
m 8 15 
1 34 13 
2 22 7 
3 31 2 
t 1137 18 
m 9 15 
1 34 12 
2 22 6 
3 30 2 
t 1136 18 
m 9 16 
1 34 11 
2 23 6 
3 29 2 
t 1135 18 
m 9 16 
1 34 10 
2 24 6 
3 28 2 
t 1134 18 
m 9 17 
1 34 9 
2 23 6 
3 29 2 
t 1133 18 
m 9 16 
1 34 10 
2 24 6 
3 30 2 
t 1132 18 
m 9 15 
1 34 11 
2 25 6 
3 30 3 
t 1131 18 
m 9 15 
1 34 12 
2 26 6 
3 30 4 
t 1130 18 
m 10 15 
1 34 13 
2 26 5 
3 29 4 
t 1129 18 
m 11 15 
1 34 14 
2 26 6 
3 28 4 
t 1128 18 
m 11 15 
1 34 15 
2 25 6 
3 29 4 
t 1127 18 
m 10 15 
1 33 15 
2 26 6 
3 30 4 
t 1126 18 
m 10 15 
1 34 15 
2 27 6 
3 30 5 
t 1125 18 
m 10 15 
1 34 14 
2 26 6 
3 29 5 
t 1124 18 
m 10 15 
1 34 13 
2 26 5 
3 30 5 
t 1123 18 
m 9 15 
1 33 13 
2 26 4 
3 30 4 
t 1122 18 
m 9 15 
1 32 13 
2 26 3 
3 30 3 
t 1121 18 
m 8 15 
1 33 13 
2 26 4 
3 30 2 
t 1120 18 
m 8 15 
1 34 13 
2 27 4 
3 29 2 
t 1119 18 
m 8 15 
1 34 14 
2 26 4 
3 28 2 
t 1118 18 
m 8 15 
1 34 15 
2 26 5 
3 29 2 
t 1117 18 
m 9 15 
1 34 14 
2 26 6 
3 28 2 
t 1116 18 
m 9 16 
1 34 13 
2 26 5 
3 29 2 
t 1115 18 
m 9 17 
1 33 13 
2 26 6 
3 30 2 
t 1114 18 
m 9 17 
1 34 13 
2 26 5 
3 31 2 
t 1113 18 
m 9 18 
1 33 13 
2 26 6 
3 31 1 
t 1112 18 
m 9 18 
1 34 13 
2 26 5 
3 31 0 
t 1111 18 
m 9 19 
1 34 14 
2 26 4 
3 31 1 
t 1110 18 
m 9 18 
1 34 15 
2 27 4 
3 31 0 
t 1109 18 
m 9 19 
1 33 15 
2 28 4 
3 32 0 
t 1108 18 
m 8 19 
1 32 15 
2 27 4 
3 31 0 
t 1107 19 
m 8 19 
1 33 15 
2 26 4 
3 32 0 
t 1106 19 
m 8 19 
1 34 15 
2 25 4 
3 33 0 
t 1105 19 
m 7 19 
1 34 16 
2 26 4 
3 32 0 
t 1104 19 
m 8 19 
1 34 15 
2 27 4 
3 33 0 
t 1103 19 
m 7 19 
1 33 15 
2 28 4 
3 32 0 
t 1102 19 
m 7 18 
1 32 15 
2 29 4 
3 31 0 
t 1101 20 
m 7 17 
1 33 15 
2 30 4 
3 32 0 
t 1100 20 
m 7 17 
1 32 15 
2 30 3 
3 33 0 
t 1099 20 
m 7 17 
1 33 15 
2 30 4 
3 34 0 
t 1098 20 
m 7 18 
1 34 15 
2 30 3 
3 34 1 
t 1097 20 
m 7 18 
1 34 14 
2 30 4 
3 34 2 
t 1096 20 
m 7 17 
1 34 15 
2 30 5 
3 34 1 
t 1095 20 
m 7 17 
1 34 16 
2 31 5 
3 34 2 
t 1094 20 
m 7 17 
1 34 17 
2 30 5 
3 34 1 
t 1093 20 
m 7 16 
1 34 18 
2 29 5 
3 34 0 
t 1092 20 
m 6 16 
1 34 17 
2 30 5 
3 33 0 
t 1091 21 
m 6 16 
1 34 18 
2 31 5 
3 34 0 
t 1090 21 
m 7 16 
1 34 19 
2 32 5 
3 33 0 
t 1089 21 
m 6 16 
1 33 19 
2 33 5 
3 34 0 
t 1088 21 
m 7 16 
1 34 19 
2 32 5 
3 33 0 
t 1087 21 
m 7 16 
1 33 19 
2 31 5 
3 34 0 
t 1086 21 
m 7 16 
1 32 19 
2 30 5 
3 33 0 
t 1085 21 
m 7 16 
1 33 19 
2 29 5 
3 34 0 
t 1084 21 
m 7 16 
1 32 19 
2 30 5 
3 34 1 
t 1083 21 
m 7 17 
1 31 19 
2 31 5 
3 34 0 
t 1082 21 
m 7 17 
1 32 19 
2 32 5 
3 34 1 
t 1081 21 
m 7 16 
1 33 19 
2 31 5 
3 34 0 
t 1080 21 
m 6 16 
1 32 19 
2 30 5 
3 34 1 
t 1079 21 
m 7 16 
1 33 19 
2 29 5 
3 34 2 
t 1078 21 
m 7 17 
1 32 19 
2 29 4 
3 34 1 
t 1077 21 
m 7 18 
1 31 19 
2 28 4 
3 34 2 
t 1076 21 
m 7 18 
1 30 19 
2 27 4 
3 34 1 
t 1075 21 
m 7 18 
1 31 19 
2 28 4 
3 34 0 
t 1074 21 
m 7 18 
1 30 19 
2 27 4 
3 33 0 
t 1073 21 
m 7 18 
1 29 19 
2 26 4 
3 32 0 
t 1072 21 
m 7 18 
1 30 19 
2 26 3 
3 31 0 
t 1071 21 
m 7 18 
1 29 19 
2 26 4 
3 32 0 
t 1070 21 
m 7 19 
1 30 19 
2 26 5 
3 33 0 
t 1069 21 
m 6 19 
1 31 19 
2 26 6 
3 34 0 
t 1068 21 
m 7 19 
1 32 19 
2 27 6 
3 34 1 
t 1067 21 
m 7 18 
1 31 19 
2 28 6 
3 34 2 
t 1066 21 
m 7 17 
1 32 19 
2 27 6 
3 34 3 
t 1065 21 
m 7 17 
1 31 19 
2 28 6 
3 34 4 
t 1064 21 
m 7 17 
1 30 19 
2 27 6 
3 34 5 
t 1063 21 
m 7 17 
1 29 19 
2 26 6 
3 34 4 
t 1062 21 
m 7 18 
1 28 19 
2 25 6 
3 34 3 
t 1061 21 
m 7 19 
1 29 19 
2 26 6 
3 34 2 
t 1060 21 
m 7 18 
1 30 19 
2 27 6 
3 34 1 
t 1059 21 
m 7 18 
1 29 19 
2 28 6 
3 34 2 
t 1058 21 
m 7 17 
1 30 19 
2 27 6 
3 34 3 
t 1057 21 
m 7 18 
1 29 19 
2 26 6 
3 34 4 
t 1056 21 
m 7 18 
1 30 19 
2 27 6 
3 34 5 
t 1055 21 
m 7 17 
1 31 19 
2 28 6 
3 34 4 
t 1054 21 
m 7 16 
1 32 19 
2 27 6 
3 34 3 
t 1053 21 
m 7 17 
1 31 19 
2 28 6 
3 34 2 
t 1052 21 
m 7 18 
1 30 19 
2 29 6 
3 34 3 
t 1051 21 
m 7 18 
1 31 19 
2 29 7 
3 34 2 
t 1050 21 
m 7 17 
1 32 19 
2 29 8 
3 34 1 
t 1049 21 
m 7 17 
1 31 19 
2 29 9 
3 34 2 
t 1048 21 
m 7 16 
1 30 19 
2 29 8 
3 34 3 
t 1047 21 
m 7 16 
1 29 19 
2 29 7 
3 34 4 
t 1046 21 
m 7 16 
1 30 19 
2 29 6 
3 34 3 
t 1045 21 
m 6 16 
1 29 19 
2 29 5 
3 34 2 
t 1044 21 
m 5 16 
1 28 19 
2 29 4 
3 34 3 
t 1043 22 
m 5 15 
1 27 19 
2 28 4 
3 34 4 
t 1042 23 
m 5 15 
1 26 19 
2 29 4 
3 34 5 
t 1041 23 
m 5 15 
1 27 19 
2 30 4 
3 33 5 
t 1040 23 
m 5 15 
1 26 19 
2 29 4 
3 34 5 
t 1039 23 
m 5 14 
1 25 19 
2 30 4 
3 34 6 
t 1038 33 
m 5 15 
1 25 18 
2 30 3 
3 34 7 
t 1037 33 
m 5 16 
1 25 19 
2 30 4 
3 34 8 
t 1036 33 
m 5 15 
1 24 19 
2 29 4 
3 34 7 
t 1035 33 
m 4 15 
1 25 19 
2 29 5 
3 34 6 
t 1034 34 
m 5 15 
1 24 19 
2 30 5 
3 34 5 
t 1033 34 
m 5 15 
1 25 19 
2 30 4 
3 34 6 
t 1032 34 
m 5 15 
1 25 18 
2 29 4 
3 34 7 
t 1031 34 
m 4 15 
1 25 17 
2 30 4 
3 34 8 
t 1030 34 
m 5 15 
1 25 16 
2 30 3 
3 34 7 
t 1029 34 
m 4 15 
1 25 17 
2 30 4 
3 34 6 
t 1028 34 
m 3 15 
1 25 16 
2 30 3 
3 34 7 
t 1027 34 
m 3 15 
1 25 17 
2 30 4 
3 34 6 
t 1026 34 
m 2 15 
1 25 16 
2 29 4 
3 34 5 
t 1025 34 
m 3 15 
1 25 15 
2 30 4 
3 34 4 
t 1024 34 
m 4 15 
1 26 15 
2 30 5 
3 34 5 
t 1023 34 
m 3 15 
1 26 14 
2 31 5 
3 33 5 
t 1022 34 
m 2 15 
1 26 13 
2 30 5 
3 34 5 
t 1021 34 
m 1 15 
1 27 13 
2 30 4 
3 33 5 
t 1020 35 
m 0 15 
1 26 13 
2 30 5 
3 34 5 
t 1019 35 
m 0 14 
1 26 14 
2 29 5 
3 33 5 
t 1018 35 
m 0 13 
1 26 15 
2 29 6 
3 32 5 
t 1017 35 
m 0 13 
1 25 15 
2 29 7 
3 33 5 
t 1016 35 
m 0 14 
1 24 15 
2 29 6 
3 32 5 
t 1015 35 
m 0 13 
1 24 14 
2 29 5 
3 31 5 
t 1014 35 
m 1 13 
1 24 15 
2 29 4 
3 32 5 
t 1013 35 
m 0 13 
1 25 15 
2 28 4 
3 31 5 
t 1012 35 
m 0 12 
1 25 16 
2 29 4 
3 30 5 
t 1011 35 
m 0 13 
1 25 17 
2 28 4 
3 30 4 
t 1010 35 
m 0 14 
1 25 18 
2 27 4 
3 30 5 
t 1009 35 
m 0 14 
1 25 19 
2 28 4 
3 31 5 
t 1008 35 
m 0 15 
1 24 19 
2 27 4 
3 30 5 
t 1007 35 
m 1 15 
1 25 19 
2 28 4 
3 30 4 
t 1006 35 
m 0 15 
1 26 19 
2 27 4 
3 30 3 
t 1005 35 
m 0 15 
1 27 19 
2 28 4 
3 30 4 
t 1004 35 
m 0 15 
1 27 18 
2 27 4 
3 29 4 
t 1003 35 
m 1 15 
1 27 17 
2 28 4 
3 30 4 
t 1002 35 
m 0 15 
1 27 16 
2 27 4 
3 30 3 
t 1001 35 
m 0 16 
1 27 17 
2 28 4 
3 30 2 
t 1000 35 
m 0 15 
1 27 16 
2 27 4 
3 30 3 
t 999 35 
m 0 15 
1 27 17 
2 26 4 
3 30 2 
t 998 35 
m 0 16 
1 27 16 
2 26 3 
3 30 3 
t 997 35 
m 0 15 
1 28 16 
2 26 4 
3 30 2 
t 996 35 
m 0 15 
1 29 16 
2 27 4 
3 29 2 
t 995 35 
m 0 15 
1 28 16 
2 28 4 
3 28 2 
t 994 35 
m 0 16 
1 27 16 
2 29 4 
3 29 2 
t 993 35 
m 0 15 
1 27 17 
2 29 5 
3 28 2 
t 992 35 
m 0 16 
1 27 16 
2 29 6 
3 27 2 
t 991 35 
m 0 17 
1 28 16 
2 28 6 
3 28 2 
t 990 35 
m 0 17 
1 27 16 
2 29 6 
3 27 2 
t 989 35 
m 0 17 
1 28 16 
2 29 7 
3 28 2 
t 988 35 
m 0 18 
1 27 16 
2 29 6 
3 29 2 
t 987 35 
m 0 17 
1 27 17 
2 29 7 
3 28 2 
t 986 35 
m 0 18 
1 27 18 
2 29 8 
3 29 2 
t 985 35 
m 0 19 
1 27 19 
2 29 9 
3 30 2 
t 984 35 
m 1 19 
1 27 18 
2 28 9 
3 30 3 
t 983 36 
m 2 19 
1 27 17 
2 29 9 
3 30 2 
t 982 36 
m 1 19 
1 27 18 
2 29 10 
3 31 2 
t 981 36 
m 1 19 
1 27 19 
2 29 11 
3 31 1 
t 980 36 
m 2 19 
1 27 18 
2 29 12 
3 31 2 
t 979 36 
m 1 19 
1 27 17 
2 29 13 
3 30 2 
t 978 36 
m 0 19 
1 27 18 
2 30 13 
3 31 2 
t 977 36 
m 0 18 
1 27 19 
2 31 13 
3 31 1 
t 976 36 
m 0 19 
1 26 19 
2 30 13 
3 31 0 
t 975 36 
m 0 18 
1 25 19 
2 31 13 
3 31 1 
t 974 36 
m 0 19 
1 25 18 
2 30 13 
3 31 0 
t 973 36 
m 0 18 
1 25 19 
2 31 13 
3 32 0 
t 972 36 
m 0 18 
1 25 18 
2 32 13 
3 33 0 
t 971 36 
m 0 17 
1 25 19 
2 31 13 
3 32 0 
t 970 36 
m 0 18 
1 25 18 
2 30 13 
3 33 0 
t 969 36 
m 0 18 
1 25 17 
2 29 13 
3 32 0 
t 968 36 
m 0 18 
1 25 18 
2 29 12 
3 31 0 
t 967 36 
m 0 17 
1 25 19 
2 29 13 
3 32 0 
t 966 36 
m 0 16 
1 24 19 
2 29 12 
3 33 0 
t 965 36 
m 0 15 
1 23 19 
2 29 11 
3 32 0 
t 964 36 
m 0 14 
1 24 19 
2 29 12 
3 31 0 
t 963 36 
m 0 14 
1 25 19 
2 29 13 
3 32 0 
t 962 36 
m 0 15 
1 24 19 
2 28 13 
3 33 0 
t 961 36 
m 0 16 
1 25 19 
2 27 13 
3 34 0 
t 960 36 
m 0 15 
1 26 19 
2 28 13 
3 33 0 
t 959 36 
m 0 14 
1 25 19 
2 27 13 
3 32 0 
t 958 36 
m 0 14 
1 24 19 
2 28 13 
3 31 0 
t 957 36 
f 22 8 
m 0 15 
1 25 19 
2 29 13 
3 31 1 
t 956 36 
m 0 16 
1 25 18 
2 29 14 
3 31 0 
t 955 36 
m 0 15 
1 25 19 
2 29 13 
3 32 0 
t 954 36 
m 0 15 
1 26 19 
2 29 12 
3 33 0 
t 953 36 
m 0 15 
1 25 19 
2 29 13 
3 34 0 
t 952 36 
m 0 15 
1 24 19 
2 28 13 
3 34 1 
t 951 36 
m 1 15 
1 25 19 
2 29 13 
3 34 0 
t 950 36 
m 1 15 
1 24 19 
2 30 13 
3 33 0 
t 949 36 
m 0 15 
1 23 19 
2 31 13 
3 34 0 
t 948 36 
m 1 15 
1 24 19 
2 30 13 
3 33 0 
t 947 36 
m 1 15 
1 25 19 
2 31 13 
3 34 0 
t 946 36 
m 2 15 
1 26 19 
2 30 13 
3 34 1 
t 945 36 
m 1 15 
1 25 19 
2 31 13 
3 34 0 
t 944 36 
m 1 15 
1 26 19 
2 32 13 
3 33 0 
t 943 36 
m 2 15 
1 25 19 
2 33 13 
3 34 0 
t 942 36 
m 2 15 
1 26 19 
2 32 13 
3 34 1 
t 941 36 
m 3 15 
1 25 19 
2 33 13 
3 34 0 
t 940 36 
m 2 15 
1 25 18 
2 32 13 
3 33 0 
t 939 36 
m 2 15 
1 25 19 
2 33 13 
3 34 0 
t 938 36 
m 3 15 
1 24 19 
2 34 13 
3 34 1 
t 937 36 
m 4 15 
1 23 19 
2 34 14 
3 34 2 
t 936 36 
m 4 15 
1 24 19 
2 34 15 
3 34 3 
t 935 36 
m 5 15 
1 23 19 
2 33 15 
3 34 4 
t 934 36 
m 4 15 
1 24 19 
2 32 15 
3 34 3 
t 933 36 
m 5 15 
1 23 19 
2 31 15 
3 34 2 
t 932 36 
m 4 15 
1 24 19 
2 30 15 
3 34 3 
t 931 36 
m 4 15 
1 25 19 
2 31 15 
3 34 4 
t 930 36 
m 4 15 
1 26 19 
2 32 15 
3 34 5 
t 929 36 
m 4 15 
1 25 19 
2 33 15 
3 34 4 
t 928 36 
m 3 15 
1 26 19 
2 32 15 
3 34 5 
t 927 36 
m 4 15 
1 25 19 
2 31 15 
3 33 5 
t 926 36 
m 3 15 
1 24 19 
2 32 15 
3 32 5 
t 925 36 
m 2 15 
1 23 19 
2 31 15 
3 33 5 
t 924 36 
m 1 15 
1 24 19 
2 32 15 
3 34 5 
t 923 36 
m 1 15 
1 23 19 
2 33 15 
3 33 5 
t 922 36 
m 0 15 
1 23 18 
2 34 15 
3 32 5 
t 921 36 
m 1 15 
1 23 19 
2 34 16 
3 31 5 
t 920 36 
m 1 15 
1 23 18 
2 34 17 
3 32 5 
t 919 36 
m 1 15 
1 23 19 
2 34 16 
3 33 5 
t 918 36 
m 2 15 
1 23 18 
2 34 17 
3 32 5 
t 917 36 
m 2 15 
1 23 19 
2 34 18 
3 33 5 
t 916 36 
m 3 15 
1 24 19 
2 34 19 
3 34 5 
t 915 36 
m 4 15 
1 25 19 
2 34 18 
3 33 5 
t 914 36 
m 3 15 
1 25 18 
2 34 19 
3 34 5 
t 913 36 
m 4 15 
1 25 17 
2 33 19 
3 34 6 
t 912 36 
m 5 15 
1 25 18 
2 34 19 
3 34 5 
t 911 36 
m 5 15 
1 25 17 
2 33 19 
3 34 4 
t 910 36 
m 4 15 
1 25 16 
2 34 19 
3 34 5 
t 909 36 
m 4 15 
1 25 15 
2 34 18 
3 34 4 
t 908 36 
m 3 15 
1 25 16 
2 34 19 
3 34 5 
t 907 36 
m 2 15 
1 25 15 
2 33 19 
3 34 6 
t 906 36 
m 2 15 
1 26 15 
2 34 19 
3 34 5 
t 905 36 
m 3 15 
1 25 15 
2 33 19 
3 34 6 
t 904 36 
m 3 15 
1 25 16 
2 32 19 
3 34 5 
t 903 36 
m 2 15 
1 25 17 
2 31 19 
3 34 4 
t 902 36 
m 3 15 
1 25 16 
2 32 19 
3 34 3 
t 901 36 
m 2 15 
1 25 15 
2 31 19 
3 34 4 
t 900 36 
m 3 15 
1 25 16 
2 30 19 
3 34 5 
t 899 36 
m 3 15 
1 25 15 
2 31 19 
3 34 4 
t 898 36 
m 4 15 
1 26 15 
2 32 19 
3 34 5 
t 897 36 
m 4 15 
1 25 15 
2 31 19 
3 34 4 
t 896 36 
m 4 15 
1 24 15 
2 32 19 
3 34 5 
t 895 36 
m 4 15 
1 25 15 
2 33 19 
3 34 4 
t 894 36 
m 4 15 
1 24 15 
2 34 19 
3 34 3 
t 893 36 
m 3 15 
1 25 15 
2 34 18 
3 34 2 
t 892 36 
m 3 15 
1 26 15 
2 34 19 
3 34 3 
t 891 36 
m 4 15 
1 25 15 
2 34 18 
3 34 4 
t 890 36 
m 4 15 
1 25 16 
2 34 19 
3 34 5 
t 889 36 
m 4 15 
1 25 17 
2 34 18 
3 34 4 
t 888 36 
m 3 15 
1 25 18 
2 34 17 
3 34 5 
t 887 36 
m 3 15 
1 25 17 
2 34 16 
3 34 4 
t 886 36 
m 3 15 
1 25 18 
2 34 17 
3 34 5 
t 885 36 
m 3 15 
1 25 19 
2 34 18 
3 33 5 
t 884 36 
m 4 15 
1 26 19 
2 34 19 
3 32 5 
t 883 36 
m 5 15 
1 27 19 
2 33 19 
3 33 5 
t 882 36 
m 5 16 
1 27 18 
2 34 19 
3 32 5 
t 881 36 
m 6 16 
1 27 19 
2 33 19 
3 33 5 
t 880 36 
m 5 16 
1 28 19 
2 32 19 
3 34 5 
t 879 36 
m 5 16 
1 27 19 
2 33 19 
3 34 4 
t 878 36 
m 5 15 
1 28 19 
2 34 19 
3 34 3 
t 877 36 
m 5 15 
1 27 19 
2 33 19 
3 34 4 
t 876 36 
m 4 15 
1 27 18 
2 32 19 
3 34 5 
t 875 36 
m 5 15 
1 27 17 
2 31 19 
3 34 6 
t 874 36 
m 5 16 
1 27 16 
2 30 19 
3 34 7 
t 873 36 
m 5 16 
1 28 16 
2 29 19 
3 34 8 
t 872 36 
m 6 16 
1 29 16 
2 28 19 
3 34 9 
t 871 36 
m 7 16 
1 28 16 
2 29 19 
3 34 8 
t 870 36 
m 7 17 
1 27 16 
2 28 19 
3 34 9 
t 869 36 
m 7 16 
1 27 17 
2 27 19 
3 34 10 
t 868 36 
m 7 16 
1 27 16 
2 28 19 
3 34 9 
t 867 36 
m 7 16 
1 27 17 
2 29 19 
3 34 10 
t 866 36 
m 7 16 
1 27 16 
2 30 19 
3 34 9 
t 865 36 
m 7 17 
1 27 17 
2 31 19 
3 34 10 
t 864 36 
m 7 17 
1 27 18 
2 30 19 
3 34 9 
t 863 36 
m 7 16 
1 27 19 
2 29 19 
3 34 10 
t 862 36 
m 7 17 
1 26 19 
2 28 19 
3 34 9 
t 861 36 
m 7 16 
1 27 19 
2 27 19 
3 34 8 
t 860 36 
m 7 17 
1 26 19 
2 26 19 
3 34 7 
t 859 36 
m 7 16 
1 27 19 
2 25 19 
3 34 6 
t 858 36 
m 7 16 
1 27 18 
2 26 19 
3 34 5 
t 857 36 
m 6 16 
1 27 17 
2 25 19 
3 34 4 
t 856 36 
m 5 16 
1 27 16 
2 26 19 
3 34 5 
t 855 36 
m 6 16 
1 28 16 
2 25 19 
3 33 5 
t 854 36 
m 7 16 
1 27 16 
2 24 19 
3 34 5 
t 853 36 
m 6 16 
1 28 16 
2 23 19 
3 33 5 
t 852 36 
m 6 16 
1 29 16 
2 24 19 
3 32 5 
t 851 36 
m 6 16 
1 28 16 
2 23 19 
3 31 5 
t 850 36 
m 5 16 
1 27 16 
2 24 19 
3 30 5 
t 849 36 
m 5 16 
1 28 16 
2 23 19 
3 29 5 
t 848 36 
m 5 16 
1 29 16 
2 24 19 
3 29 4 
t 847 36 
m 5 16 
1 29 15 
2 25 19 
3 30 4 
t 846 36 
m 5 16 
1 29 16 
2 24 19 
3 30 5 
t 845 36 
m 5 15 
1 28 16 
2 23 19 
3 30 4 
t 844 36 
m 5 15 
1 29 16 
2 23 18 
3 30 5 
t 843 36 
m 4 15 
1 29 15 
2 23 19 
3 30 4 
t 842 36 
m 4 15 
1 29 14 
2 23 18 
3 30 5 
t 841 36 
m 3 15 
1 29 13 
2 23 17 
3 30 4 
t 840 36 
m 3 15 
1 30 13 
2 23 16 
3 30 5 
t 839 36 
m 2 15 
1 29 13 
2 23 15 
3 31 5 
t 838 36 
m 3 15 
1 29 14 
2 22 15 
3 32 5 
t 837 36 
m 2 15 
1 29 13 
2 22 14 
3 33 5 
t 836 36 
m 3 15 
1 28 13 
2 22 15 
3 34 5 
t 835 36 
m 4 15 
1 27 13 
2 23 15 
3 33 5 
t 834 36 
m 3 15 
1 26 13 
2 22 15 
3 34 5 
t 833 36 
m 4 15 
1 27 13 
2 23 15 
3 34 4 
t 832 36 
m 3 15 
1 28 13 
2 23 16 
3 34 3 
t 831 36 
m 2 15 
1 29 13 
2 23 17 
3 34 2 
t 830 36 
m 3 15 
1 29 14 
2 23 16 
3 34 3 
t 829 36 
m 4 15 
1 29 13 
2 23 17 
3 34 2 
t 828 36 
m 3 15 
1 28 13 
2 23 16 
3 34 3 
t 827 36 
m 3 15 
1 27 13 
2 23 17 
3 34 2 
t 826 36 
m 3 15 
1 26 13 
2 23 18 
3 34 3 
t 825 36 
m 3 15 
1 27 13 
2 23 17 
3 34 4 
t 824 36 
m 3 15 
1 26 13 
2 23 16 
3 34 3 
t 823 36 
m 2 15 
1 26 14 
2 23 15 
3 34 4 
t 822 36 
m 1 15 
1 26 13 
2 22 15 
3 34 5 
t 821 36 
m 1 15 
1 26 14 
2 22 14 
3 34 4 
t 820 36 
m 0 15 
1 26 13 
2 22 13 
3 34 5 
t 819 36 
m 0 14 
1 26 14 
2 22 14 
3 33 5 
t 818 36 
m 0 13 
1 26 13 
2 22 15 
3 34 5 
t 817 36 
m 0 14 
1 26 14 
2 22 14 
3 34 6 
t 816 36 
m 0 15 
1 26 13 
2 22 15 
3 34 7 
t 815 36 
m 1 15 
1 27 13 
2 22 14 
3 34 8 
t 814 36 
m 0 15 
1 26 13 
2 22 15 
3 34 7 
t 813 36 
m 0 15 
1 27 13 
2 23 15 
3 34 6 
t 812 36 
m 0 14 
1 26 13 
2 22 15 
3 34 7 
t 811 36 
m 0 14 
1 27 13 
2 23 15 
3 34 6 
t 810 36 
m 0 15 
1 28 13 
2 22 15 
3 34 5 
t 809 36 
m 1 15 
1 29 13 
2 22 14 
3 34 4 
t 808 36 
m 1 15 
1 28 13 
2 22 15 
3 34 5 
t 807 36 
m 2 15 
1 29 13 
2 22 14 
3 33 5 
t 806 36 
m 2 15 
1 28 13 
2 22 15 
3 32 5 
t 805 36 
m 3 15 
1 27 13 
2 23 15 
3 31 5 
t 804 36 
m 3 15 
1 28 13 
2 23 16 
3 32 5 
t 803 36 
m 3 15 
1 27 13 
2 23 15 
3 31 5 
t 802 36 
m 4 15 
1 28 13 
2 24 15 
3 32 5 
t 801 36 
m 4 15 
1 27 13 
2 23 15 
3 33 5 
t 800 36 
m 4 15 
1 28 13 
2 22 15 
3 32 5 
t 799 36 
m 5 15 
1 29 13 
2 22 14 
3 33 5 
t 798 36 
m 4 15 
1 28 13 
2 22 13 
3 34 5 
t 797 36 
m 4 15 
1 29 13 
2 21 13 
3 34 4 
t 796 36 
m 5 15 
1 29 12 
2 20 13 
3 34 5 
t 795 36 
m 5 14 
1 29 13 
2 19 13 
3 34 4 
t 794 36 
m 5 13 
1 29 14 
2 20 13 
3 34 5 
t 793 36 
m 5 12 
1 29 13 
2 19 13 
3 33 5 
t 792 36 
m 5 13 
1 30 13 
2 18 13 
3 32 5 
t 791 36 
m 4 13 
1 31 13 
2 19 13 
3 31 5 
t 790 36 
m 4 13 
1 32 13 
2 18 13 
3 30 5 
t 789 36 
m 3 13 
1 31 13 
2 19 13 
3 31 5 
t 788 36 
m 4 13 
1 30 13 
2 18 13 
3 30 5 
t 787 36 
m 3 13 
1 29 13 
2 17 13 
3 29 5 
t 786 36 
m 4 13 
1 29 12 
2 16 13 
3 30 5 
t 785 36 
m 4 13 
1 29 13 
2 17 13 
3 30 4 
t 784 36 
m 4 13 
1 29 14 
2 16 13 
3 30 3 
t 783 36 
m 4 13 
1 29 13 
2 15 13 
3 30 2 
t 782 36 
m 3 13 
1 29 12 
2 16 13 
3 30 3 
t 781 36 
m 2 13 
1 29 11 
2 17 13 
3 30 2 
t 780 36 
m 2 13 
1 29 12 
2 16 13 
3 31 2 
t 779 36 
m 3 13 
1 29 11 
2 15 13 
3 31 1 
t 778 36 
m 2 13 
1 29 12 
2 16 13 
3 31 0 
t 777 36 
m 1 13 
1 29 13 
2 15 13 
3 31 1 
t 776 36 
m 0 13 
1 28 13 
2 14 13 
3 31 2 
t 775 36 
m 1 13 
1 29 13 
2 15 13 
3 30 2 
t 774 36 
m 0 13 
1 29 12 
2 16 13 
3 29 2 
t 773 36 
m 0 13 
1 29 13 
2 15 13 
3 28 2 
t 772 36 
m 1 13 
1 28 13 
2 16 13 
3 27 2 
t 771 36 
m 2 13 
1 27 13 
2 15 13 
3 26 2 
t 770 36 
m 1 13 
1 26 13 
2 16 13 
3 27 2 
t 769 36 
m 2 13 
1 27 13 
2 15 13 
3 26 2 
t 768 36 
m 2 13 
1 28 13 
2 16 13 
3 27 2 
t 767 36 
m 2 13 
1 27 13 
2 15 13 
3 28 2 
t 766 36 
m 3 13 
1 28 13 
2 14 13 
3 27 2 
t 765 36 
m 2 13 
1 29 13 
2 15 13 
3 28 2 
t 764 36 
m 3 13 
1 29 12 
2 14 13 
3 29 2 
t 763 36 
m 4 13 
1 29 13 
2 13 13 
3 28 2 
t 762 36 
m 5 13 
1 29 14 
2 12 13 
3 29 2 
t 761 36 
m 5 12 
1 29 15 
2 13 13 
3 28 2 
t 760 36 
m 5 11 
1 29 16 
2 14 13 
3 27 2 
t 759 36 
m 5 12 
1 28 16 
2 13 13 
3 26 2 
t 758 36 
m 5 11 
1 29 16 
2 12 13 
3 26 3 
t 757 36 
m 5 10 
1 29 15 
2 12 14 
3 26 2 
t 756 36 
m 5 9 
1 30 15 
2 12 15 
3 27 2 
t 755 36 
m 5 9 
1 29 15 
2 12 14 
3 28 2 
t 754 36 
m 5 8 
1 29 16 
2 12 13 
3 29 2 
t 753 36 
m 5 7 
1 29 15 
2 13 13 
3 30 2 
t 752 37 
m 5 6 
1 29 14 
2 12 13 
3 30 3 
t 751 38 
m 5 7 
1 29 13 
2 13 13 
3 30 2 
t 750 38 
m 5 8 
1 30 13 
2 14 13 
3 30 3 
t 749 38 
m 5 7 
1 29 13 
2 15 13 
3 30 4 
t 748 38 
m 5 6 
1 29 14 
2 14 13 
3 30 5 
t 747 38 
m 5 5 
1 29 13 
2 15 13 
3 31 5 
t 746 38 
m 4 5 
1 29 12 
2 14 13 
3 30 5 
t 745 39 
m 5 5 
1 29 11 
2 15 13 
3 31 5 
t 744 39 
m 5 4 
1 29 10 
2 16 13 
3 30 5 
t 743 39 
m 5 4 
1 29 9 
2 17 13 
3 30 4 
t 742 39 
m 5 5 
1 29 8 
2 16 13 
3 30 5 
t 741 39 
m 5 4 
1 29 7 
2 17 13 
3 31 5 
t 740 39 
m 6 4 
1 29 6 
2 18 13 
3 30 5 
t 739 40 
m 7 4 
1 28 6 
2 17 13 
3 31 5 
t 738 40 
m 8 4 
1 29 6 
2 18 13 
3 30 5 
t 737 41 
m 8 3 
1 29 5 
2 17 13 
3 31 5 
t 736 41 
m 8 3 
1 30 5 
2 16 13 
3 30 5 
t 735 41 
m 8 4 
1 31 5 
2 17 13 
3 29 5 
t 734 41 
m 8 5 
1 32 5 
2 16 13 
3 29 4 
t 733 42 
m 8 6 
1 33 5 
2 15 13 
3 28 4 
t 732 42 
m 7 6 
1 32 5 
2 16 13 
3 29 4 
t 731 42 
m 6 6 
1 33 5 
2 15 13 
3 28 4 
t 730 42 
m 6 6 
1 34 5 
2 14 13 
3 29 4 
t 729 42 
m 7 6 
1 34 6 
2 13 13 
3 28 4 
t 728 42 
m 7 6 
1 34 7 
2 12 13 
3 27 4 
t 727 42 
m 7 6 
1 34 8 
2 13 13 
3 28 4 
t 726 42 
m 6 6 
1 34 9 
2 12 13 
3 27 4 
t 725 42 
m 5 6 
1 34 8 
2 12 14 
3 26 4 
t 724 42 
m 5 5 
1 34 9 
2 12 15 
3 26 5 
t 723 42 
m 5 5 
1 34 10 
2 11 15 
3 26 6 
t 722 42 
m 5 4 
1 34 11 
2 11 16 
3 26 5 
t 721 42 
m 5 4 
1 34 10 
2 11 15 
3 26 6 
t 720 42 
m 4 4 
1 34 9 
2 12 15 
3 27 6 
t 719 43 
m 4 5 
1 34 10 
2 11 15 
3 28 6 
t 718 43 
m 3 5 
1 34 11 
2 12 15 
3 27 6 
t 717 43 
m 3 5 
1 34 12 
2 12 14 
3 28 6 
t 716 43 
m 2 5 
1 34 13 
2 12 15 
3 29 6 
t 715 43 
m 2 5 
1 33 13 
2 12 14 
3 28 6 
t 714 43 
m 3 5 
1 32 13 
2 12 13 
3 27 6 
t 713 43 
m 3 5 
1 33 13 
2 12 14 
3 28 6 
t 712 43 
m 4 5 
1 32 13 
2 12 15 
3 29 6 
t 711 43 
m 4 4 
1 31 13 
2 12 14 
3 29 7 
t 710 43 
m 4 5 
1 30 13 
2 12 15 
3 29 6 
t 709 43 
m 3 5 
1 31 13 
2 12 14 
3 29 7 
t 708 43 
m 3 5 
1 30 13 
2 12 15 
3 29 8 
t 707 43 
m 3 5 
1 31 13 
2 12 14 
3 29 9 
t 706 43 
m 2 5 
1 30 13 
2 12 15 
3 29 10 
t 705 43 
m 1 5 
1 29 13 
2 12 14 
3 29 9 
t 704 43 
m 2 5 
1 29 14 
2 12 13 
3 29 10 
t 703 43 
m 1 5 
1 29 13 
2 13 13 
3 29 11 
t 702 43 
m 1 5 
1 29 14 
2 12 13 
3 29 12 
t 701 43 
m 1 5 
1 29 13 
2 13 13 
3 29 11 
t 700 43 
m 2 5 
1 29 12 
2 12 13 
3 29 10 
t 699 43 
m 1 5 
1 29 13 
2 13 13 
3 29 9 
t 698 43 
m 1 5 
1 28 13 
2 12 13 
3 28 9 
t 697 43 
m 1 5 
1 29 13 
2 13 13 
3 27 9 
t 696 43 
m 1 5 
1 28 13 
2 14 13 
3 26 9 
t 695 43 
m 2 5 
1 27 13 
2 13 13 
3 25 9 
t 694 43 
m 2 5 
1 28 13 
2 14 13 
3 26 9 
t 693 43 
m 2 5 
1 29 13 
2 15 13 
3 27 9 
t 692 43 
m 2 5 
1 29 14 
2 16 13 
3 28 9 
t 691 43 
m 1 5 
1 29 13 
2 17 13 
3 29 9 
t 690 43 
m 0 5 
1 30 13 
2 18 13 
3 29 8 
t 689 44 
m 0 5 
1 29 13 
2 19 13 
3 29 7 
t 688 44 
m 0 4 
1 29 12 
2 18 13 
3 29 6 
t 687 44 
m 0 4 
1 29 11 
2 19 13 
3 29 5 
t 686 44 
m 0 4 
1 29 12 
2 20 13 
3 29 6 
t 685 44 
m 0 5 
1 29 11 
2 19 13 
3 28 6 
t 684 44 
m 0 6 
1 29 12 
2 18 13 
3 27 6 
t 683 44 
m 0 6 
1 29 11 
2 19 13 
3 26 6 
t 682 44 
m 0 6 
1 29 10 
2 18 13 
3 26 5 
t 681 44 
m 0 7 
1 29 9 
2 19 13 
3 26 4 
t 680 45 
m 0 6 
1 29 10 
2 18 13 
3 26 5 
t 679 45 
m 0 6 
1 29 9 
2 19 13 
3 26 6 
t 678 45 
m 0 5 
1 29 10 
2 20 13 
3 27 6 
t 677 45 
m 0 4 
1 29 11 
2 21 13 
3 26 6 
t 676 45 
m 0 4 
1 29 12 
2 22 13 
3 26 5 
t 675 45 
m 0 5 
1 29 11 
2 22 14 
3 26 6 
t 674 45 
m 0 5 
1 29 10 
2 22 13 
3 26 5 
t 673 45 
m 0 6 
1 29 11 
2 21 13 
3 26 6 
t 672 45 
m 0 7 
1 29 12 
2 22 13 
3 25 6 
t 671 45 
m 0 7 
1 29 11 
2 21 13 
3 26 6 
t 670 45 
m 0 6 
1 29 12 
2 20 13 
3 27 6 
t 669 45 
m 0 5 
1 29 11 
2 21 13 
3 26 6 
t 668 45 
m 0 5 
1 29 12 
2 22 13 
3 26 5 
t 667 45 
m 0 4 
1 29 11 
2 21 13 
3 26 4 
t 666 45 
m 0 4 
1 29 10 
2 20 13 
3 26 3 
t 665 45 
m 0 4 
1 29 11 
2 19 13 
3 26 2 
t 664 45 
m 0 3 
1 29 12 
2 18 13 
3 26 3 
t 663 45 
m 0 2 
1 29 13 
2 19 13 
3 26 4 
t 662 45 
m 0 1 
1 29 14 
2 20 13 
3 26 3 
t 661 45 
m 0 0 
1 29 13 
2 19 13 
3 26 2 
t 660 45 
m 0 0 
1 29 14 
2 20 13 
3 26 3 
t 659 45 
m 0 0 
1 29 13 
2 19 13 
3 26 4 
t 658 45 
m 0 0 
1 30 13 
2 20 13 
3 25 4 
t 657 45 
m 1 0 
1 29 13 
2 21 13 
3 24 4 
t 656 45 
m 0 0 
1 29 14 
2 22 13 
3 25 4 
t 655 45 
m 1 0 
1 29 15 
2 22 14 
3 24 4 
t 654 45 
m 1 0 
1 29 16 
2 22 13 
3 23 4 
t 653 45 
m 2 0 
1 29 15 
2 22 14 
3 24 4 
t 652 45 
m 3 0 
1 29 16 
2 22 15 
3 23 4 
t 651 45 
m 3 1 
1 28 16 
2 23 15 
3 24 4 
t 650 46 
m 3 0 
1 29 16 
2 24 15 
3 23 4 
t 649 46 
m 2 0 
1 28 16 
2 25 15 
3 24 4 
t 648 46 
m 3 0 
1 27 16 
2 26 15 
3 23 4 
t 647 46 
m 2 0 
1 27 17 
2 25 15 
3 22 4 
t 646 46 
m 3 0 
1 27 18 
2 25 16 
3 23 4 
t 645 46 
m 3 0 
1 27 17 
2 25 17 
3 22 4 
t 644 46 
m 3 1 
1 27 18 
2 25 18 
3 23 4 
t 643 46 
m 3 0 
1 27 19 
2 25 19 
3 22 4 
t 642 46 
m 3 0 
1 28 19 
2 25 18 
3 23 4 
t 641 46 
m 3 0 
1 27 19 
2 25 17 
3 22 4 
t 640 46 
m 3 1 
1 27 18 
2 25 16 
3 21 4 
t 639 46 
m 3 0 
1 27 17 
2 25 17 
3 22 4 
t 638 46 
m 3 0 
1 27 18 
2 25 16 
3 23 4 
t 637 46 
m 2 0 
1 27 19 
2 25 17 
3 24 4 
t 636 46 
m 3 0 
1 26 19 
2 25 18 
3 23 4 
t 635 46 
m 3 1 
1 25 19 
2 25 17 
3 22 4 
t 634 46 
m 3 0 
1 25 18 
2 25 16 
3 23 4 
t 633 46 
m 3 1 
1 25 17 
2 25 15 
3 22 4 
t 632 46 
m 3 0 
1 25 18 
2 25 16 
3 23 4 
t 631 46 
m 3 1 
1 25 19 
2 25 15 
3 24 4 
t 630 46 
m 3 0 
1 25 18 
2 25 16 
3 25 4 
t 629 46 
m 2 0 
1 25 17 
2 25 17 
3 24 4 
t 628 46 
m 3 0 
1 25 18 
2 25 18 
3 25 4 
t 627 46 
m 3 0 
1 25 19 
2 25 19 
3 26 4 
t 626 46 
m 3 1 
1 24 19 
2 24 19 
3 26 5 
t 625 46 
m 3 0 
1 25 19 
2 25 19 
3 26 6 
t 624 46 
m 2 0 
1 25 18 
2 24 19 
3 26 5 
t 623 46 
m 2 0 
1 25 19 
2 25 19 
3 26 4 
t 622 46 
m 2 0 
1 26 19 
2 26 19 
3 26 3 
t 621 46 
m 2 0 
1 25 19 
2 25 19 
3 26 2 
t 620 46 
m 3 0 
1 26 19 
2 25 18 
3 26 3 
t 619 46 
m 2 0 
1 25 19 
2 25 17 
3 26 2 
t 618 46 
m 3 0 
1 26 19 
2 25 16 
3 27 2 
t 617 46 
m 3 0 
1 27 19 
2 25 15 
3 28 2 
t 616 46 
m 3 0 
1 26 19 
2 25 16 
3 27 2 
t 615 46 
m 3 0 
1 25 19 
2 25 17 
3 28 2 
t 614 46 
m 3 0 
1 25 18 
2 25 16 
3 29 2 
t 613 46 
m 3 1 
1 25 19 
2 25 17 
3 30 2 
t 612 46 
m 3 2 
1 26 19 
2 25 16 
3 30 3 
t 611 46 
m 4 2 
1 27 19 
2 25 15 
3 30 4 
t 610 46 
m 5 2 
1 28 19 
2 24 15 
3 29 4 
t 609 47 
m 6 2 
1 27 19 
2 24 14 
3 28 4 
t 608 47 
m 7 2 
1 27 18 
2 24 15 
3 29 4 
t 607 48 
m 8 2 
1 27 17 
2 23 15 
3 29 5 
t 606 48 
m 8 2 
1 27 16 
2 23 16 
3 29 4 
t 605 48 
m 8 3 
1 28 16 
2 23 15 
3 30 4 
t 604 48 
m 8 4 
1 27 16 
2 22 15 
3 29 4 
t 603 48 
m 8 4 
1 28 16 
2 22 14 
3 30 4 
t 602 48 
m 9 4 
1 29 16 
2 22 15 
3 29 4 
t 601 48 
m 10 4 
1 29 15 
2 22 14 
3 28 4 
t 600 48 
m 11 4 
1 29 16 
2 22 15 
3 29 4 
t 599 49 
m 11 4 
1 28 16 
2 23 15 
3 28 4 
t 598 49 
m 11 4 
1 27 16 
2 22 15 
3 27 4 
t 597 49 
m 10 4 
1 27 17 
2 22 14 
3 28 4 
t 596 49 
m 10 4 
1 27 16 
2 22 13 
3 29 4 
t 595 49 
m 11 4 
1 28 16 
2 21 13 
3 30 4 
t 594 49 
m 12 4 
1 27 16 
2 22 13 
3 30 5 
t 593 49 
m 11 4 
1 28 16 
2 22 14 
3 29 5 
t 592 49 
m 10 4 
1 29 16 
2 22 15 
3 29 6 
t 591 49 
m 9 4 
1 29 15 
2 23 15 
3 28 6 
t 590 49 
m 8 4 
1 29 14 
2 22 15 
3 27 6 
t 589 49 
m 7 4 
1 29 15 
2 22 14 
3 28 6 
t 588 49 
m 7 4 
1 29 16 
2 22 15 
3 27 6 
t 587 49 
m 7 4 
1 28 16 
2 22 14 
3 26 6 
t 586 49 
m 8 4 
1 27 16 
2 22 13 
3 26 5 
t 585 49 
m 8 5 
1 28 16 
2 22 14 
3 26 4 
t 584 49 
m 8 5 
1 29 16 
2 22 13 
3 26 5 
t 583 49 
m 8 6 
1 28 16 
2 21 13 
3 26 4 
t 582 49 
m 9 6 
1 29 16 
2 20 13 
3 25 4 
t 581 50 
m 10 6 
1 29 15 
2 21 13 
3 24 4 
t 580 50 
m 11 6 
1 29 14 
2 20 13 
3 23 4 
t 579 50 
m 12 6 
1 29 13 
2 19 13 
3 24 4 
t 578 50 
m 12 7 
1 29 12 
2 18 13 
3 23 4 
t 577 50 
m 12 7 
1 29 11 
2 17 13 
3 24 4 
t 576 50 
m 12 8 
1 29 12 
2 16 13 
3 25 4 
t 575 50 
m 12 8 
1 29 13 
2 17 13 
3 26 4 
t 574 50 
m 12 8 
1 30 13 
2 18 13 
3 26 5 
t 573 50 
m 12 7 
1 29 13 
2 17 13 
3 26 6 
t 572 50 
m 12 7 
1 29 14 
2 16 13 
3 25 6 
t 571 50 
m 12 8 
1 29 15 
2 17 13 
3 24 6 
t 570 50 
m 12 8 
1 29 14 
2 18 13 
3 23 6 
t 569 50 
m 12 7 
1 29 13 
2 19 13 
3 22 6 
t 568 50 
m 12 8 
1 29 14 
2 20 13 
3 21 6 
t 567 50 
m 12 9 
1 29 13 
2 19 13 
3 22 6 
t 566 50 
m 12 9 
1 30 13 
2 18 13 
3 23 6 
t 565 50 
m 12 9 
1 31 13 
2 19 13 
3 22 6 
t 564 50 
m 12 9 
1 32 13 
2 20 13 
3 23 6 
t 563 50 
m 12 10 
1 31 13 
2 21 13 
3 24 6 
t 562 50 
m 12 9 
1 30 13 
2 20 13 
3 25 6 
t 561 50 
m 12 10 
1 31 13 
2 19 13 
3 26 6 
t 560 50 
m 11 10 
1 30 13 
2 18 13 
3 25 6 
t 559 50 
m 10 10 
1 31 13 
2 17 13 
3 24 6 
t 558 50 
m 11 10 
1 32 13 
2 16 13 
3 23 6 
t 557 50 
m 11 10 
1 33 13 
2 17 13 
3 22 6 
t 556 50 
m 12 10 
1 32 13 
2 18 13 
3 23 6 
t 555 50 
m 11 10 
1 31 13 
2 19 13 
3 22 6 
t 554 50 
m 12 10 
1 32 13 
2 20 13 
3 23 6 
t 553 50 
m 12 9 
1 31 13 
2 19 13 
3 24 6 
t 552 50 
m 12 10 
1 32 13 
2 20 13 
3 25 6 
t 551 50 
m 11 10 
1 33 13 
2 19 13 
3 26 6 
t 550 50 
m 12 10 
1 34 13 
2 18 13 
3 27 6 
t 549 50 
m 11 10 
1 33 13 
2 17 13 
3 26 6 
t 548 50 
m 11 10 
1 34 13 
2 18 13 
3 25 6 
t 547 50 
m 10 10 
1 34 12 
2 19 13 
3 24 6 
t 546 50 
m 11 10 
1 34 11 
2 20 13 
3 25 6 
t 545 50 
m 10 10 
1 34 12 
2 19 13 
3 24 6 
t 544 50 
m 11 10 
1 34 11 
2 20 13 
3 23 6 
t 543 50 
m 12 10 
1 34 10 
2 21 13 
3 24 6 
t 542 50 
m 12 10 
1 34 9 
2 22 13 
3 25 6 
t 541 50 
m 12 9 
1 34 8 
2 21 13 
3 26 6 
t 540 50 
m 12 8 
1 34 7 
2 20 13 
3 26 5 
t 539 50 
m 12 7 
1 34 8 
2 21 13 
3 26 6 
t 538 50 
m 12 6 
1 34 7 
2 20 13 
3 25 6 
t 537 50 
m 12 6 
1 34 8 
2 21 13 
3 24 6 
t 536 50 
m 12 6 
1 34 9 
2 20 13 
3 25 6 
t 535 50 
m 12 7 
1 34 10 
2 21 13 
3 26 6 
t 534 50 
m 12 7 
1 34 11 
2 22 13 
3 26 5 
t 533 50 
m 12 7 
1 34 12 
2 21 13 
3 26 6 
t 532 50 
m 12 6 
1 34 11 
2 22 13 
3 27 6 
t 531 50 
m 13 6 
1 34 10 
2 22 14 
3 28 6 
t 530 50 
m 13 6 
1 34 9 
2 22 15 
3 29 6 
t 529 50 
m 13 5 
1 34 10 
2 23 15 
3 28 6 
t 528 50 
m 13 4 
1 34 9 
2 24 15 
3 27 6 
t 527 50 
m 13 3 
1 34 8 
2 23 15 
3 26 6 
t 526 51 
m 14 3 
1 34 7 
2 23 16 
3 27 6 
t 525 52 
m 15 3 
1 34 6 
2 23 15 
3 26 6 
t 524 52 
m 14 3 
1 34 7 
2 24 15 
3 25 6 
t 523 52 
m 14 2 
1 34 8 
2 24 14 
3 26 6 
t 522 52 
m 14 3 
1 34 9 
2 24 15 
3 25 6 
t 521 52 
m 14 3 
1 34 8 
2 23 15 
3 24 6 
t 520 52 
m 14 2 
1 34 9 
2 22 15 
3 23 6 
t 519 52 
m 14 1 
1 34 10 
2 22 14 
3 24 6 
t 518 52 
m 14 1 
1 34 11 
2 22 15 
3 25 6 
t 517 52 
m 14 1 
1 34 12 
2 22 14 
3 24 6 
t 516 52 
m 14 0 
1 34 13 
2 22 15 
3 23 6 
t 515 52 
m 15 0 
1 34 14 
2 22 14 
3 24 6 
t 514 52 
m 16 0 
1 34 13 
2 22 13 
3 25 6 
t 513 52 
m 16 0 
1 34 14 
2 22 14 
3 24 6 
t 512 52 
m 17 0 
1 34 13 
2 22 13 
3 23 6 
t 511 52 
m 18 0 
1 34 12 
2 21 13 
3 24 6 
t 510 52 
m 19 0 
1 34 11 
2 22 13 
3 23 6 
t 509 52 
m 18 0 
1 34 10 
2 21 13 
3 22 6 
t 508 52 
m 18 0 
1 34 11 
2 22 13 
3 23 6 
t 507 52 
m 18 0 
1 34 12 
2 22 14 
3 22 6 
t 506 52 
m 17 0 
1 34 11 
2 22 13 
3 21 6 
t 505 52 
m 16 0 
1 34 12 
2 21 13 
3 22 6 
t 504 52 
m 15 0 
1 34 13 
2 22 13 
3 23 6 
t 503 52 
m 16 0 
1 33 13 
2 21 13 
3 22 6 
t 502 52 
m 17 0 
1 34 13 
2 22 13 
3 21 6 
t 501 52 
m 17 0 
1 33 13 
2 21 13 
3 21 5 
t 500 52 
m 16 0 
1 32 13 
2 20 13 
3 21 4 
t 499 52 
m 16 0 
1 31 13 
2 19 13 
3 21 5 
t 498 52 
m 16 0 
1 32 13 
2 18 13 
3 21 4 
t 497 52 
m 15 0 
1 31 13 
2 19 13 
3 21 3 
t 496 52 
m 15 0 
1 30 13 
2 20 13 
3 20 3 
t 495 52 
m 16 0 
1 31 13 
2 19 13 
3 21 3 
t 494 52 
m 16 0 
1 32 13 
2 20 13 
3 21 4 
t 493 52 
m 17 0 
1 31 13 
2 19 13 
3 22 4 
t 492 52 
m 17 0 
1 30 13 
2 20 13 
3 21 4 
t 491 52 
m 16 0 
1 29 13 
2 19 13 
3 21 5 
t 490 52 
m 15 0 
1 29 12 
2 20 13 
3 21 6 
t 489 52 
m 15 0 
1 29 13 
2 21 13 
3 21 5 
t 488 52 
m 14 0 
1 29 12 
2 22 13 
3 21 6 
t 487 52 
m 14 1 
1 29 13 
2 21 13 
3 21 5 
t 486 52 
m 14 1 
1 29 12 
2 20 13 
3 21 4 
t 485 52 
m 14 1 
1 29 11 
2 19 13 
3 21 5 
t 484 52 
m 14 1 
1 29 12 
2 20 13 
3 21 4 
t 483 52 
m 14 0 
1 29 11 
2 21 13 
3 22 4 
t 482 52 
m 14 0 
1 29 12 
2 20 13 
3 21 4 
t 481 52 
m 15 0 
1 29 13 
2 21 13 
3 21 3 
t 480 52 
m 14 0 
1 28 13 
2 22 13 
3 21 4 
t 479 52 
m 15 0 
1 29 13 
2 21 13 
3 22 4 
t 478 52 
m 16 0 
1 30 13 
2 22 13 
3 23 4 
t 477 52 
m 16 0 
1 29 13 
2 21 13 
3 24 4 
t 476 52 
m 15 0 
1 29 12 
2 20 13 
3 23 4 
t 475 52 
m 14 0 
1 29 11 
2 21 13 
3 24 4 
t 474 52 
m 14 1 
1 29 12 
2 22 13 
3 25 4 
t 473 52 
m 14 2 
1 29 13 
2 21 13 
3 24 4 
t 472 52 
m 14 1 
1 29 12 
2 20 13 
3 25 4 
t 471 52 
m 14 0 
1 29 13 
2 21 13 
3 24 4 
t 470 52 
m 14 1 
1 30 13 
2 22 13 
3 25 4 
t 469 52 
m 14 0 
1 29 13 
2 22 14 
3 26 4 
t 468 52 
m 14 1 
1 29 14 
2 22 15 
3 27 4 
t 467 52 
m 14 2 
1 29 15 
2 23 15 
3 28 4 
t 466 52 
m 14 3 
1 30 15 
2 24 15 
3 27 4 
t 465 52 
m 13 3 
1 31 15 
2 25 15 
3 26 4 
t 464 52 
m 13 4 
1 32 15 
2 25 16 
3 26 3 
t 463 52 
m 13 5 
1 33 15 
2 25 17 
3 26 4 
t 462 52 
m 13 5 
1 32 15 
2 25 16 
3 25 4 
t 461 52 
m 13 6 
1 33 15 
2 25 17 
3 26 4 
t 460 52 
m 13 5 
1 32 15 
2 25 18 
3 27 4 
t 459 52 
m 13 4 
1 33 15 
2 25 17 
3 26 4 
t 458 52 
m 12 4 
1 34 15 
2 25 18 
3 27 4 
t 457 52 
m 13 4 
1 33 15 
2 25 19 
3 28 4 
t 456 52 
m 13 5 
1 32 15 
2 25 18 
3 27 4 
t 455 52 
m 13 4 
1 33 15 
2 25 17 
3 26 4 
t 454 52 
m 13 5 
1 32 15 
2 25 18 
3 26 5 
t 453 52 
m 13 4 
1 31 15 
2 25 17 
3 26 6 
t 452 52 
m 13 4 
1 32 15 
2 25 16 
3 27 6 
t 451 52 
m 12 4 
1 33 15 
2 25 15 
3 26 6 
t 450 52 
m 12 4 
1 32 15 
2 25 16 
3 25 6 
t 449 52 
m 11 4 
1 31 15 
2 25 15 
3 24 6 
t 448 52 
m 12 4 
1 30 15 
2 24 15 
3 23 6 
t 447 52 
m 11 4 
1 29 15 
2 25 15 
3 22 6 
t 446 52 
m 12 4 
1 29 14 
2 25 16 
3 23 6 
t 445 52 
m 11 4 
1 29 15 
2 25 17 
3 24 6 
t 444 52 
m 10 4 
1 29 16 
2 25 18 
3 25 6 
t 443 52 
m 11 4 
1 28 16 
2 25 17 
3 24 6 
t 442 52 
m 10 4 
1 29 16 
2 25 18 
3 23 6 
t 441 52 
m 10 4 
1 29 15 
2 25 19 
3 24 6 
t 440 52 
m 10 4 
1 29 14 
2 26 19 
3 23 6 
t 439 52 
m 10 4 
1 29 15 
2 27 19 
3 22 6 
t 438 52 
m 11 4 
1 30 15 
2 27 18 
3 22 7 
t 437 52 
m 10 4 
1 31 15 
2 27 17 
3 22 6 
t 436 52 
m 9 4 
1 32 15 
2 27 18 
3 21 6 
t 435 52 
m 10 4 
1 33 15 
2 27 17 
3 22 6 
t 434 52 
m 9 4 
1 34 15 
2 27 18 
3 22 7 
t 433 52 
m 8 4 
1 34 14 
2 27 19 
3 22 6 
t 432 52 
m 7 4 
1 34 15 
2 27 18 
3 22 7 
t 431 52 
m 8 4 
1 34 14 
2 27 19 
3 22 8 
t 430 52 
m 8 4 
1 34 15 
2 28 19 
3 22 7 
t 429 52 
m 9 4 
1 34 14 
2 29 19 
3 22 8 
t 428 52 
m 10 4 
1 34 15 
2 28 19 
3 22 7 
t 427 52 
m 9 4 
1 34 14 
2 27 19 
3 22 6 
t 426 52 
m 8 4 
1 34 15 
2 26 19 
3 21 6 
t 425 52 
m 8 3 
1 33 15 
2 25 19 
3 22 6 
t 424 52 
m 8 2 
1 32 15 
2 25 18 
3 21 6 
t 423 52 
m 7 2 
1 33 15 
2 25 19 
3 22 6 
t 422 52 
m 6 2 
1 32 15 
2 26 19 
3 23 6 
t 421 52 
m 7 2 
1 33 15 
2 27 19 
3 22 6 
t 420 52 
m 8 2 
1 34 15 
2 28 19 
3 21 6 
t 419 52 
m 8 3 
1 33 15 
2 27 19 
3 21 5 
t 418 52 
m 8 3 
1 34 15 
2 27 18 
3 21 6 
t 417 52 
m 8 2 
1 34 16 
2 27 17 
3 21 5 
t 416 52 
m 8 3 
1 34 15 
2 27 16 
3 21 6 
t 415 52 
m 8 2 
1 34 16 
2 28 16 
3 21 5 
t 414 52 
m 8 2 
1 34 15 
2 29 16 
3 21 4 
t 413 52 
m 7 2 
1 34 14 
2 29 15 
3 21 3 
t 412 52 
m 8 2 
1 34 13 
2 29 16 
3 20 3 
t 411 52 
m 8 2 
1 34 14 
2 29 15 
3 20 2 
t 410 52 
m 8 2 
1 34 13 
2 30 15 
3 20 1 
t 409 52 
m 8 3 
1 34 12 
2 31 15 
3 20 0 
t 408 52 
m 8 3 
1 34 11 
2 32 15 
3 19 0 
t 407 52 
m 8 3 
1 34 10 
2 33 15 
3 20 0 
t 406 52 
m 8 2 
1 34 11 
2 34 15 
3 20 1 
t 405 52 
m 7 2 
1 34 12 
2 34 14 
3 20 0 
t 404 52 
m 7 2 
1 34 11 
2 34 13 
3 20 1 
t 403 52 
m 6 2 
1 34 12 
2 33 13 
3 20 2 
t 402 52 
m 7 2 
1 34 13 
2 34 13 
3 20 1 
t 401 52 
m 8 2 
1 33 13 
2 34 12 
3 20 2 
t 400 52 
m 8 2 
1 32 13 
2 34 13 
3 20 3 
t 399 52 
m 7 2 
1 31 13 
2 34 12 
3 19 3 
t 398 52 
m 8 2 
1 30 13 
2 34 11 
3 18 3 
t 397 52 
m 8 2 
1 29 13 
2 34 10 
3 19 3 
t 396 52 
m 8 3 
1 29 14 
2 34 11 
3 20 3 
t 395 52 
m 8 2 
1 29 13 
2 34 10 
3 21 3 
t 394 52 
m 8 2 
1 30 13 
2 34 9 
3 21 4 
t 393 52 
m 7 2 
1 31 13 
2 34 10 
3 21 5 
t 392 52 
m 8 2 
1 30 13 
2 34 9 
3 21 4 
t 391 52 
m 8 2 
1 29 13 
2 34 10 
3 22 4 
t 390 52 
m 8 2 
1 29 14 
2 34 11 
3 23 4 
t 389 52 
m 8 2 
1 29 15 
2 34 12 
3 22 4 
t 388 52 
m 7 2 
1 29 16 
2 34 13 
3 23 4 
t 387 52 
m 8 2 
1 29 15 
2 34 14 
3 24 4 
t 386 52 
m 8 3 
1 29 14 
2 34 15 
3 25 4 
t 385 52 
m 8 2 
1 29 13 
2 34 16 
3 24 4 
t 384 52 
m 8 2 
1 29 14 
2 34 15 
3 25 4 
t 383 52 
m 8 2 
1 29 15 
2 34 16 
3 26 4 
t 382 52 
m 8 2 
1 29 14 
2 34 17 
3 27 4 
t 381 52 
m 8 2 
1 29 15 
2 34 18 
3 28 4 
t 380 52 
m 7 2 
1 29 14 
2 34 19 
3 29 4 
t 379 52 
m 8 2 
1 29 15 
2 33 19 
3 28 4 
t 378 52 
m 8 2 
1 29 16 
2 34 19 
3 27 4 
t 377 52 
m 8 2 
1 28 16 
2 33 19 
3 26 4 
t 376 52 
m 8 3 
1 29 16 
2 32 19 
3 25 4 
t 375 52 
m 8 4 
1 28 16 
2 31 19 
3 24 4 
t 374 52 
m 8 3 
1 29 16 
2 32 19 
3 23 4 
t 373 52 
m 8 3 
1 28 16 
2 31 19 
3 22 4 
t 372 52 
m 8 2 
1 29 16 
2 32 19 
3 23 4 
t 371 52 
m 8 2 
1 28 16 
2 33 19 
3 24 4 
t 370 52 
m 8 2 
1 29 16 
2 34 19 
3 25 4 
t 369 52 
m 8 3 
1 29 15 
2 34 18 
3 26 4 
t 368 52 
m 8 2 
1 30 15 
2 34 19 
3 26 3 
t 367 52 
m 8 3 
1 31 15 
2 33 19 
3 26 4 
t 366 52 
m 8 2 
1 30 15 
2 32 19 
3 27 4 
t 365 52 
m 7 2 
1 29 15 
2 33 19 
3 28 4 
t 364 52 
m 6 2 
1 30 15 
2 32 19 
3 29 4 
t 363 52 
m 6 2 
1 31 15 
2 33 19 
3 29 5 
t 362 52 
m 7 2 
1 30 15 
2 32 19 
3 29 4 
t 361 52 
m 8 2 
1 29 15 
2 31 19 
3 29 5 
t 360 52 
m 8 2 
1 29 14 
2 30 19 
3 30 5 
t 359 52 
m 8 2 
1 29 13 
2 31 19 
3 31 5 
t 358 52 
m 8 3 
1 29 14 
2 30 19 
3 30 5 
t 357 52 
m 8 2 
1 29 15 
2 31 19 
3 31 5 
t 356 52 
m 8 2 
1 30 15 
2 30 19 
3 30 5 
t 355 52 
m 8 3 
1 31 15 
2 31 19 
3 29 5 
t 354 52 
m 8 3 
1 30 15 
2 32 19 
3 29 4 
t 353 52 
m 8 4 
1 31 15 
2 31 19 
3 29 5 
t 352 52 
m 8 3 
1 30 15 
2 32 19 
3 30 5 
t 351 52 
m 8 2 
1 29 15 
2 33 19 
3 29 5 
t 350 52 
m 7 2 
1 30 15 
2 32 19 
3 29 4 
t 349 52 
m 8 2 
1 31 15 
2 31 19 
3 28 4 
t 348 52 
m 8 3 
1 32 15 
2 32 19 
3 29 4 
t 347 52 
m 8 3 
1 33 15 
2 33 19 
3 30 4 
t 346 52 
m 8 2 
1 32 15 
2 32 19 
3 30 5 
t 345 52 
m 7 2 
1 31 15 
2 33 19 
3 31 5 
t 344 52 
m 7 2 
1 30 15 
2 32 19 
3 32 5 
t 343 52 
m 8 2 
1 31 15 
2 33 19 
3 33 5 
t 342 52 
m 7 2 
1 30 15 
2 34 19 
3 34 5 
t 341 52 
m 6 2 
1 31 15 
2 34 18 
3 34 4 
t 340 52 
m 7 2 
1 32 15 
2 34 17 
3 34 3 
t 339 52 
m 8 2 
1 31 15 
2 34 16 
3 34 4 
t 338 52 
m 8 3 
1 32 15 
2 34 17 
3 34 5 
t 337 52 
m 8 3 
1 33 15 
2 34 18 
3 34 4 
t 336 52 
m 8 4 
1 34 15 
2 34 19 
3 34 5 
t 335 52 
m 8 3 
1 33 15 
2 33 19 
3 34 4 
t 334 52 
m 8 2 
1 34 15 
2 32 19 
3 34 5 
t 333 52 
m 7 2 
1 34 14 
2 31 19 
3 34 6 
t 332 52 
m 7 2 
1 34 15 
2 30 19 
3 34 5 
t 331 52 
m 8 2 
1 34 16 
2 29 19 
3 33 5 
t 330 52 
m 8 3 
1 34 15 
2 28 19 
3 32 5 
t 329 52 
m 8 2 
1 34 16 
2 27 19 
3 31 5 
t 328 52 
m 8 2 
1 34 15 
2 26 19 
3 32 5 
t 327 52 
m 7 2 
1 33 15 
2 25 19 
3 31 5 
t 326 52 
m 7 2 
1 32 15 
2 24 19 
3 32 5 
t 325 52 
m 6 2 
1 33 15 
2 25 19 
3 31 5 
t 324 52 
m 5 2 
1 34 15 
2 26 19 
3 32 5 
t 323 52 
m 6 2 
1 33 15 
2 25 19 
3 33 5 
t 322 52 
m 7 2 
1 34 15 
2 25 18 
3 32 5 
t 321 52 
m 7 2 
1 34 14 
2 25 17 
3 33 5 
t 320 52 
m 7 2 
1 34 15 
2 25 18 
3 34 5 
t 319 52 
m 6 2 
1 34 16 
2 25 17 
3 34 6 
t 318 52 
m 7 2 
1 34 17 
2 25 18 
3 34 7 
t 317 52 
m 8 2 
1 34 18 
2 25 19 
3 34 8 
t 316 52 
m 8 3 
1 34 19 
2 26 19 
3 34 9 
t 315 52 
m 8 4 
1 33 19 
2 25 19 
3 34 8 
t 314 52 
m 9 4 
1 32 19 
2 24 19 
3 34 9 
t 313 52 
m 8 4 
1 33 19 
2 25 19 
3 34 8 
t 312 52 
m 8 5 
1 32 19 
2 26 19 
3 34 9 
t 311 52 
m 8 5 
1 33 19 
2 27 19 
3 34 8 
t 310 52 
m 8 4 
1 32 19 
2 28 19 
3 34 7 
t 309 52 
m 7 4 
1 31 19 
2 29 19 
3 34 6 
t 308 52 
m 7 4 
1 30 19 
2 28 19 
3 34 7 
t 307 52 
m 7 4 
1 29 19 
2 27 19 
3 34 8 
t 306 52 
m 8 4 
1 28 19 
2 27 18 
3 34 7 
t 305 52 
m 9 4 
1 29 19 
2 27 19 
3 34 8 
t 304 52 
m 9 4 
1 30 19 
2 27 18 
3 34 7 
t 303 52 
m 10 4 
1 29 19 
2 27 17 
3 34 6 
t 302 52 
m 10 4 
1 28 19 
2 27 18 
3 34 5 
t 301 52 
m 11 4 
1 29 19 
2 27 19 
3 34 6 
t 300 52 
m 12 4 
1 30 19 
2 27 18 
3 34 7 
t 299 52 
m 13 4 
1 31 19 
2 27 19 
3 34 8 
t 298 52 
m 13 5 
1 30 19 
2 28 19 
3 34 9 
t 297 52 
m 13 4 
1 29 19 
2 29 19 
3 34 8 
t 296 52 
m 12 4 
1 28 19 
2 28 19 
3 34 9 
t 295 52 
m 13 4 
1 27 19 
2 27 19 
3 34 8 
t 294 52 
m 13 4 
1 28 19 
2 26 19 
3 34 7 
t 293 52 
m 13 3 
1 29 19 
2 25 19 
3 34 6 
t 292 52 
m 13 3 
1 30 19 
2 26 19 
3 34 7 
t 291 52 
m 14 3 
1 29 19 
2 25 19 
3 34 8 
t 290 52 
m 14 2 
1 28 19 
2 24 19 
3 34 9 
t 289 52 
m 14 1 
1 29 19 
2 25 19 
3 34 10 
t 288 52 
m 14 2 
1 30 19 
2 25 18 
3 34 9 
t 287 52 
m 14 1 
1 29 19 
2 25 17 
3 34 8 
t 286 52 
m 14 1 
1 28 19 
2 25 18 
3 34 9 
t 285 52 
m 14 2 
1 27 19 
2 25 17 
3 34 8 
t 284 52 
m 14 2 
1 28 19 
2 25 18 
3 34 9 
t 283 52 
m 14 3 
1 27 19 
2 25 19 
3 34 8 
t 282 52 
m 14 2 
1 28 19 
2 26 19 
3 34 7 
t 281 52 
m 14 3 
1 29 19 
2 27 19 
3 34 6 
t 280 52 
m 13 3 
1 30 19 
2 26 19 
3 34 7 
t 279 52 
m 13 3 
1 29 19 
2 27 19 
3 34 8 
t 278 52 
m 13 4 
1 28 19 
2 27 18 
3 34 9 
t 277 52 
m 13 5 
1 29 19 
2 27 19 
3 34 10 
t 276 52 
m 13 4 
1 28 19 
2 26 19 
3 34 9 
t 275 52 
m 13 4 
1 29 19 
2 25 19 
3 34 8 
t 274 52 
m 13 3 
1 30 19 
2 26 19 
3 34 7 
t 273 52 
m 14 3 
1 31 19 
2 25 19 
3 34 8 
t 272 52 
m 14 3 
1 32 19 
2 26 19 
3 34 9 
t 271 52 
m 14 3 
1 31 19 
2 25 19 
3 34 10 
t 270 52 
m 14 3 
1 30 19 
2 26 19 
3 34 11 
t 269 52 
m 14 2 
1 29 19 
2 25 19 
3 34 10 
t 268 52 
m 14 3 
1 28 19 
2 25 18 
3 34 11 
t 267 52 
m 13 3 
1 27 19 
2 25 17 
3 34 12 
t 266 52 
m 14 3 
1 28 19 
2 25 18 
3 34 13 
t 265 52 
m 15 3 
1 27 19 
2 25 17 
3 34 12 
t 264 52 
m 16 3 
1 27 18 
2 25 16 
3 34 11 
t 263 52 
m 15 3 
1 27 17 
2 25 15 
3 34 12 
t 262 52 
m 16 3 
1 27 16 
2 24 15 
3 34 11 
t 261 52 
m 16 3 
1 28 16 
2 25 15 
3 34 12 
t 260 52 
m 16 4 
1 27 16 
2 26 15 
3 34 13 
t 259 52 
m 16 5 
1 28 16 
2 25 15 
3 34 14 
t 258 53 
m 16 6 
1 27 16 
2 24 15 
3 34 15 
t 257 53 
m 16 7 
1 27 17 
2 23 15 
3 34 14 
t 256 54 
m 16 6 
1 27 18 
2 23 16 
3 34 15 
t 255 54 
m 16 7 
1 27 17 
2 23 15 
3 34 16 
t 254 54 
m 16 7 
1 27 18 
2 24 15 
3 34 15 
t 253 54 
m 16 7 
1 27 17 
2 23 15 
3 33 15 
t 252 54 
m 16 8 
1 27 16 
2 23 16 
3 34 15 
t 251 54 
m 16 9 
1 27 17 
2 23 17 
3 33 15 
t 250 55 
m 17 9 
1 27 18 
2 23 18 
3 34 15 
t 249 55 
m 18 9 
1 27 17 
2 23 19 
3 34 16 
t 248 56 
m 18 9 
1 27 16 
2 23 18 
3 34 15 
t 247 56 
m 18 8 
1 27 17 
2 23 19 
3 33 15 
t 246 57 
m 18 9 
1 27 18 
2 23 18 
3 34 15 
t 245 57 
m 18 8 
1 27 17 
2 23 17 
3 34 16 
t 244 57 
m 18 8 
1 27 18 
2 23 16 
3 34 17 
t 243 57 
m 18 8 
1 27 19 
2 23 17 
3 34 16 
t 242 57 
m 18 9 
1 27 18 
2 23 16 
3 34 17 
t 241 57 
m 18 8 
1 27 17 
2 23 17 
3 34 16 
t 240 57 
m 18 7 
1 27 18 
2 23 16 
3 34 17 
t 239 57 
m 18 8 
1 27 17 
2 23 17 
3 34 16 
t 238 57 
m 18 8 
1 27 16 
2 23 18 
3 34 15 
t 237 57 
m 18 7 
1 28 16 
2 23 19 
3 33 15 
t 236 57 
m 18 6 
1 27 16 
2 24 19 
3 32 15 
t 235 57 
m 18 7 
1 27 17 
2 25 19 
3 33 15 
t 234 57 
m 18 8 
1 27 18 
2 26 19 
3 32 15 
t 233 57 
m 18 8 
1 27 19 
2 27 19 
3 31 15 
t 232 57 
m 18 8 
1 27 18 
2 27 18 
3 30 15 
t 231 57 
m 18 8 
1 27 17 
2 27 17 
3 29 15 
t 230 57 
m 18 8 
1 27 18 
2 27 16 
3 29 16 
t 229 57 
m 18 8 
1 27 17 
2 27 17 
3 29 15 
t 228 57 
m 18 8 
1 27 18 
2 27 16 
3 30 15 
t 227 57 
m 18 7 
1 27 19 
2 28 16 
3 31 15 
t 226 57 
m 18 6 
1 26 19 
2 27 16 
3 32 15 
t 225 57 
m 18 7 
1 25 19 
2 28 16 
3 33 15 
t 224 57 
m 18 6 
1 25 18 
2 27 16 
3 34 15 
t 223 57 
m 18 6 
1 25 17 
2 27 17 
3 33 15 
t 222 57 
m 18 6 
1 25 18 
2 27 18 
3 32 15 
t 221 57 
m 18 7 
1 25 19 
2 27 17 
3 31 15 
t 220 57 
m 18 7 
1 26 19 
2 27 16 
3 32 15 
t 219 57 
m 18 6 
1 25 19 
2 27 17 
3 31 15 
t 218 57 
m 18 7 
1 25 18 
2 27 18 
3 30 15 
t 217 57 
m 18 7 
1 25 19 
2 27 19 
3 31 15 
t 216 57 
m 18 7 
1 24 19 
2 27 18 
3 30 15 
t 215 57 
m 18 6 
1 23 19 
2 27 17 
3 31 15 
t 214 57 
m 18 5 
1 24 19 
2 27 18 
3 32 15 
t 213 57 
m 18 4 
1 25 19 
2 27 17 
3 33 15 
t 212 57 
m 18 5 
1 24 19 
2 27 18 
3 32 15 
t 211 57 
m 18 5 
1 25 19 
2 27 17 
3 33 15 
t 210 57 
m 18 4 
1 24 19 
2 27 18 
3 34 15 
t 209 57 
m 17 4 
1 25 19 
2 27 17 
3 34 16 
t 208 57 
m 18 4 
1 24 19 
2 27 16 
3 34 15 
t 207 57 
m 18 3 
1 23 19 
2 27 17 
3 33 15 
t 206 57 
m 19 3 
1 23 18 
2 27 18 
3 34 15 
t 205 57 
m 20 3 
1 23 19 
2 27 17 
3 33 15 
t 204 58 
m 20 2 
1 24 19 
2 27 16 
3 32 15 
t 203 59 
m 20 1 
1 23 19 
2 28 16 
3 31 15 
t 202 59 
m 20 1 
1 23 18 
2 27 16 
3 32 15 
t 201 59 
m 20 2 
1 23 19 
2 28 16 
3 33 15 
t 200 59 
m 20 2 
1 24 19 
2 27 16 
3 32 15 
t 199 59 
m 20 2 
1 23 19 
2 28 16 
3 31 15 
t 198 59 
m 20 3 
1 23 18 
2 29 16 
3 32 15 
t 197 59 
m 20 3 
1 23 17 
2 28 16 
3 33 15 
t 196 59 
m 19 3 
1 23 18 
2 29 16 
3 32 15 
t 195 59 
m 20 3 
1 23 19 
2 29 15 
3 31 15 
t 194 59 
m 21 3 
1 23 18 
2 30 15 
3 30 15 
t 193 60 
m 21 4 
1 23 19 
2 29 15 
3 29 15 
t 192 61 
m 21 5 
1 24 19 
2 29 16 
3 29 16 
t 191 62 
m 21 6 
1 25 19 
2 29 15 
3 28 16 
t 190 62 
m 21 5 
1 25 18 
2 29 16 
3 27 16 
t 189 62 
m 21 5 
1 25 19 
2 28 16 
3 28 16 
t 188 62 
m 21 6 
1 24 19 
2 27 16 
3 29 16 
t 187 62 
m 21 6 
1 25 19 
2 28 16 
3 29 15 
t 186 62 
m 22 6 
1 24 19 
2 29 16 
3 29 14 
t 185 62 
m 22 7 
1 25 19 
2 29 15 
3 29 13 
t 184 62 
m 22 8 
1 25 18 
2 29 16 
3 29 14 
t 183 72 
m 22 8 
1 25 19 
2 28 16 
3 29 15 
t 182 72 
m 22 8 
1 26 19 
2 29 16 
3 29 14 
t 181 72 
m 22 7 
1 27 19 
2 28 16 
3 29 15 
t 180 72 
m 22 7 
1 28 19 
2 29 16 
3 29 16 
t 179 72 
m 22 8 
1 27 19 
2 28 16 
3 28 16 
t 178 72 
m 22 7 
1 26 19 
2 27 16 
3 29 16 
t 177 72 
m 22 8 
1 27 19 
2 27 17 
3 28 16 
t 176 72 
m 22 9 
1 26 19 
2 27 18 
3 29 16 
t 175 72 
m 22 10 
1 25 19 
2 27 19 
3 29 15 
t 174 73 
m 23 10 
1 26 19 
2 27 18 
3 30 15 
t 173 74 
m 24 10 
1 27 19 
2 27 17 
3 31 15 
t 172 74 
m 24 9 
1 28 19 
2 27 16 
3 30 15 
t 171 75 
m 24 9 
1 29 19 
2 28 16 
3 29 15 
t 170 75 
m 25 9 
1 28 19 
2 29 16 
3 29 16 
t 169 75 
m 26 9 
1 27 19 
2 29 15 
3 29 15 
t 168 76 
m 27 9 
1 26 19 
2 29 16 
3 29 16 
t 167 76 
m 26 9 
1 27 19 
2 29 15 
3 29 15 
t 166 76 
f 31 1 
m 27 9 
1 28 19 
2 29 16 
3 29 14 
t 165 76 
m 27 9 
1 29 19 
2 28 16 
3 29 13 
t 164 76 
m 28 9 
1 28 19 
2 27 16 
3 28 13 
t 163 76 
m 29 9 
1 29 19 
2 28 16 
3 29 13 
t 162 77 
m 29 8 
1 30 19 
2 29 16 
3 29 14 
t 161 78 
m 29 7 
1 29 19 
2 29 15 
3 29 13 
t 160 79 
m 29 6 
1 30 19 
2 30 15 
3 29 12 
t 159 79 
m 28 6 
1 31 19 
2 29 15 
3 29 13 
t 158 79 
m 29 6 
1 30 19 
2 29 14 
3 28 13 
t 157 79 
m 29 6 
1 31 19 
2 29 15 
3 27 13 
t 156 79 
m 29 6 
1 30 19 
2 29 14 
3 28 13 
t 155 79 
m 29 5 
1 31 19 
2 29 13 
3 27 13 
t 154 79 
m 29 5 
1 30 19 
2 29 12 
3 26 13 
t 153 79 
m 30 5 
1 31 19 
2 29 11 
3 26 14 
t 152 80 
m 30 4 
1 30 19 
2 29 12 
3 26 15 
t 151 81 
m 30 3 
1 29 19 
2 29 11 
3 26 14 
t 150 81 
m 30 2 
1 28 19 
2 29 10 
3 26 13 
t 149 81 
m 31 2 
1 27 19 
2 29 9 
3 27 13 
t 148 82 
m 31 1 
1 26 19 
2 29 10 
3 26 13 
t 147 92 
m 31 2 
1 27 19 
2 29 9 
3 27 13 
t 146 92 
m 31 2 
1 27 18 
2 29 8 
3 28 13 
t 145 92 
f 16 9 
m 30 2 
1 27 19 
2 29 7 
3 27 13 
t 144 92 
m 30 3 
1 27 18 
2 29 8 
3 28 13 
t 143 92 
m 30 4 
1 27 19 
2 29 7 
3 29 13 
t 142 92 
m 30 4 
1 26 19 
2 29 6 
3 30 13 
t 141 92 
m 29 4 
1 25 19 
2 29 7 
3 29 13 
t 140 93 
m 29 4 
1 24 19 
2 29 8 
3 28 13 
t 139 93 
m 28 4 
1 23 19 
2 29 9 
3 29 13 
t 138 93 
m 27 4 
1 23 18 
2 29 8 
3 29 12 
t 137 93 
m 28 4 
1 23 19 
2 29 9 
3 29 13 
t 136 93 
m 27 4 
1 24 19 
2 29 10 
3 29 14 
t 135 93 
m 27 4 
1 23 19 
2 29 9 
3 29 13 
t 134 93 
m 26 4 
1 24 19 
2 29 10 
3 29 12 
t 133 93 
m 26 4 
1 23 19 
2 29 9 
3 29 11 
t 132 93 
m 26 5 
1 24 19 
2 28 9 
3 29 12 
t 131 94 
m 26 4 
1 25 19 
2 29 9 
3 29 13 
t 130 94 
m 26 4 
1 26 19 
2 29 10 
3 29 12 
t 129 94 
m 25 4 
1 27 19 
2 29 9 
3 29 11 
t 128 94 
m 25 4 
1 27 18 
2 29 10 
3 29 10 
t 127 94 
m 24 4 
1 27 17 
2 29 11 
3 29 9 
t 126 95 
m 23 4 
1 27 16 
2 29 12 
3 29 8 
t 125 96 
m 23 4 
1 27 17 
2 29 11 
3 29 9 
t 124 96 
m 22 4 
1 27 18 
2 29 12 
3 28 9 
t 123 96 
m 23 4 
1 27 19 
2 29 11 
3 27 9 
t 122 96 
m 24 4 
1 27 18 
2 29 10 
3 28 9 
t 121 96 
m 25 4 
1 27 17 
2 29 9 
3 29 9 
t 120 96 
m 25 4 
1 27 18 
2 29 8 
3 28 9 
t 119 96 
m 26 4 
1 27 17 
2 29 9 
3 27 9 
t 118 96 
m 26 3 
1 27 18 
2 29 8 
3 26 9 
t 117 96 
m 26 2 
1 27 17 
2 29 7 
3 27 9 
t 116 97 
m 26 3 
1 27 18 
2 29 8 
3 26 9 
t 115 97 
m 26 3 
1 27 19 
2 29 7 
3 27 9 
t 114 97 
m 26 3 
1 26 19 
2 29 6 
3 28 9 
t 113 97 
m 26 3 
1 25 19 
2 28 6 
3 27 9 
t 112 97 
m 26 3 
1 24 19 
2 29 6 
3 26 9 
t 111 97 
m 26 4 
1 23 19 
2 29 5 
3 25 9 
t 110 97 
m 25 4 
1 24 19 
2 29 6 
3 26 9 
t 109 97 
m 24 4 
1 23 19 
2 28 6 
3 27 9 
t 108 97 
m 23 4 
1 23 18 
2 29 6 
3 26 9 
t 107 97 
m 23 4 
1 23 19 
2 29 5 
3 25 9 
t 106 97 
m 24 4 
1 23 18 
2 29 6 
3 26 9 
t 105 97 
m 24 4 
1 23 19 
2 29 7 
3 25 9 
t 104 97 
m 23 4 
1 23 18 
2 29 6 
3 26 9 
t 103 97 
m 23 4 
1 23 19 
2 28 6 
3 27 9 
t 102 97 
m 24 4 
1 23 18 
2 27 6 
3 28 9 
t 101 97 
m 24 4 
1 23 17 
2 26 6 
3 27 9 
t 100 97 
m 23 4 
1 23 16 
2 25 6 
3 26 9 
t 99 97 
m 22 4 
1 23 17 
2 26 6 
3 25 9 
t 98 97 
m 21 4 
1 23 18 
2 27 6 
3 24 9 
t 97 97 
m 21 4 
1 23 17 
2 28 6 
3 24 10 
t 96 97 
m 21 4 
1 23 18 
2 29 6 
3 24 9 
t 95 97 
m 21 3 
1 23 17 
2 29 7 
3 25 9 
t 94 97 
m 21 3 
1 23 16 
2 29 6 
3 26 9 
t 93 97 
m 20 3 
1 23 17 
2 29 7 
3 25 9 
t 92 97 
m 20 3 
1 23 16 
2 29 8 
3 24 9 
t 91 97 
m 20 2 
1 23 17 
2 29 7 
3 25 9 
t 90 97 
m 20 3 
1 23 18 
2 29 6 
3 24 9 
t 89 97 
m 19 3 
1 23 17 
2 29 7 
3 24 10 
t 88 97 
m 20 3 
1 23 18 
2 29 8 
3 24 11 
t 87 97 
m 19 3 
1 23 17 
2 29 9 
3 24 12 
t 86 97 
m 18 3 
1 23 16 
2 29 8 
3 24 13 
t 85 97 
m 19 3 
1 23 15 
2 29 9 
3 24 14 
t 84 97 
m 20 3 
1 23 16 
2 28 9 
3 24 13 
t 83 97 
m 20 3 
1 23 17 
2 29 9 
3 24 12 
t 82 97 
m 20 3 
1 23 16 
2 29 8 
3 24 11 
t 81 97 
m 20 2 
1 23 17 
2 29 7 
3 24 12 
t 80 97 
m 20 2 
1 23 16 
2 29 8 
3 24 11 
t 79 97 
m 20 2 
1 23 17 
2 29 7 
3 24 12 
t 78 97 
m 20 3 
1 23 16 
2 29 8 
3 24 13 
t 77 97 
m 21 3 
1 23 17 
2 29 7 
3 24 12 
t 76 97 
m 21 4 
1 23 16 
2 29 6 
3 24 11 
t 75 97 
m 21 4 
1 23 15 
2 29 7 
3 24 12 
t 74 97 
m 21 5 
1 22 15 
2 29 8 
3 24 11 
t 73 97 
m 21 5 
1 22 14 
2 29 7 
3 24 12 
t 72 97 
m 21 4 
1 22 13 
2 29 6 
3 24 13 
t 71 97 
m 21 5 
1 22 14 
2 28 6 
3 24 14 
t 70 97 
m 21 6 
1 22 13 
2 29 6 
3 24 15 
t 69 97 
m 21 6 
1 22 14 
2 28 6 
3 24 14 
t 68 97 
m 21 5 
1 22 15 
2 29 6 
3 24 15 
t 67 97 
m 21 6 
1 22 14 
2 29 5 
3 23 15 
t 66 97 
m 22 6 
1 22 13 
2 29 4 
3 22 15 
t 65 97 
m 22 7 
1 21 13 
2 30 4 
3 23 15 
t 64 97 
m 22 7 
1 20 13 
2 30 3 
3 24 15 
t 63 97 
m 22 8 
1 21 13 
2 30 4 
3 24 14 
t 62 97 
m 22 7 
1 22 13 
2 30 5 
3 24 15 
t 61 97 
m 22 7 
1 22 14 
2 30 4 
3 24 14 
t 60 97 
m 22 7 
1 22 15 
2 30 3 
3 24 13 
t 59 97 
m 22 8 
1 23 15 
2 30 2 
3 24 14 
t 58 97 
m 22 8 
1 24 15 
2 30 3 
3 24 13 
t 57 97 
m 22 9 
1 24 14 
2 30 2 
3 24 14 
t 56 97 
m 22 10 
1 24 13 
2 29 2 
3 24 15 
t 55 97 
m 22 9 
1 24 14 
2 28 2 
3 23 15 
t 54 97 
m 22 10 
1 24 13 
2 27 2 
3 24 15 
t 53 97 
m 22 9 
1 24 12 
2 26 2 
3 25 15 
t 52 97 
m 22 10 
1 24 11 
2 26 3 
3 24 15 
t 51 97 
m 22 10 
1 24 12 
2 26 2 
3 25 15 
t 50 97 
m 23 10 
1 24 13 
2 27 2 
3 25 16 
t 49 97 
m 22 10 
1 24 14 
2 26 2 
3 25 15 
t 48 97 
m 23 10 
1 24 15 
2 27 2 
3 25 16 
t 47 97 
m 23 10 
1 25 15 
2 28 2 
3 25 17 
t 46 97 
m 24 10 
1 26 15 
2 27 2 
3 25 18 
t 45 97 
m 24 11 
1 25 15 
2 26 2 
3 25 19 
t 44 97 
m 24 11 
1 26 15 
2 26 3 
3 25 18 
t 43 97 
m 24 10 
1 25 15 
2 26 2 
3 25 19 
t 42 97 
m 24 11 
1 25 16 
2 27 2 
3 25 18 
t 41 97 
m 24 12 
1 25 15 
2 28 2 
3 25 17 
t 40 97 
m 24 13 
1 24 15 
2 27 2 
3 25 16 
t 39 97 
m 24 14 
1 25 15 
2 26 2 
3 25 15 
t 38 98 
m 24 15 
1 26 15 
2 26 3 
3 25 16 
t 37 98 
m 23 15 
1 26 14 
2 26 2 
3 25 15 
t 36 99 
m 22 15 
1 26 13 
2 27 2 
3 25 16 
t 35 100 
m 22 14 
1 26 14 
2 26 2 
3 25 15 
t 34 100 
m 22 13 
1 26 13 
2 27 2 
3 26 15 
t 33 100 
m 22 13 
1 27 13 
2 26 2 
3 25 15 
t 32 100 
m 21 13 
1 26 13 
2 27 2 
3 26 15 
t 31 101 
m 21 13 
1 27 13 
2 28 2 
3 26 14 
t 30 101 
m 22 13 
1 28 13 
2 27 2 
3 26 13 
t 29 101 
m 22 13 
1 29 13 
2 26 2 
3 27 13 
t 28 101 
m 21 13 
1 29 14 
2 26 3 
3 28 13 
t 27 101 
m 21 13 
1 29 15 
2 26 2 
3 29 13 
t 26 101 
m 22 13 
1 30 15 
2 27 2 
3 28 13 
t 25 101 
m 22 13 
1 29 15 
2 28 2 
3 27 13 
t 24 101 
m 22 13 
1 30 15 
2 29 2 
3 26 13 
t 23 101 
m 21 13 
1 29 15 
2 30 2 
3 26 14 
t 22 101 
m 20 13 
1 30 15 
2 30 3 
3 26 13 
t 21 101 
m 20 13 
1 31 15 
2 30 4 
3 26 14 
t 20 101 
m 19 13 
1 30 15 
2 29 4 
3 26 13 
t 19 102 
m 19 13 
1 29 15 
2 28 4 
3 27 13 
t 18 102 
m 19 13 
1 29 16 
2 27 4 
3 26 13 
t 17 102 
m 20 13 
1 29 15 
2 26 4 
3 26 14 
t 16 102 
m 20 13 
1 29 14 
2 26 3 
3 26 15 
t 15 102 
m 20 13 
1 29 13 
2 26 4 
3 26 14 
t 14 102 
m 20 13 
1 29 14 
2 26 3 
3 26 13 
t 13 102 
m 20 13 
1 29 15 
2 26 4 
3 27 13 
t 12 102 
m 19 13 
1 29 16 
2 27 4 
3 26 13 
t 11 102 
m 19 13 
1 28 16 
2 26 4 
3 27 13 
t 10 102 
m 18 13 
1 29 16 
2 27 4 
3 28 13 
t 9 102 
m 19 13 
1 29 15 
2 28 4 
3 29 13 
t 8 102 
m 19 13 
1 29 16 
2 29 4 
3 29 12 
t 7 102 
m 19 13 
1 29 15 
2 30 4 
3 29 13 
t 6 102 
m 19 13 
1 30 15 
2 29 4 
3 30 13 
t 5 102 
m 20 13 
1 31 15 
2 28 4 
3 31 13 
t 4 102 
m 20 13 
1 30 15 
2 29 4 
3 32 13 
t 3 102 
m 21 13 
1 29 15 
2 30 4 
3 33 13 
t 2 102 
m 20 13 
1 29 14 
2 30 5 
3 34 13 
t 1 102 
