35
20
m 0 19 
1 34 0 
2 34 0 
3 34 0 
w 3 19 
w 4 19 
w 5 19 
w 6 19 
w 7 19 
w 8 19 
w 9 19 
w 10 19 
w 11 19 
w 12 19 
w 13 19 
w 14 19 
w 20 19 
w 21 19 
w 22 19 
w 23 19 
w 24 19 
w 25 19 
w 26 19 
w 27 19 
w 28 19 
w 29 19 
w 30 19 
w 31 19 
w 1 18 
w 3 18 
w 4 18 
w 5 18 
w 6 18 
w 7 18 
w 8 18 
w 9 18 
w 10 18 
w 11 18 
w 12 18 
w 13 18 
w 14 18 
w 16 18 
w 18 18 
w 20 18 
w 21 18 
w 22 18 
w 23 18 
w 24 18 
w 25 18 
w 26 18 
w 27 18 
w 28 18 
w 29 18 
w 30 18 
w 31 18 
w 33 18 
w 1 17 
w 8 17 
w 9 17 
w 10 17 
w 11 17 
w 12 17 
w 13 17 
w 14 17 
w 16 17 
w 18 17 
w 20 17 
w 21 17 
w 22 17 
w 23 17 
w 24 17 
w 25 17 
w 26 17 
w 33 17 
w 1 16 
w 3 16 
w 4 16 
w 5 16 
w 6 16 
w 28 16 
w 29 16 
w 30 16 
w 31 16 
w 33 16 
w 3 15 
w 4 15 
w 5 15 
w 6 15 
w 8 15 
w 9 15 
w 11 15 
w 12 15 
w 14 15 
w 16 15 
w 17 15 
w 18 15 
w 20 15 
w 22 15 
w 23 15 
w 25 15 
w 26 15 
w 28 15 
w 29 15 
w 30 15 
w 31 15 
w 1 14 
w 3 14 
w 4 14 
w 5 14 
w 6 14 
w 16 14 
w 17 14 
w 18 14 
w 28 14 
w 29 14 
w 30 14 
w 31 14 
w 33 14 
w 1 13 
w 7 13 
w 8 13 
w 10 13 
w 12 13 
w 14 13 
w 15 13 
w 16 13 
w 17 13 
w 18 13 
w 19 13 
w 20 13 
w 22 13 
w 24 13 
w 26 13 
w 27 13 
w 33 13 
w 1 12 
w 3 12 
w 5 12 
w 7 12 
w 8 12 
w 14 12 
w 15 12 
w 16 12 
w 17 12 
w 18 12 
w 19 12 
w 20 12 
w 26 12 
w 27 12 
w 29 12 
w 31 12 
w 33 12 
w 7 11 
w 8 11 
w 10 11 
w 11 11 
w 23 11 
w 24 11 
w 26 11 
w 27 11 
w 0 10 
w 1 10 
w 3 10 
w 5 10 
w 10 10 
w 11 10 
w 13 10 
w 14 10 
w 16 10 
w 17 10 
w 18 10 
w 20 10 
w 21 10 
w 23 10 
w 24 10 
w 29 10 
w 31 10 
w 33 10 
w 34 10 
w 3 9 
w 5 9 
w 6 9 
w 7 9 
w 8 9 
w 13 9 
w 14 9 
w 16 9 
w 17 9 
w 18 9 
w 20 9 
w 21 9 
w 26 9 
w 27 9 
w 28 9 
w 29 9 
w 31 9 
w 1 8 
w 10 8 
w 11 8 
w 12 8 
w 13 8 
w 14 8 
w 16 8 
w 17 8 
w 18 8 
w 20 8 
w 21 8 
w 22 8 
w 23 8 
w 24 8 
w 33 8 
w 3 7 
w 5 7 
w 6 7 
w 7 7 
w 8 7 
w 9 7 
w 10 7 
w 11 7 
w 12 7 
w 13 7 
w 14 7 
w 16 7 
w 17 7 
w 18 7 
w 20 7 
w 21 7 
w 22 7 
w 23 7 
w 24 7 
w 25 7 
w 26 7 
w 27 7 
w 28 7 
w 29 7 
w 31 7 
w 1 6 
w 3 6 
w 5 6 
w 6 6 
w 7 6 
w 8 6 
w 9 6 
w 10 6 
w 11 6 
w 12 6 
w 13 6 
w 14 6 
w 16 6 
w 17 6 
w 18 6 
w 20 6 
w 21 6 
w 22 6 
w 23 6 
w 24 6 
w 25 6 
w 26 6 
w 27 6 
w 28 6 
w 29 6 
w 31 6 
w 33 6 
w 3 5 
w 5 5 
w 6 5 
w 7 5 
w 8 5 
w 9 5 
w 10 5 
w 11 5 
w 12 5 
w 13 5 
w 14 5 
w 20 5 
w 21 5 
w 22 5 
w 23 5 
w 24 5 
w 25 5 
w 26 5 
w 27 5 
w 28 5 
w 29 5 
w 31 5 
w 1 4 
w 5 4 
w 6 4 
w 7 4 
w 8 4 
w 9 4 
w 10 4 
w 11 4 
w 12 4 
w 13 4 
w 14 4 
w 16 4 
w 17 4 
w 18 4 
w 20 4 
w 21 4 
w 22 4 
w 23 4 
w 24 4 
w 25 4 
w 26 4 
w 27 4 
w 28 4 
w 29 4 
w 33 4 
w 1 3 
w 3 3 
w 4 3 
w 5 3 
w 6 3 
w 7 3 
w 8 3 
w 9 3 
w 10 3 
w 11 3 
w 12 3 
w 13 3 
w 14 3 
w 20 3 
w 21 3 
w 22 3 
w 23 3 
w 24 3 
w 25 3 
w 26 3 
w 27 3 
w 28 3 
w 29 3 
w 30 3 
w 31 3 
w 33 3 
w 4 2 
w 5 2 
w 6 2 
w 7 2 
w 8 2 
w 9 2 
w 10 2 
w 11 2 
w 12 2 
w 13 2 
w 14 2 
w 15 2 
w 16 2 
w 17 2 
w 18 2 
w 19 2 
w 20 2 
w 21 2 
w 22 2 
w 23 2 
w 24 2 
w 25 2 
w 26 2 
w 27 2 
w 28 2 
w 29 2 
w 30 2 
w 1 1 
w 2 1 
w 4 1 
w 5 1 
w 6 1 
w 7 1 
w 8 1 
w 9 1 
w 10 1 
w 11 1 
w 12 1 
w 13 1 
w 14 1 
w 15 1 
w 16 1 
w 17 1 
w 18 1 
w 19 1 
w 20 1 
w 21 1 
w 22 1 
w 23 1 
w 24 1 
w 25 1 
w 26 1 
w 27 1 
w 28 1 
w 29 1 
w 30 1 
w 32 1 
w 33 1 
w 4 0 
w 5 0 
w 6 0 
w 7 0 
w 8 0 
w 9 0 
w 10 0 
w 11 0 
w 12 0 
w 13 0 
w 14 0 
w 15 0 
w 16 0 
w 17 0 
w 18 0 
w 19 0 
w 20 0 
w 21 0 
w 22 0 
w 23 0 
w 24 0 
w 25 0 
w 26 0 
w 27 0 
w 28 0 
w 29 0 
w 30 0 
p 1 19 
p 15 19 
p 17 19 
p 18 19 
p 19 19 
p 33 19 
p 34 19 
p 0 18 
p 32 18 
p 34 18 
p 0 17 
p 3 17 
p 6 17 
p 19 17 
p 27 17 
p 29 17 
p 30 17 
p 31 17 
p 32 17 
p 2 16 
p 7 16 
p 8 16 
p 14 16 
p 15 16 
p 16 16 
p 17 16 
p 18 16 
p 20 16 
p 21 16 
p 24 16 
p 25 16 
p 26 16 
p 34 16 
p 2 15 
p 10 15 
p 13 15 
p 15 15 
p 19 15 
p 21 15 
p 24 15 
p 27 15 
p 32 15 
p 33 15 
p 34 15 
p 0 14 
p 8 14 
p 10 14 
p 19 14 
p 21 14 
p 23 14 
p 25 14 
p 27 14 
p 32 14 
p 34 14 
p 0 13 
p 4 13 
p 23 13 
p 28 13 
p 30 13 
p 32 13 
p 34 13 
p 0 12 
p 2 12 
p 4 12 
p 6 12 
p 11 12 
p 12 12 
p 21 12 
p 22 12 
p 23 12 
p 24 12 
p 25 12 
p 28 12 
p 1 11 
p 4 11 
p 5 11 
p 6 11 
p 12 11 
p 15 11 
p 16 11 
p 18 11 
p 21 11 
p 28 11 
p 30 11 
p 32 11 
p 33 11 
p 34 11 
p 2 10 
p 7 10 
p 9 10 
p 12 10 
p 22 10 
p 26 10 
p 32 10 
p 0 9 
p 11 9 
p 15 9 
p 22 9 
p 24 9 
p 30 9 
p 32 9 
p 0 8 
p 2 8 
p 3 8 
p 8 8 
p 15 8 
p 31 8 
p 1 7 
p 4 7 
p 15 7 
p 19 7 
p 30 7 
p 32 7 
p 33 7 
p 34 7 
p 4 6 
p 15 6 
p 32 6 
p 2 5 
p 4 5 
p 15 5 
p 16 5 
p 18 5 
p 30 5 
p 34 5 
p 2 4 
p 3 4 
p 4 4 
p 30 4 
p 34 4 
p 0 3 
p 17 3 
p 18 3 
p 34 3 
p 2 2 
p 31 2 
p 32 2 
p 33 2 
p 34 2 
p 3 1 
p 31 1 
f 19 4 
t 1400 0 
m 0 18 
1 33 0 
2 33 0 
3 33 0 
t 1399 1 
m 0 19 
1 32 0 
2 34 0 
3 34 0 
t 1398 1 
m 1 19 
1 31 0 
2 34 1 
3 34 1 
t 1397 2 
m 1 19 
1 31 1 
2 34 0 
3 34 2 
t 1396 2 
m 2 19 
1 31 2 
2 33 0 
3 34 3 
t 1395 2 
m 2 19 
1 32 2 
2 32 0 
3 34 2 
t 1394 2 
m 1 19 
1 32 3 
2 31 0 
3 33 2 
t 1393 2 
m 2 19 
1 32 2 
2 31 1 
3 34 2 
t 1392 2 
m 2 19 
1 33 2 
2 31 0 
3 33 2 
t 1391 2 
m 2 18 
1 34 2 
2 32 0 
3 34 2 
t 1390 2 
m 2 17 
1 33 2 
2 31 0 
3 33 2 
t 1389 2 
m 2 18 
1 32 2 
2 31 1 
3 32 2 
t 1388 2 
m 2 18 
1 32 3 
2 31 2 
3 33 2 
t 1387 2 
m 2 17 
1 32 4 
2 32 2 
3 34 2 
t 1386 2 
m 2 17 
1 32 3 
2 32 3 
3 33 2 
t 1385 2 
m 2 16 
1 32 2 
2 32 4 
3 34 2 
t 1384 3 
m 2 16 
1 33 2 
2 31 4 
3 34 1 
t 1383 3 
m 2 16 
1 34 2 
2 32 4 
3 34 2 
t 1382 3 
m 2 17 
1 34 3 
2 32 5 
3 33 2 
t 1381 3 
m 2 16 
1 34 2 
2 33 5 
3 32 2 
t 1380 3 
m 2 17 
1 34 1 
2 34 5 
3 32 3 
t 1379 3 
m 2 17 
1 34 2 
2 33 5 
3 32 4 
t 1378 3 
m 2 18 
1 34 1 
2 32 5 
3 31 4 
t 1377 3 
m 2 17 
1 34 2 
2 32 6 
3 32 4 
t 1376 3 
m 2 16 
1 34 3 
2 32 7 
3 31 4 
t 1375 3 
m 2 15 
1 34 4 
2 32 6 
3 32 4 
t 1374 3 
m 1 15 
1 34 5 
2 32 7 
3 32 5 
t 1373 3 
m 2 15 
1 34 6 
2 33 7 
3 33 5 
t 1372 3 
m 2 16 
1 34 5 
2 32 7 
3 34 5 
t 1371 3 
m 2 17 
1 34 4 
2 32 6 
3 34 4 
t 1370 3 
m 2 17 
1 34 3 
2 32 7 
3 34 5 
t 1369 3 
m 2 17 
1 34 4 
2 32 6 
3 34 6 
t 1368 3 
m 3 17 
1 34 5 
2 32 5 
3 34 5 
t 1367 4 
m 2 17 
1 34 4 
2 32 6 
3 34 4 
t 1366 4 
m 3 17 
1 34 5 
2 32 7 
3 34 5 
t 1365 4 
m 3 17 
1 33 5 
2 32 8 
3 34 4 
t 1364 4 
m 2 17 
1 34 5 
2 32 9 
3 34 3 
t 1363 4 
m 2 16 
1 33 5 
2 32 10 
3 34 2 
t 1362 4 
m 2 15 
1 32 5 
2 32 11 
3 33 2 
t 1361 4 
m 2 14 
1 32 4 
2 32 12 
3 34 2 
t 1360 4 
m 2 15 
1 31 4 
2 32 11 
3 34 3 
t 1359 4 
m 2 16 
1 30 4 
2 32 12 
3 34 4 
t 1358 4 
m 2 15 
1 30 5 
2 32 11 
3 34 3 
t 1357 4 
m 2 15 
1 30 6 
2 33 11 
3 34 2 
t 1356 4 
m 2 14 
1 30 7 
2 34 11 
3 33 2 
t 1355 4 
m 2 15 
1 30 6 
2 33 11 
3 34 2 
t 1354 4 
m 2 16 
1 30 5 
2 32 11 
3 34 3 
t 1353 4 
m 2 15 
1 30 6 
2 33 11 
3 34 2 
t 1352 4 
m 2 14 
1 30 7 
2 34 11 
3 34 3 
t 1351 4 
m 2 15 
1 30 8 
2 34 12 
3 34 2 
t 1350 4 
m 2 15 
1 29 8 
2 34 13 
3 33 2 
t 1349 4 
m 2 14 
1 30 8 
2 34 14 
3 34 2 
t 1348 4 
m 2 14 
1 31 8 
2 34 15 
3 34 3 
t 1347 4 
m 2 14 
1 30 8 
2 34 16 
3 34 4 
t 1346 4 
m 2 15 
1 31 8 
2 34 15 
3 34 5 
t 1345 4 
m 2 16 
1 30 8 
2 34 16 
3 34 6 
t 1344 4 
m 2 16 
1 30 9 
2 34 15 
3 34 5 
t 1343 4 
m 2 16 
1 30 8 
2 33 15 
3 34 4 
t 1342 4 
m 2 15 
1 31 8 
2 34 15 
3 34 3 
t 1341 4 
m 2 14 
1 30 8 
2 33 15 
3 34 2 
t 1340 4 
m 2 15 
1 30 9 
2 32 15 
3 34 1 
t 1339 4 
m 2 14 
1 30 8 
2 33 15 
3 34 0 
t 1338 4 
m 2 14 
1 30 7 
2 34 15 
3 34 1 
t 1337 4 
m 2 13 
1 30 6 
2 34 16 
3 34 2 
t 1336 4 
m 3 13 
1 30 7 
2 34 15 
3 34 1 
t 1335 4 
m 2 13 
1 30 6 
2 34 14 
3 34 0 
t 1334 4 
m 3 13 
1 30 7 
2 34 15 
3 33 0 
t 1333 4 
m 2 13 
1 30 6 
2 34 14 
3 32 0 
t 1332 4 
m 2 12 
1 30 7 
2 34 13 
3 33 0 
t 1331 5 
m 2 13 
1 30 8 
2 34 12 
3 32 0 
t 1330 5 
m 2 12 
1 29 8 
2 34 11 
3 33 0 
t 1329 5 
m 2 11 
1 28 8 
2 33 11 
3 34 0 
t 1328 5 
m 2 12 
1 29 8 
2 32 11 
3 34 1 
t 1327 5 
m 2 11 
1 28 8 
2 33 11 
3 34 0 
t 1326 5 
m 2 10 
1 29 8 
2 34 11 
3 33 0 
t 1325 5 
m 2 11 
1 30 8 
2 33 11 
3 32 0 
t 1324 5 
m 3 11 
1 31 8 
2 34 11 
3 31 0 
t 1323 5 
m 2 11 
1 32 8 
2 33 11 
3 31 1 
t 1322 5 
m 2 12 
1 31 8 
2 34 11 
3 31 0 
t 1321 5 
m 2 12 
1 30 8 
2 34 12 
3 31 1 
t 1320 5 
m 2 13 
1 30 7 
2 34 13 
3 31 0 
t 1319 5 
m 2 14 
1 30 8 
2 34 14 
3 32 0 
t 1318 5 
m 2 15 
1 29 8 
2 34 13 
3 33 0 
t 1317 5 
m 1 15 
1 30 8 
2 34 12 
3 32 0 
t 1316 5 
m 1 15 
1 30 7 
2 34 11 
3 31 0 
t 1315 5 
m 0 15 
1 30 6 
2 34 12 
3 31 1 
t 1314 5 
m 0 15 
1 30 5 
2 34 11 
3 31 2 
t 1313 5 
m 0 15 
1 30 6 
2 34 12 
3 32 2 
t 1312 5 
m 0 14 
1 30 7 
2 34 11 
3 31 2 
t 1311 6 
m 0 13 
1 30 6 
2 34 12 
3 31 1 
t 1310 7 
m 0 12 
1 30 5 
2 34 11 
3 31 0 
t 1309 8 
m 0 13 
1 30 6 
2 34 12 
3 31 1 
t 1308 8 
m 0 13 
1 30 7 
2 34 13 
3 31 0 
t 1307 8 
m 0 14 
1 30 8 
2 34 14 
3 31 1 
t 1306 8 
m 0 13 
1 30 7 
2 34 13 
3 31 0 
t 1305 8 
m 0 12 
1 30 6 
2 34 14 
3 32 0 
t 1304 8 
m 0 11 
1 30 5 
2 34 15 
3 33 0 
t 1303 8 
m 0 11 
1 30 4 
2 34 14 
3 34 0 
t 1302 8 
m 1 11 
1 31 4 
2 34 13 
3 33 0 
t 1301 8 
m 0 11 
1 30 4 
2 34 12 
3 32 0 
t 1300 8 
m 1 11 
1 31 4 
2 34 13 
3 31 0 
t 1299 8 
m 1 11 
1 30 4 
2 34 14 
3 32 0 
t 1298 8 
m 0 11 
1 30 5 
2 34 13 
3 33 0 
t 1297 8 
m 0 11 
1 30 6 
2 34 12 
3 34 0 
t 1296 8 
m 0 11 
1 30 5 
2 34 13 
3 34 1 
t 1295 8 
m 0 12 
1 30 4 
2 34 14 
3 34 2 
t 1294 8 
m 0 13 
1 30 5 
2 34 13 
3 33 2 
t 1293 8 
m 0 13 
1 30 6 
2 34 12 
3 34 2 
t 1292 8 
m 0 12 
1 30 7 
2 34 13 
3 33 2 
t 1291 8 
m 0 11 
1 30 8 
2 34 14 
3 34 2 
t 1290 8 
m 0 12 
1 29 8 
2 34 13 
3 34 1 
t 1289 8 
m 0 13 
1 28 8 
2 34 14 
3 34 0 
t 1288 8 
m 0 14 
1 29 8 
2 34 15 
3 33 0 
t 1287 8 
m 0 13 
1 28 8 
2 34 14 
3 34 0 
t 1286 8 
m 0 12 
1 29 8 
2 34 15 
3 34 1 
t 1285 8 
m 0 13 
1 30 8 
2 34 16 
3 34 2 
t 1284 8 
m 0 13 
1 31 8 
2 34 17 
3 34 1 
t 1283 8 
m 0 12 
1 32 8 
2 34 16 
3 34 2 
t 1282 8 
m 0 12 
1 32 9 
2 34 17 
3 34 3 
t 1281 8 
m 0 12 
1 33 9 
2 34 18 
3 34 4 
t 1280 8 
m 0 11 
1 34 9 
2 34 19 
3 34 3 
t 1279 8 
m 1 11 
1 34 8 
2 34 18 
3 34 2 
t 1278 8 
m 2 11 
1 34 9 
2 34 17 
3 33 2 
t 1277 8 
m 3 11 
1 34 8 
2 34 16 
3 34 2 
t 1276 8 
m 2 11 
1 34 9 
2 34 15 
3 33 2 
t 1275 8 
m 2 10 
1 33 9 
2 34 14 
3 34 2 
t 1274 8 
m 2 10 
1 34 9 
2 34 13 
3 34 1 
t 1273 8 
m 2 9 
1 34 8 
2 34 14 
3 34 2 
t 1272 8 
m 2 10 
1 34 9 
2 34 13 
3 33 2 
t 1271 8 
m 2 10 
1 34 8 
2 34 12 
3 32 2 
t 1270 8 
m 2 11 
1 34 9 
2 34 13 
3 32 3 
t 1269 8 
m 2 10 
1 34 8 
2 34 12 
3 32 4 
t 1268 8 
m 2 10 
1 34 9 
2 34 11 
3 32 5 
t 1267 8 
m 2 11 
1 34 8 
2 33 11 
3 33 5 
t 1266 8 
m 2 10 
1 34 7 
2 34 11 
3 32 5 
t 1265 8 
m 2 10 
1 34 8 
2 34 12 
3 33 5 
t 1264 8 
m 2 10 
1 34 9 
2 34 11 
3 32 5 
t 1263 8 
m 2 9 
1 34 8 
2 33 11 
3 32 6 
t 1262 8 
m 2 9 
1 34 9 
2 32 11 
3 32 5 
t 1261 8 
m 2 9 
1 34 8 
2 32 10 
3 33 5 
t 1260 8 
m 1 9 
1 34 9 
2 32 11 
3 32 5 
t 1259 8 
m 1 9 
1 34 8 
2 31 11 
3 32 6 
t 1258 8 
m 0 9 
1 34 7 
2 30 11 
3 32 5 
t 1257 9 
m 1 9 
1 34 6 
2 30 12 
3 32 4 
t 1256 9 
m 2 9 
1 34 7 
2 30 11 
3 31 4 
t 1255 9 
m 2 9 
1 34 8 
2 29 11 
3 32 4 
t 1254 9 
m 2 9 
1 34 7 
2 30 11 
3 31 4 
t 1253 9 
m 2 8 
1 34 8 
2 29 11 
3 30 4 
t 1252 10 
m 2 8 
1 34 9 
2 28 11 
3 30 5 
t 1251 10 
m 2 8 
1 34 8 
2 28 10 
3 30 4 
t 1250 10 
m 2 7 
1 34 9 
2 28 11 
3 31 4 
t 1249 10 
m 1 7 
1 33 9 
2 29 11 
3 30 4 
t 1248 10 
m 0 7 
1 32 9 
2 30 11 
3 30 5 
t 1247 10 
m 0 8 
1 32 8 
2 29 11 
3 30 4 
t 1246 11 
m 0 7 
1 32 9 
2 30 11 
3 30 5 
t 1245 11 
m 1 7 
1 32 8 
2 30 10 
3 30 4 
t 1244 11 
m 1 7 
1 32 9 
2 30 11 
3 31 4 
t 1243 11 
m 1 7 
1 32 10 
2 29 11 
3 32 4 
t 1242 11 
m 1 7 
1 32 9 
2 30 11 
3 32 3 
t 1241 11 
m 2 7 
1 32 8 
2 31 11 
3 32 4 
t 1240 11 
m 2 7 
1 31 8 
2 32 11 
3 32 5 
t 1239 11 
m 2 8 
1 32 8 
2 32 12 
3 33 5 
t 1238 11 
m 3 8 
1 31 8 
2 32 13 
3 34 5 
t 1237 12 
m 3 8 
1 32 8 
2 31 13 
3 34 6 
t 1236 12 
m 2 8 
1 32 7 
2 30 13 
3 34 7 
t 1235 12 
m 2 8 
1 33 7 
2 29 13 
3 34 6 
t 1234 12 
m 2 8 
1 32 7 
2 30 13 
3 34 5 
t 1233 12 
m 2 7 
1 32 6 
2 30 12 
3 34 6 
t 1232 12 
m 2 6 
1 32 7 
2 30 11 
3 34 7 
t 1231 12 
m 2 5 
1 32 8 
2 31 11 
3 34 6 
t 1230 13 
m 2 6 
1 31 8 
2 32 11 
3 34 5 
t 1229 13 
m 2 7 
1 30 8 
2 32 12 
3 34 6 
t 1228 13 
m 2 8 
1 29 8 
2 32 11 
3 34 7 
t 1227 13 
m 2 7 
1 30 8 
2 33 11 
3 33 7 
t 1226 13 
m 2 8 
1 30 7 
2 32 11 
3 34 7 
t 1225 13 
m 2 7 
1 30 8 
2 32 12 
3 33 7 
t 1224 13 
m 2 6 
1 31 8 
2 32 11 
3 34 7 
t 1223 13 
m 2 7 
1 32 8 
2 32 12 
3 34 8 
t 1222 13 
m 2 8 
1 32 9 
2 32 13 
3 34 7 
t 1221 13 
m 2 8 
1 32 10 
2 32 14 
3 34 8 
t 1220 13 
m 2 7 
1 32 11 
2 32 15 
3 34 9 
t 1219 13 
m 2 6 
1 33 11 
2 33 15 
3 34 8 
t 1218 13 
m 2 7 
1 32 11 
2 32 15 
3 34 7 
t 1217 13 
m 2 7 
1 33 11 
2 33 15 
3 33 7 
t 1216 13 
m 2 8 
1 34 11 
2 34 15 
3 34 7 
t 1215 13 
m 2 7 
1 33 11 
2 34 16 
3 34 8 
t 1214 13 
m 2 6 
1 34 11 
2 34 17 
3 34 9 
t 1213 13 
m 2 7 
1 34 12 
2 34 18 
3 34 8 
t 1212 13 
m 2 7 
1 34 11 
2 34 17 
3 34 7 
t 1211 13 
m 2 8 
1 33 11 
2 34 18 
3 34 6 
t 1210 13 
m 2 9 
1 32 11 
2 34 17 
3 34 7 
t 1209 13 
m 2 9 
1 32 12 
2 34 16 
3 34 6 
t 1208 13 
m 1 9 
1 32 11 
2 34 15 
3 34 7 
t 1207 13 
m 1 9 
1 31 11 
2 34 14 
3 34 6 
t 1206 13 
m 0 9 
1 30 11 
2 34 15 
3 34 7 
t 1205 13 
m 1 9 
1 30 12 
2 34 16 
3 34 6 
t 1204 13 
m 2 9 
1 30 13 
2 34 17 
3 34 7 
t 1203 13 
m 2 9 
1 30 12 
2 34 18 
3 33 7 
t 1202 13 
m 2 8 
1 30 13 
2 34 19 
3 34 7 
t 1201 13 
m 2 9 
1 29 13 
2 34 18 
3 33 7 
t 1200 13 
m 2 8 
1 28 13 
2 34 19 
3 32 7 
t 1199 13 
m 2 7 
1 28 12 
2 34 18 
3 32 6 
t 1198 13 
m 2 8 
1 28 13 
2 34 17 
3 32 7 
t 1197 13 
m 2 7 
1 29 13 
2 34 18 
3 33 7 
t 1196 13 
m 1 7 
1 30 13 
2 34 17 
3 32 7 
t 1195 13 
m 2 7 
1 29 13 
2 34 16 
3 32 6 
t 1194 13 
m 2 6 
1 30 13 
2 34 17 
3 32 5 
t 1193 13 
m 2 6 
1 29 13 
2 34 18 
3 33 5 
t 1192 13 
m 2 5 
1 30 13 
2 34 19 
3 32 5 
t 1191 13 
m 2 5 
1 29 13 
2 34 18 
3 32 4 
t 1190 13 
m 2 6 
1 28 13 
2 34 19 
3 32 5 
t 1189 13 
m 2 5 
1 29 13 
2 34 18 
3 32 6 
t 1188 13 
m 2 6 
1 30 13 
2 34 19 
3 32 7 
t 1187 13 
m 2 5 
1 31 13 
2 33 19 
3 32 6 
t 1186 13 
m 1 5 
1 30 13 
2 34 19 
3 32 5 
t 1185 13 
m 1 5 
1 31 13 
2 34 18 
3 32 4 
t 1184 13 
m 1 5 
1 32 13 
2 34 19 
3 31 4 
t 1183 13 
m 2 5 
1 32 12 
2 34 18 
3 32 4 
t 1182 13 
m 2 4 
1 32 13 
2 34 17 
3 32 3 
t 1181 13 
m 2 5 
1 32 12 
2 34 16 
3 32 2 
t 1180 13 
m 2 6 
1 32 13 
2 34 15 
3 31 2 
t 1179 13 
m 2 7 
1 31 13 
2 33 15 
3 31 1 
t 1178 13 
m 2 7 
1 30 13 
2 32 15 
3 31 2 
t 1177 13 
m 2 8 
1 31 13 
2 32 14 
3 31 1 
t 1176 13 
m 2 9 
1 30 13 
2 32 13 
3 31 2 
t 1175 13 
m 2 8 
1 29 13 
2 32 12 
3 32 2 
t 1174 13 
m 2 9 
1 30 13 
2 32 13 
3 33 2 
t 1173 13 
m 2 8 
1 30 12 
2 32 12 
3 34 2 
t 1172 13 
m 2 7 
1 30 11 
2 32 11 
3 34 1 
t 1171 13 
m 2 7 
1 29 11 
2 32 10 
3 34 0 
t 1170 13 
m 2 8 
1 28 11 
2 32 11 
3 34 1 
t 1169 13 
m 2 9 
1 29 11 
2 31 11 
3 34 0 
t 1168 13 
m 2 10 
1 28 11 
2 30 11 
3 33 0 
t 1167 13 
m 2 10 
1 28 10 
2 31 11 
3 32 0 
t 1166 13 
m 2 9 
1 27 10 
2 30 11 
3 33 0 
t 1165 13 
m 2 8 
1 26 10 
2 31 11 
3 32 0 
t 1164 13 
m 3 8 
1 27 10 
2 32 11 
3 31 0 
t 1163 13 
m 3 8 
1 28 10 
2 33 11 
3 32 0 
t 1162 13 
m 4 8 
1 27 10 
2 32 11 
3 33 0 
t 1161 13 
m 3 8 
1 26 10 
2 32 12 
3 34 0 
t 1160 13 
m 4 8 
1 25 10 
2 32 11 
3 34 1 
t 1159 13 
m 5 8 
1 25 9 
2 32 10 
3 34 2 
t 1158 13 
m 5 8 
1 25 8 
2 32 9 
3 34 1 
t 1157 13 
m 5 8 
1 26 8 
2 32 8 
3 34 2 
t 1156 13 
m 4 8 
1 27 8 
2 32 7 
3 33 2 
t 1155 13 
m 5 8 
1 28 8 
2 32 6 
3 32 2 
t 1154 13 
m 6 8 
1 27 8 
2 32 7 
3 32 3 
t 1153 13 
m 6 8 
1 28 8 
2 33 7 
3 32 2 
t 1152 13 
m 7 8 
1 29 8 
2 34 7 
3 32 3 
t 1151 13 
m 8 8 
1 30 8 
2 34 6 
3 32 2 
t 1150 14 
m 9 8 
1 29 8 
2 34 5 
3 31 2 
t 1149 14 
m 8 8 
1 28 8 
2 34 6 
3 31 1 
t 1148 14 
m 9 8 
1 29 8 
2 34 7 
3 31 0 
t 1147 14 
m 8 8 
1 28 8 
2 34 8 
3 31 1 
t 1146 14 
m 7 8 
1 29 8 
2 34 9 
3 31 0 
t 1145 14 
m 7 8 
1 30 8 
2 34 8 
3 32 0 
t 1144 14 
m 7 8 
1 31 8 
2 34 9 
3 31 0 
t 1143 14 
m 7 8 
1 32 8 
2 33 9 
3 32 0 
t 1142 14 
m 6 8 
1 31 8 
2 32 9 
3 33 0 
t 1141 14 
m 7 8 
1 32 8 
2 32 8 
3 34 0 
t 1140 14 
m 8 8 
1 31 8 
2 32 9 
3 33 0 
t 1139 14 
m 9 8 
1 30 8 
2 32 10 
3 32 0 
t 1138 14 
m 9 8 
1 31 8 
2 32 9 
3 33 0 
t 1137 14 
m 9 8 
1 30 8 
2 32 10 
3 34 0 
t 1136 14 
m 9 9 
1 30 9 
2 32 9 
3 33 0 
t 1135 14 
m 9 9 
1 30 10 
2 32 10 
3 32 0 
t 1134 14 
m 10 9 
1 30 9 
2 32 9 
3 31 0 
t 1133 14 
m 10 9 
1 30 8 
2 33 9 
3 31 1 
t 1132 14 
m 11 9 
1 31 8 
2 34 9 
3 31 2 
t 1131 15 
m 10 9 
1 30 8 
2 33 9 
3 31 1 
t 1130 15 
m 9 9 
1 30 9 
2 34 9 
3 31 2 
t 1129 15 
m 9 10 
1 30 8 
2 34 8 
3 32 2 
t 1128 15 
m 9 11 
1 29 8 
2 34 7 
3 32 3 
t 1127 15 
m 9 10 
1 28 8 
2 33 7 
3 32 4 
t 1126 15 
m 9 10 
1 27 8 
2 32 7 
3 31 4 
t 1125 15 
m 9 11 
1 26 8 
2 32 6 
3 30 4 
t 1124 15 
m 9 10 
1 25 8 
2 32 7 
3 31 4 
t 1123 15 
m 9 11 
1 25 9 
2 33 7 
3 30 4 
t 1122 15 
m 9 12 
1 25 8 
2 32 7 
3 30 5 
t 1121 15 
m 10 12 
1 26 8 
2 33 7 
3 30 4 
t 1120 15 
m 10 12 
1 25 8 
2 32 7 
3 30 5 
t 1119 15 
m 9 12 
1 26 8 
2 32 8 
3 30 6 
t 1118 15 
m 9 12 
1 27 8 
2 32 9 
3 30 5 
t 1117 15 
m 9 11 
1 26 8 
2 33 9 
3 30 4 
t 1116 15 
m 9 10 
1 27 8 
2 32 9 
3 31 4 
t 1115 15 
m 9 9 
1 28 8 
2 32 8 
3 30 4 
t 1114 15 
m 9 9 
1 27 8 
2 32 9 
3 31 4 
t 1113 15 
m 9 10 
1 28 8 
2 32 10 
3 32 4 
t 1112 15 
m 9 10 
1 29 8 
2 32 11 
3 32 3 
t 1111 15 
m 8 10 
1 28 8 
2 32 12 
3 32 2 
t 1110 15 
m 7 10 
1 29 8 
2 32 11 
3 33 2 
t 1109 16 
m 6 10 
1 28 8 
2 32 10 
3 32 2 
t 1108 16 
m 6 10 
1 29 8 
2 32 11 
3 31 2 
t 1107 16 
m 7 10 
1 28 8 
2 32 10 
3 32 2 
t 1106 16 
m 8 10 
1 27 8 
2 32 9 
3 31 2 
t 1105 16 
m 8 10 
1 28 8 
2 32 8 
3 32 2 
t 1104 16 
m 9 10 
1 27 8 
2 32 7 
3 31 2 
t 1103 16 
m 9 10 
1 26 8 
2 32 8 
3 31 1 
t 1102 16 
m 9 10 
1 27 8 
2 32 9 
3 31 2 
t 1101 16 
m 9 10 
1 26 8 
2 32 8 
3 31 1 
t 1100 16 
m 9 10 
1 27 8 
2 32 9 
3 31 0 
t 1099 16 
m 9 9 
1 28 8 
2 32 8 
3 32 0 
t 1098 16 
m 9 10 
1 27 8 
2 32 9 
3 31 0 
t 1097 16 
m 9 9 
1 28 8 
2 33 9 
3 31 1 
t 1096 16 
m 9 8 
1 27 8 
2 34 9 
3 31 2 
t 1095 16 
m 9 8 
1 26 8 
2 33 9 
3 31 1 
t 1094 16 
m 9 9 
1 25 8 
2 32 9 
3 31 0 
t 1093 16 
m 9 9 
1 26 8 
2 32 8 
3 32 0 
t 1092 16 
m 9 10 
1 27 8 
2 32 9 
3 31 0 
t 1091 16 
m 8 10 
1 28 8 
2 33 9 
3 31 1 
t 1090 16 
m 7 10 
1 29 8 
2 32 9 
3 31 2 
t 1089 16 
m 8 10 
1 28 8 
2 32 10 
3 32 2 
t 1088 16 
m 9 10 
1 29 8 
2 32 11 
3 32 3 
t 1087 16 
m 9 10 
1 28 8 
2 31 11 
3 32 4 
t 1086 16 
m 9 9 
1 27 8 
2 30 11 
3 32 3 
t 1085 16 
m 9 9 
1 26 8 
2 31 11 
3 32 4 
t 1084 16 
m 9 9 
1 25 8 
2 32 11 
3 32 3 
t 1083 16 
m 9 9 
1 25 9 
2 32 12 
3 32 4 
t 1082 16 
m 9 10 
1 25 8 
2 32 13 
3 32 5 
t 1081 16 
m 9 11 
1 25 9 
2 32 14 
3 33 5 
t 1080 16 
m 9 11 
1 25 8 
2 32 15 
3 34 5 
t 1079 16 
m 9 10 
1 26 8 
2 33 15 
3 33 5 
t 1078 16 
m 9 11 
1 27 8 
2 34 15 
3 34 5 
t 1077 16 
m 9 10 
1 28 8 
2 34 16 
3 34 6 
t 1076 16 
m 9 11 
1 29 8 
2 34 15 
3 34 5 
t 1075 16 
m 9 11 
1 28 8 
2 33 15 
3 34 6 
t 1074 16 
m 9 11 
1 29 8 
2 32 15 
3 34 5 
t 1073 16 
m 9 10 
1 30 8 
2 33 15 
3 34 6 
t 1072 16 
m 9 9 
1 30 7 
2 32 15 
3 34 5 
t 1071 16 
m 10 9 
1 30 6 
2 32 16 
3 33 5 
t 1070 16 
m 11 9 
1 30 7 
2 32 15 
3 34 5 
t 1069 16 
m 12 9 
1 30 6 
2 32 14 
3 33 5 
t 1068 16 
m 11 9 
1 30 5 
2 32 15 
3 34 5 
t 1067 16 
m 11 9 
1 30 4 
2 33 15 
3 34 6 
t 1066 16 
m 12 9 
1 30 5 
2 34 15 
3 34 7 
t 1065 16 
m 11 9 
1 30 6 
2 34 16 
3 34 6 
t 1064 16 
m 11 9 
1 30 5 
2 34 17 
3 34 5 
t 1063 16 
m 11 9 
1 30 4 
2 34 18 
3 33 5 
t 1062 16 
m 12 9 
1 31 4 
2 34 19 
3 32 5 
t 1061 16 
m 11 9 
1 30 4 
2 34 18 
3 33 5 
t 1060 16 
m 12 9 
1 30 5 
2 34 19 
3 34 5 
t 1059 16 
m 12 10 
1 30 4 
2 34 18 
3 34 6 
t 1058 17 
m 12 11 
1 31 4 
2 34 17 
3 34 5 
t 1057 18 
m 13 11 
1 30 4 
2 34 18 
3 34 4 
t 1056 18 
m 13 11 
1 31 4 
2 34 19 
3 34 5 
t 1055 18 
m 12 11 
1 30 4 
2 33 19 
3 34 4 
t 1054 18 
m 12 11 
1 31 4 
2 32 19 
3 34 3 
t 1053 18 
m 12 11 
1 32 4 
2 33 19 
3 34 4 
t 1052 18 
m 13 11 
1 32 5 
2 32 19 
3 34 3 
t 1051 18 
m 12 11 
1 32 4 
2 33 19 
3 34 4 
t 1050 18 
m 13 11 
1 32 3 
2 34 19 
3 34 3 
t 1049 18 
m 13 12 
1 32 2 
2 33 19 
3 34 2 
t 1048 18 
m 13 12 
1 31 2 
2 32 19 
3 34 1 
t 1047 18 
m 12 12 
1 32 2 
2 33 19 
3 34 2 
t 1046 18 
m 13 12 
1 31 2 
2 34 19 
3 34 3 
t 1045 18 
m 12 12 
1 32 2 
2 33 19 
3 34 4 
t 1044 18 
m 12 12 
1 32 3 
2 34 19 
3 34 3 
t 1043 18 
m 12 12 
1 32 4 
2 33 19 
3 34 2 
t 1042 18 
m 13 12 
1 32 3 
2 34 19 
3 33 2 
t 1041 18 
m 13 12 
1 32 2 
2 34 18 
3 32 2 
t 1040 18 
m 12 12 
1 32 3 
2 34 19 
3 33 2 
t 1039 18 
m 13 12 
1 32 4 
2 34 18 
3 32 2 
t 1038 18 
m 13 11 
1 31 4 
2 34 17 
3 33 2 
t 1037 18 
m 13 11 
1 30 4 
2 34 18 
3 34 2 
t 1036 18 
m 14 11 
1 31 4 
2 34 19 
3 34 1 
t 1035 18 
m 14 11 
1 30 4 
2 34 18 
3 34 0 
t 1034 18 
m 14 11 
1 30 5 
2 34 19 
3 34 1 
t 1033 18 
m 15 11 
1 30 6 
2 33 19 
3 34 2 
t 1032 19 
m 16 11 
1 30 7 
2 32 19 
3 34 3 
t 1031 20 
m 17 11 
1 30 8 
2 32 18 
3 34 4 
t 1030 20 
m 16 11 
1 31 8 
2 32 17 
3 34 3 
t 1029 20 
m 16 11 
1 32 8 
2 31 17 
3 34 4 
t 1028 20 
m 15 11 
1 32 9 
2 30 17 
3 34 5 
t 1027 20 
m 15 10 
1 32 10 
2 29 17 
3 34 4 
t 1026 20 
m 15 9 
1 32 11 
2 30 17 
3 34 3 
t 1025 20 
m 15 8 
1 32 10 
2 29 17 
3 34 4 
t 1024 21 
m 15 9 
1 32 11 
2 28 17 
3 34 5 
t 1023 21 
m 15 8 
1 33 11 
2 29 17 
3 34 4 
t 1022 21 
m 15 8 
1 34 11 
2 30 17 
3 34 3 
t 1021 21 
m 15 7 
1 34 12 
2 29 17 
3 34 4 
t 1020 22 
m 15 8 
1 34 11 
2 30 17 
3 34 3 
t 1019 22 
m 15 7 
1 33 11 
2 29 17 
3 34 4 
t 1018 22 
m 15 7 
1 32 11 
2 30 17 
3 34 5 
t 1017 22 
m 15 7 
1 32 10 
2 29 17 
3 34 4 
t 1016 22 
m 15 6 
1 32 9 
2 28 17 
3 34 3 
t 1015 22 
m 15 6 
1 33 9 
2 29 17 
3 34 2 
t 1014 22 
m 15 5 
1 32 9 
2 30 17 
3 34 3 
t 1013 23 
m 15 4 
1 33 9 
2 31 17 
3 34 4 
t 1012 23 
m 15 5 
1 34 9 
2 32 17 
3 34 5 
t 1011 23 
m 16 5 
1 33 9 
2 32 18 
3 34 4 
t 1010 24 
m 17 5 
1 34 9 
2 32 19 
3 34 3 
t 1009 24 
m 18 5 
1 33 9 
2 33 19 
3 34 2 
t 1008 25 
m 19 5 
1 32 9 
2 32 19 
3 33 2 
t 1007 25 
m 19 4 
1 32 10 
2 33 19 
3 32 2 
t 1006 35 
f 15 5 
m 19 3 
1 32 9 
2 34 19 
3 32 3 
t 1005 35 
m 18 3 
1 32 8 
2 33 19 
3 32 4 
t 1004 35 
m 19 3 
1 32 7 
2 32 19 
3 31 4 
t 1003 35 
m 18 3 
1 32 6 
2 33 19 
3 32 4 
t 1002 35 
m 18 3 
1 32 5 
2 34 19 
3 32 5 
t 1001 35 
m 17 3 
1 32 6 
2 34 18 
3 33 5 
t 1000 36 
m 16 3 
1 32 7 
2 34 19 
3 32 5 
t 999 36 
m 17 3 
1 33 7 
2 33 19 
3 33 5 
t 998 36 
m 18 3 
1 34 7 
2 34 19 
3 32 5 
t 997 36 
m 18 3 
1 34 6 
2 34 18 
3 32 4 
t 996 36 
m 17 3 
1 34 5 
2 34 17 
3 31 4 
t 995 36 
m 16 3 
1 34 4 
2 34 16 
3 30 4 
t 994 36 
m 16 3 
1 34 5 
2 34 17 
3 31 4 
t 993 36 
m 15 3 
1 34 4 
2 34 18 
3 32 4 
t 992 36 
m 16 3 
1 34 5 
2 34 19 
3 32 5 
t 991 36 
m 16 3 
1 34 6 
2 33 19 
3 32 6 
t 990 36 
m 15 3 
1 34 5 
2 34 19 
3 32 7 
t 989 36 
m 16 3 
1 34 4 
2 34 18 
3 33 7 
t 988 36 
m 16 3 
1 34 3 
2 34 17 
3 32 7 
t 987 36 
m 16 3 
1 34 2 
2 34 18 
3 33 7 
t 986 36 
m 15 3 
1 34 3 
2 34 17 
3 34 7 
t 985 36 
m 16 3 
1 34 4 
2 34 16 
3 33 7 
t 984 36 
m 16 3 
1 34 3 
2 34 15 
3 34 7 
t 983 36 
m 16 3 
1 34 2 
2 34 16 
3 34 6 
t 982 36 
m 15 3 
1 34 3 
2 34 17 
3 34 5 
t 981 36 
m 15 4 
1 34 2 
2 34 18 
3 33 5 
t 980 36 
m 15 5 
1 34 1 
2 34 17 
3 34 5 
t 979 46 
f 15 3 
m 15 6 
1 34 2 
2 34 16 
3 34 4 
t 978 46 
m 15 6 
1 33 2 
2 34 17 
3 34 5 
t 977 46 
m 15 5 
1 34 2 
2 34 18 
3 33 5 
t 976 46 
m 16 5 
1 34 3 
2 34 17 
3 32 5 
t 975 46 
m 16 5 
1 34 2 
2 34 16 
3 32 6 
t 974 46 
m 15 5 
1 34 3 
2 34 15 
3 32 7 
t 973 46 
m 15 4 
1 34 2 
2 34 16 
3 32 8 
t 972 46 
m 15 5 
1 34 1 
2 34 17 
3 32 7 
t 971 46 
m 15 4 
1 34 2 
2 34 16 
3 32 8 
t 970 46 
m 15 3 
1 33 2 
2 34 15 
3 32 9 
t 969 56 
f 3 17 
m 15 3 
1 34 2 
2 33 15 
3 33 9 
t 968 56 
m 15 4 
1 34 3 
2 34 15 
3 34 9 
t 967 56 
m 15 5 
1 34 2 
2 34 14 
3 33 9 
t 966 56 
m 15 4 
1 33 2 
2 34 13 
3 34 9 
t 965 56 
m 15 4 
1 34 2 
2 34 14 
3 34 8 
t 964 56 
m 15 4 
1 33 2 
2 34 13 
3 34 9 
t 963 56 
m 15 3 
1 32 2 
2 34 12 
3 34 8 
t 962 56 
m 15 3 
1 32 3 
2 34 13 
3 34 7 
t 961 56 
m 16 3 
1 32 4 
2 34 12 
3 34 6 
t 960 56 
m 16 3 
1 31 4 
2 34 11 
3 34 5 
t 959 56 
m 17 3 
1 32 4 
2 33 11 
3 34 4 
t 958 56 
m 16 3 
1 31 4 
2 34 11 
3 34 5 
t 957 56 
m 15 3 
1 32 4 
2 33 11 
3 34 6 
t 956 56 
m 16 3 
1 31 4 
2 32 11 
3 34 7 
t 955 56 
m 15 3 
1 32 4 
2 32 10 
3 33 7 
t 954 56 
m 16 3 
1 32 3 
2 32 9 
3 34 7 
t 953 56 
m 16 3 
1 32 2 
2 32 10 
3 33 7 
t 952 56 
m 15 3 
1 32 3 
2 32 9 
3 32 7 
t 951 56 
m 16 3 
1 32 2 
2 32 10 
3 32 6 
t 950 56 
m 17 3 
1 33 2 
2 32 11 
3 32 7 
t 949 56 
m 16 3 
1 32 2 
2 32 10 
3 32 8 
t 948 56 
m 15 3 
1 33 2 
2 32 11 
3 31 8 
t 947 56 
m 15 3 
1 34 2 
2 31 11 
3 32 8 
t 946 56 
m 15 4 
1 34 3 
2 32 11 
3 32 7 
t 945 56 
m 15 4 
1 34 2 
2 32 12 
3 32 8 
t 944 56 
m 15 4 
1 33 2 
2 32 13 
3 31 8 
t 943 56 
m 15 4 
1 34 2 
2 32 12 
3 32 8 
t 942 56 
m 15 5 
1 34 1 
2 32 13 
3 31 8 
t 941 56 
m 15 5 
1 34 0 
2 31 13 
3 30 8 
t 940 56 
m 16 5 
1 33 0 
2 32 13 
3 31 8 
t 939 56 
m 16 5 
1 32 0 
2 32 14 
3 32 8 
t 938 56 
m 16 5 
1 31 0 
2 32 13 
3 31 8 
t 937 56 
m 15 5 
1 31 1 
2 32 14 
3 30 8 
t 936 56 
m 15 5 
1 31 0 
2 32 13 
3 30 9 
t 935 56 
m 15 5 
1 32 0 
2 31 13 
3 30 8 
t 934 56 
m 16 5 
1 31 0 
2 32 13 
3 30 7 
t 933 56 
m 16 5 
1 31 1 
2 32 12 
3 30 8 
t 932 56 
m 15 5 
1 31 0 
2 32 11 
3 30 7 
t 931 56 
m 15 6 
1 31 1 
2 31 11 
3 30 8 
t 930 56 
m 15 6 
1 31 0 
2 32 11 
3 30 9 
t 929 56 
m 15 7 
1 32 0 
2 32 12 
3 30 10 
t 928 56 
m 15 7 
1 33 0 
2 32 13 
3 30 11 
t 927 56 
m 15 8 
1 34 0 
2 32 14 
3 30 10 
t 926 56 
m 15 7 
1 34 1 
2 32 15 
3 30 9 
t 925 56 
m 15 6 
1 34 2 
2 33 15 
3 30 8 
t 924 56 
m 15 7 
1 34 3 
2 34 15 
3 30 7 
t 923 56 
m 15 7 
1 34 4 
2 34 14 
3 30 6 
t 922 56 
m 15 6 
1 34 5 
2 34 15 
3 30 5 
t 921 56 
m 15 5 
1 34 4 
2 33 15 
3 30 4 
t 920 56 
m 16 5 
1 34 5 
2 34 15 
3 30 5 
t 919 56 
m 17 5 
1 33 5 
2 34 14 
3 30 6 
t 918 56 
m 17 5 
1 32 5 
2 34 15 
3 30 5 
t 917 56 
m 17 5 
1 32 6 
2 34 16 
3 30 4 
t 916 56 
m 17 5 
1 32 5 
2 34 17 
3 30 5 
t 915 56 
m 16 5 
1 32 6 
2 34 18 
3 30 4 
t 914 56 
m 15 5 
1 32 5 
2 34 19 
3 31 4 
t 913 56 
m 15 4 
1 32 6 
2 33 19 
3 30 4 
t 912 56 
m 15 5 
1 32 7 
2 32 19 
3 31 4 
t 911 56 
m 15 5 
1 32 8 
2 33 19 
3 32 4 
t 910 56 
m 15 6 
1 32 9 
2 32 19 
3 32 5 
t 909 56 
m 15 5 
1 32 8 
2 33 19 
3 33 5 
t 908 56 
m 15 6 
1 32 9 
2 32 19 
3 34 5 
t 907 56 
m 15 6 
1 32 10 
2 32 18 
3 34 4 
t 906 56 
m 15 7 
1 32 11 
2 32 19 
3 34 5 
t 905 56 
m 15 7 
1 33 11 
2 33 19 
3 34 6 
t 904 56 
m 15 6 
1 34 11 
2 34 19 
3 34 7 
t 903 56 
m 15 6 
1 33 11 
2 33 19 
3 34 8 
t 902 56 
m 15 5 
1 34 11 
2 34 19 
3 34 7 
t 901 56 
m 16 5 
1 33 11 
2 34 18 
3 34 6 
t 900 56 
m 15 5 
1 34 11 
2 34 19 
3 34 5 
t 899 56 
m 16 5 
1 34 12 
2 33 19 
3 34 6 
t 898 56 
m 15 5 
1 34 13 
2 34 19 
3 34 5 
t 897 56 
m 15 5 
1 34 12 
2 33 19 
3 34 4 
t 896 56 
m 15 5 
1 34 13 
2 32 19 
3 34 5 
t 895 56 
m 16 5 
1 34 12 
2 32 18 
3 34 6 
t 894 56 
m 16 5 
1 34 11 
2 32 17 
3 34 7 
t 893 56 
m 15 5 
1 33 11 
2 32 18 
3 34 8 
t 892 56 
m 15 4 
1 34 11 
2 32 17 
3 34 7 
t 891 56 
m 15 5 
1 33 11 
2 31 17 
3 34 6 
t 890 56 
m 15 6 
1 32 11 
2 32 17 
3 34 5 
t 889 56 
m 15 7 
1 31 11 
2 31 17 
3 34 4 
t 888 56 
m 15 6 
1 32 11 
2 32 17 
3 34 3 
t 887 56 
m 15 7 
1 32 12 
2 32 16 
3 34 4 
t 886 56 
m 15 6 
1 32 11 
2 32 17 
3 34 5 
t 885 56 
m 15 7 
1 32 12 
2 31 17 
3 33 5 
t 884 56 
m 15 8 
1 32 13 
2 32 17 
3 32 5 
t 883 56 
m 15 8 
1 32 12 
2 32 18 
3 33 5 
t 882 56 
m 15 8 
1 32 11 
2 32 19 
3 34 5 
t 881 56 
m 15 9 
1 32 12 
2 32 18 
3 34 4 
t 880 56 
m 15 10 
1 32 11 
2 32 19 
3 34 5 
t 879 56 
m 15 11 
1 32 10 
2 33 19 
3 34 6 
t 878 56 
m 14 11 
1 32 9 
2 34 19 
3 34 5 
t 877 56 
m 15 11 
1 32 8 
2 33 19 
3 33 5 
t 876 56 
m 14 11 
1 32 7 
2 32 19 
3 32 5 
t 875 56 
m 15 11 
1 33 7 
2 33 19 
3 32 6 
t 874 56 
m 15 10 
1 34 7 
2 34 19 
3 32 5 
t 873 56 
m 15 11 
1 34 8 
2 34 18 
3 32 6 
t 872 56 
m 14 11 
1 34 9 
2 34 17 
3 32 7 
t 871 56 
m 15 11 
1 34 8 
2 34 16 
3 33 7 
t 870 56 
m 15 10 
1 34 7 
2 34 17 
3 32 7 
t 869 56 
m 15 9 
1 34 6 
2 34 18 
3 32 8 
t 868 56 
m 15 10 
1 34 5 
2 34 19 
3 32 9 
t 867 56 
m 15 9 
1 33 5 
2 33 19 
3 32 8 
t 866 56 
m 15 8 
1 34 5 
2 34 19 
3 32 7 
t 865 56 
m 15 9 
1 33 5 
2 34 18 
3 33 7 
t 864 56 
m 15 10 
1 32 5 
2 34 17 
3 34 7 
t 863 56 
m 15 11 
1 33 5 
2 34 18 
3 34 6 
t 862 56 
m 15 11 
1 34 5 
2 34 19 
3 34 7 
t 861 56 
m 14 11 
1 34 6 
2 33 19 
3 34 8 
t 860 56 
m 15 11 
1 34 7 
2 32 19 
3 34 7 
t 859 56 
m 15 11 
1 34 6 
2 32 18 
3 34 6 
t 858 56 
m 15 11 
1 34 7 
2 32 17 
3 34 7 
t 857 56 
m 15 11 
1 33 7 
2 31 17 
3 34 6 
t 856 56 
m 14 11 
1 32 7 
2 30 17 
3 34 5 
t 855 56 
m 15 11 
1 32 8 
2 29 17 
3 34 6 
t 854 56 
m 16 11 
1 32 9 
2 30 17 
3 34 7 
t 853 56 
m 15 11 
1 32 10 
2 31 17 
3 34 8 
t 852 56 
m 15 11 
1 32 11 
2 30 17 
3 34 9 
t 851 56 
m 15 11 
1 33 11 
2 31 17 
3 33 9 
t 850 56 
m 15 11 
1 34 11 
2 32 17 
3 34 9 
t 849 56 
m 15 11 
1 34 12 
2 32 16 
3 33 9 
t 848 56 
m 14 11 
1 34 11 
2 32 17 
3 34 9 
t 847 56 
m 13 11 
1 34 12 
2 32 18 
3 34 8 
t 846 56 
m 14 11 
1 34 11 
2 32 17 
3 34 7 
t 845 56 
m 14 11 
1 34 12 
2 31 17 
3 34 6 
t 844 56 
m 14 11 
1 34 11 
2 32 17 
3 34 5 
t 843 56 
m 13 11 
1 33 11 
2 31 17 
3 33 5 
t 842 56 
m 13 12 
1 34 11 
2 32 17 
3 34 5 
t 841 56 
m 12 12 
1 34 12 
2 32 18 
3 34 4 
t 840 56 
m 13 12 
1 34 11 
2 32 17 
3 34 5 
t 839 56 
m 13 11 
1 33 11 
2 32 18 
3 34 4 
t 838 56 
m 12 11 
1 34 11 
2 32 17 
3 34 3 
t 837 56 
m 13 11 
1 34 12 
2 32 18 
3 34 2 
t 836 56 
m 13 12 
1 34 13 
2 32 17 
3 34 1 
t 835 56 
m 13 11 
1 34 14 
2 32 16 
3 34 2 
t 834 56 
m 14 11 
1 34 15 
2 32 17 
3 34 3 
t 833 56 
m 13 11 
1 33 15 
2 31 17 
3 34 2 
t 832 56 
m 13 12 
1 34 15 
2 32 17 
3 34 1 
t 831 56 
m 13 12 
1 34 16 
2 32 18 
3 34 2 
t 830 56 
m 12 12 
1 34 15 
2 32 17 
3 33 2 
t 829 56 
m 11 12 
1 33 15 
2 32 18 
3 34 2 
t 828 57 
m 11 12 
1 32 15 
2 32 19 
3 33 2 
t 827 57 
m 12 12 
1 33 15 
2 33 19 
3 34 2 
t 826 57 
m 11 12 
1 32 15 
2 32 19 
3 34 1 
t 825 57 
m 11 13 
1 32 14 
2 32 18 
3 34 0 
t 824 57 
m 11 12 
1 32 15 
2 32 19 
3 34 1 
t 823 57 
m 12 12 
1 32 16 
2 32 18 
3 34 0 
t 822 57 
m 13 12 
1 32 17 
2 32 17 
3 34 1 
t 821 57 
m 13 12 
1 32 18 
2 31 17 
3 34 2 
t 820 57 
m 12 12 
1 32 19 
2 30 17 
3 34 3 
t 819 57 
m 12 12 
1 32 18 
2 29 17 
3 34 4 
t 818 57 
m 11 12 
1 32 17 
2 30 17 
3 34 3 
t 817 57 
m 11 13 
1 32 18 
2 29 17 
3 34 2 
t 816 57 
m 11 14 
1 32 17 
2 28 17 
3 34 3 
t 815 57 
m 12 14 
1 31 17 
2 29 17 
3 34 2 
t 814 57 
m 12 14 
1 32 17 
2 30 17 
3 33 2 
t 813 57 
m 13 14 
1 31 17 
2 31 17 
3 34 2 
t 812 57 
m 12 14 
1 30 17 
2 32 17 
3 34 1 
t 811 57 
m 11 14 
1 29 17 
2 32 18 
3 34 0 
t 810 57 
m 10 14 
1 30 17 
2 32 17 
3 33 0 
t 809 57 
m 9 14 
1 31 17 
2 32 16 
3 32 0 
t 808 57 
m 9 14 
1 32 17 
2 32 17 
3 33 0 
t 807 57 
m 9 14 
1 31 17 
2 31 17 
3 32 0 
t 806 57 
m 9 13 
1 30 17 
2 30 17 
3 31 0 
t 805 57 
m 9 14 
1 29 17 
2 31 17 
3 31 1 
t 804 57 
m 9 13 
1 28 17 
2 32 17 
3 31 0 
t 803 57 
m 9 12 
1 29 17 
2 31 17 
3 32 0 
t 802 57 
m 9 12 
1 28 17 
2 32 17 
3 31 0 
t 801 57 
m 9 12 
1 29 17 
2 32 18 
3 32 0 
t 800 57 
m 9 12 
1 28 17 
2 32 19 
3 33 0 
t 799 57 
m 9 12 
1 29 17 
2 33 19 
3 32 0 
t 798 57 
m 10 12 
1 30 17 
2 34 19 
3 31 0 
t 797 57 
m 10 12 
1 29 17 
2 33 19 
3 32 0 
t 796 57 
m 10 12 
1 28 17 
2 32 19 
3 31 0 
t 795 57 
m 11 12 
1 27 17 
2 32 18 
3 31 1 
t 794 57 
m 11 13 
1 27 16 
2 32 19 
3 31 0 
t 793 57 
m 11 14 
1 26 16 
2 33 19 
3 31 1 
t 792 57 
m 10 14 
1 25 16 
2 32 19 
3 31 0 
t 791 57 
m 11 14 
1 26 16 
2 33 19 
3 32 0 
t 790 57 
m 10 14 
1 27 16 
2 32 19 
3 33 0 
t 789 57 
m 11 14 
1 26 16 
2 33 19 
3 34 0 
t 788 57 
m 10 14 
1 25 16 
2 34 19 
3 34 1 
t 787 57 
m 10 14 
1 26 16 
2 33 19 
3 34 2 
t 786 57 
m 10 15 
1 27 16 
2 32 19 
3 34 3 
t 785 58 
m 10 16 
1 27 15 
2 33 19 
3 34 2 
t 784 58 
m 9 16 
1 27 16 
2 34 19 
3 34 1 
t 783 58 
m 8 16 
1 27 15 
2 34 18 
3 34 2 
t 782 59 
m 7 16 
1 27 16 
2 34 19 
3 33 2 
t 781 60 
m 7 15 
1 27 15 
2 34 18 
3 34 2 
t 780 60 
m 7 15 
1 27 16 
2 34 19 
3 34 1 
t 779 60 
m 7 15 
1 27 17 
2 34 18 
3 34 2 
t 778 60 
m 7 14 
1 28 17 
2 34 19 
3 34 1 
t 777 60 
m 8 14 
1 29 17 
2 33 19 
3 34 2 
t 776 60 
m 9 14 
1 30 17 
2 34 19 
3 34 3 
t 775 60 
m 8 14 
1 29 17 
2 34 18 
3 34 2 
t 774 60 
m 8 14 
1 30 17 
2 34 17 
3 33 2 
t 773 60 
m 8 14 
1 29 17 
2 34 16 
3 32 2 
t 772 60 
m 8 14 
1 30 17 
2 34 17 
3 32 3 
t 771 60 
m 9 14 
1 29 17 
2 34 16 
3 32 2 
t 770 60 
m 8 14 
1 30 17 
2 34 17 
3 31 2 
t 769 60 
m 8 14 
1 31 17 
2 34 16 
3 32 2 
t 768 60 
m 9 14 
1 30 17 
2 34 17 
3 32 3 
t 767 60 
m 10 14 
1 29 17 
2 34 18 
3 32 4 
t 766 60 
m 10 15 
1 30 17 
2 34 17 
3 32 5 
t 765 60 
m 10 15 
1 31 17 
2 34 16 
3 33 5 
t 764 60 
m 10 15 
1 30 17 
2 34 15 
3 34 5 
t 763 60 
m 10 16 
1 29 17 
2 34 16 
3 34 6 
t 762 60 
m 10 16 
1 28 17 
2 34 15 
3 34 7 
t 761 60 
m 11 16 
1 29 17 
2 34 14 
3 34 8 
t 760 60 
m 11 16 
1 30 17 
2 34 13 
3 34 9 
t 759 60 
m 11 16 
1 29 17 
2 34 14 
3 34 8 
t 758 60 
m 12 16 
1 28 17 
2 34 15 
3 34 9 
t 757 60 
m 11 16 
1 29 17 
2 34 14 
3 34 8 
t 756 60 
m 11 16 
1 30 17 
2 34 15 
3 34 7 
t 755 60 
m 12 16 
1 31 17 
2 33 15 
3 34 6 
t 754 60 
m 11 16 
1 30 17 
2 32 15 
3 34 7 
t 753 60 
m 11 16 
1 29 17 
2 32 16 
3 34 8 
t 752 60 
m 12 16 
1 28 17 
2 32 17 
3 34 7 
t 751 60 
m 12 16 
1 29 17 
2 31 17 
3 34 8 
t 750 60 
m 13 16 
1 30 17 
2 32 17 
3 34 7 
t 749 60 
m 13 15 
1 31 17 
2 31 17 
3 34 6 
t 748 61 
m 13 14 
1 32 17 
2 32 17 
3 34 5 
t 747 61 
m 12 14 
1 31 17 
2 32 16 
3 34 4 
t 746 61 
m 13 14 
1 32 17 
2 32 15 
3 34 5 
t 745 61 
m 13 14 
1 32 18 
2 32 14 
3 34 6 
t 744 61 
m 13 14 
1 32 17 
2 32 13 
3 34 5 
t 743 61 
m 12 14 
1 31 17 
2 32 12 
3 34 4 
t 742 61 
m 11 14 
1 32 17 
2 32 13 
3 34 5 
t 741 61 
m 11 14 
1 31 17 
2 32 12 
3 34 6 
t 740 61 
m 12 14 
1 32 17 
2 32 11 
3 34 5 
t 739 61 
m 11 14 
1 31 17 
2 31 11 
3 34 6 
t 738 61 
m 10 14 
1 30 17 
2 30 11 
3 34 5 
t 737 61 
m 10 14 
1 29 17 
2 30 10 
3 34 6 
t 736 61 
m 10 15 
1 28 17 
2 30 11 
3 34 7 
t 735 61 
m 10 14 
1 29 17 
2 30 12 
3 33 7 
t 734 61 
m 10 14 
1 28 17 
2 30 13 
3 32 7 
t 733 61 
m 10 14 
1 27 17 
2 30 12 
3 32 8 
t 732 61 
m 10 15 
1 27 16 
2 30 11 
3 32 7 
t 731 61 
m 10 14 
1 27 17 
2 29 11 
3 32 8 
t 730 61 
m 10 14 
1 28 17 
2 30 11 
3 32 9 
t 729 61 
m 11 14 
1 27 17 
2 30 10 
3 32 10 
t 728 61 
m 11 13 
1 27 16 
2 30 9 
3 32 9 
t 727 61 
m 11 12 
1 27 15 
2 30 8 
3 32 8 
t 726 61 
m 12 12 
1 27 14 
2 29 8 
3 32 9 
t 725 61 
m 12 12 
1 27 15 
2 30 8 
3 32 10 
t 724 61 
m 11 12 
1 27 16 
2 29 8 
3 32 11 
t 723 61 
m 12 12 
1 26 16 
2 28 8 
3 32 10 
t 722 61 
m 13 12 
1 27 16 
2 27 8 
3 32 9 
t 721 61 
m 12 12 
1 26 16 
2 28 8 
3 32 8 
t 720 61 
m 12 12 
1 25 16 
2 27 8 
3 31 8 
t 719 61 
m 13 12 
1 26 16 
2 26 8 
3 32 8 
t 718 61 
m 13 12 
1 27 16 
2 25 8 
3 31 8 
t 717 61 
m 13 13 
1 26 16 
2 26 8 
3 32 8 
t 716 61 
m 13 14 
1 25 16 
2 25 8 
3 32 7 
t 715 61 
m 13 15 
1 24 16 
2 26 8 
3 33 7 
t 714 61 
m 13 14 
1 25 16 
2 25 8 
3 34 7 
t 713 61 
m 12 14 
1 26 16 
2 25 9 
3 34 8 
t 712 61 
m 12 14 
1 27 16 
2 24 9 
3 34 9 
t 711 61 
m 13 14 
1 26 16 
2 23 9 
3 34 8 
t 710 61 
m 12 14 
1 25 16 
2 22 9 
3 34 7 
t 709 61 
m 13 14 
1 24 16 
2 22 10 
3 33 7 
t 708 61 
m 13 15 
1 24 15 
2 22 9 
3 34 7 
t 707 61 
m 13 16 
1 24 14 
2 23 9 
3 34 6 
t 706 61 
m 14 16 
1 25 14 
2 22 9 
3 34 5 
t 705 62 
m 13 16 
1 26 14 
2 23 9 
3 34 6 
t 704 62 
m 14 16 
1 25 14 
2 22 9 
3 34 5 
t 703 62 
m 15 16 
1 25 13 
2 22 10 
3 33 5 
t 702 62 
m 14 16 
1 25 14 
2 22 11 
3 34 5 
t 701 62 
m 14 16 
1 26 14 
2 22 12 
3 34 4 
t 700 62 
m 13 16 
1 27 14 
2 22 11 
3 34 3 
t 699 62 
m 12 16 
1 26 14 
2 22 12 
3 34 2 
t 698 62 
m 11 16 
1 27 14 
2 22 11 
3 34 1 
t 697 62 
m 11 16 
1 26 14 
2 21 11 
3 34 0 
t 696 62 
m 11 16 
1 25 14 
2 22 11 
3 34 1 
t 695 62 
m 12 16 
1 24 14 
2 22 10 
3 34 2 
t 694 62 
m 13 16 
1 23 14 
2 22 11 
3 33 2 
t 693 62 
m 14 16 
1 22 14 
2 22 10 
3 32 2 
t 692 62 
m 13 16 
1 21 14 
2 22 11 
3 31 2 
t 691 62 
m 13 15 
1 22 14 
2 22 12 
3 32 2 
t 690 62 
m 13 16 
1 21 14 
2 22 11 
3 33 2 
t 689 62 
m 14 16 
1 21 15 
2 21 11 
3 34 2 
t 688 62 
m 13 16 
1 21 14 
2 20 11 
3 34 3 
t 687 62 
m 13 16 
1 22 14 
2 21 11 
3 34 2 
t 686 62 
m 13 15 
1 21 14 
2 22 11 
3 34 3 
t 685 62 
m 13 14 
1 22 14 
2 22 12 
3 34 2 
t 684 62 
m 12 14 
1 23 14 
2 23 12 
3 33 2 
t 683 62 
m 13 14 
1 23 13 
2 22 12 
3 32 2 
t 682 62 
m 13 13 
1 23 14 
2 23 12 
3 31 2 
t 681 62 
m 13 14 
1 23 13 
2 24 12 
3 32 2 
t 680 62 
m 12 14 
1 23 14 
2 23 12 
3 33 2 
t 679 62 
m 12 14 
1 22 14 
2 24 12 
3 32 2 
t 678 62 
m 11 14 
1 23 14 
2 25 12 
3 33 2 
t 677 62 
m 11 13 
1 22 14 
2 25 13 
3 32 2 
t 676 62 
m 11 14 
1 21 14 
2 25 14 
3 31 2 
t 675 62 
m 11 13 
1 20 14 
2 25 13 
3 32 2 
t 674 62 
m 11 12 
1 19 14 
2 25 12 
3 32 3 
t 673 62 
m 11 12 
1 20 14 
2 25 11 
3 32 4 
t 672 62 
m 12 12 
1 19 14 
2 25 10 
3 32 5 
t 671 62 
m 12 12 
1 19 15 
2 26 10 
3 32 4 
t 670 62 
m 13 12 
1 19 14 
2 25 10 
3 32 5 
t 669 62 
m 13 12 
1 19 15 
2 26 10 
3 32 4 
t 668 62 
m 13 12 
1 19 16 
2 25 10 
3 32 5 
t 667 62 
m 13 12 
1 18 16 
2 25 9 
3 32 4 
t 666 62 
m 13 12 
1 19 16 
2 25 8 
3 32 5 
t 665 62 
m 13 12 
1 20 16 
2 26 8 
3 32 4 
t 664 62 
m 12 12 
1 21 16 
2 25 8 
3 32 5 
t 663 62 
m 12 12 
1 21 15 
2 25 9 
3 33 5 
t 662 62 
m 11 12 
1 21 14 
2 25 8 
3 32 5 
t 661 62 
m 12 12 
1 21 15 
2 25 9 
3 33 5 
t 660 62 
m 13 12 
1 21 14 
2 24 9 
3 32 5 
t 659 62 
m 13 12 
1 22 14 
2 25 9 
3 33 5 
t 658 62 
m 13 11 
1 21 14 
2 25 8 
3 34 5 
t 657 62 
m 13 11 
1 22 14 
2 25 9 
3 33 5 
t 656 62 
m 12 11 
1 21 14 
2 25 8 
3 32 5 
t 655 62 
m 13 11 
1 21 13 
2 26 8 
3 32 6 
t 654 62 
m 13 12 
1 21 12 
2 25 8 
3 32 5 
t 653 62 
m 13 12 
1 21 11 
2 25 9 
3 33 5 
t 652 62 
m 13 13 
1 20 11 
2 25 8 
3 32 5 
t 651 62 
m 13 12 
1 19 11 
2 26 8 
3 33 5 
t 650 62 
m 13 13 
1 18 11 
2 27 8 
3 34 5 
t 649 62 
m 13 14 
1 17 11 
2 26 8 
3 33 5 
t 648 62 
m 12 14 
1 18 11 
2 25 8 
3 32 5 
t 647 62 
m 12 14 
1 17 11 
2 26 8 
3 32 6 
t 646 62 
m 12 14 
1 16 11 
2 27 8 
3 32 7 
t 645 62 
m 11 14 
1 17 11 
2 26 8 
3 32 6 
t 644 62 
m 11 13 
1 16 11 
2 25 8 
3 32 7 
t 643 62 
m 11 12 
1 17 11 
2 26 8 
3 33 7 
t 642 62 
m 12 12 
1 16 11 
2 27 8 
3 32 7 
t 641 62 
m 12 11 
1 17 11 
2 28 8 
3 33 7 
t 640 62 
m 12 11 
1 18 11 
2 27 8 
3 34 7 
t 639 62 
m 12 10 
1 17 11 
2 28 8 
3 34 6 
t 638 62 
m 12 10 
1 16 11 
2 27 8 
3 34 7 
t 637 62 
m 12 11 
1 17 11 
2 28 8 
3 34 6 
t 636 62 
m 12 10 
1 16 11 
2 29 8 
3 34 7 
t 635 62 
m 12 10 
1 15 11 
2 28 8 
3 33 7 
t 634 62 
m 12 10 
1 15 10 
2 27 8 
3 34 7 
t 633 62 
m 12 11 
1 15 9 
2 28 8 
3 34 8 
t 632 62 
m 12 11 
1 15 10 
2 29 8 
3 34 9 
t 631 62 
m 12 11 
1 15 11 
2 30 8 
3 33 9 
t 630 62 
m 12 11 
1 14 11 
2 31 8 
3 34 9 
t 629 62 
m 12 12 
1 15 11 
2 32 8 
3 34 8 
t 628 62 
m 12 12 
1 15 10 
2 32 7 
3 34 9 
t 627 62 
m 11 12 
1 15 11 
2 32 8 
3 33 9 
t 626 62 
m 12 12 
1 16 11 
2 32 9 
3 32 9 
t 625 62 
m 12 11 
1 17 11 
2 32 10 
3 32 8 
t 624 62 
m 13 11 
1 18 11 
2 32 11 
3 31 8 
t 623 62 
m 13 12 
1 17 11 
2 32 12 
3 30 8 
t 622 62 
m 13 13 
1 18 11 
2 32 11 
3 31 8 
t 621 62 
m 13 13 
1 19 11 
2 32 12 
3 30 8 
t 620 62 
m 13 12 
1 19 10 
2 32 11 
3 30 9 
t 619 62 
m 12 12 
1 19 9 
2 32 12 
3 30 10 
t 618 62 
m 12 11 
1 19 10 
2 32 13 
3 30 11 
t 617 62 
m 12 11 
1 19 9 
2 32 12 
3 31 11 
t 616 62 
m 12 10 
1 19 10 
2 32 11 
3 30 11 
t 615 62 
m 12 9 
1 19 9 
2 32 10 
3 29 11 
t 614 62 
m 12 9 
1 19 8 
2 32 11 
3 30 11 
t 613 62 
m 11 9 
1 19 7 
2 33 11 
3 30 10 
t 612 62 
m 10 9 
1 19 6 
2 34 11 
3 30 11 
t 611 62 
m 9 9 
1 19 7 
2 33 11 
3 31 11 
t 610 62 
m 9 9 
1 19 6 
2 34 11 
3 30 11 
t 609 62 
m 9 9 
1 19 5 
2 34 12 
3 30 12 
t 608 62 
m 10 9 
1 19 4 
2 34 13 
3 30 13 
t 607 62 
m 11 9 
1 19 5 
2 34 12 
3 29 13 
t 606 62 
m 11 9 
1 19 4 
2 34 11 
3 30 13 
t 605 62 
m 10 9 
1 19 5 
2 34 12 
3 31 13 
t 604 62 
m 10 9 
1 18 5 
2 34 13 
3 32 13 
t 603 62 
m 11 9 
1 17 5 
2 34 14 
3 31 13 
t 602 62 
m 12 9 
1 16 5 
2 34 15 
3 32 13 
t 601 62 
m 12 10 
1 15 5 
2 34 14 
3 32 14 
t 600 62 
m 12 11 
1 15 4 
2 34 13 
3 32 13 
t 599 62 
m 12 11 
1 15 3 
2 34 12 
3 32 12 
t 598 62 
m 12 12 
1 15 4 
2 34 13 
3 32 13 
t 597 62 
m 12 12 
1 15 3 
2 34 12 
3 32 14 
t 596 62 
m 12 12 
1 16 3 
2 34 11 
3 32 15 
t 595 62 
m 11 12 
1 17 3 
2 34 12 
3 32 14 
t 594 62 
m 11 12 
1 18 3 
2 34 11 
3 32 13 
t 593 62 
m 12 12 
1 17 3 
2 33 11 
3 31 13 
t 592 62 
m 12 12 
1 16 3 
2 32 11 
3 32 13 
t 591 62 
m 12 12 
1 15 3 
2 31 11 
3 32 12 
t 590 62 
m 11 12 
1 16 3 
2 30 11 
3 32 13 
t 589 62 
m 10 12 
1 17 3 
2 30 10 
3 32 14 
t 588 62 
m 9 12 
1 16 3 
2 30 9 
3 32 13 
t 587 62 
m 9 13 
1 15 3 
2 30 10 
3 32 12 
t 586 62 
m 9 13 
1 16 3 
2 30 9 
3 32 13 
t 585 62 
m 9 12 
1 17 3 
2 30 10 
3 31 13 
t 584 62 
m 10 12 
1 16 3 
2 30 11 
3 32 13 
t 583 62 
m 9 12 
1 17 3 
2 29 11 
3 32 14 
t 582 62 
m 9 13 
1 18 3 
2 30 11 
3 32 15 
t 581 62 
m 9 12 
1 17 3 
2 30 12 
3 32 16 
t 580 62 
m 9 13 
1 18 3 
2 30 11 
3 32 15 
t 579 62 
m 9 14 
1 19 3 
2 30 10 
3 32 16 
t 578 62 
m 9 13 
1 18 3 
2 30 9 
3 32 15 
t 577 62 
m 9 12 
1 17 3 
2 30 10 
3 33 15 
t 576 62 
m 9 13 
1 18 3 
2 30 9 
3 34 15 
t 575 62 
m 9 12 
1 17 3 
2 30 8 
3 34 16 
t 574 62 
m 9 11 
1 16 3 
2 30 9 
3 34 17 
t 573 62 
m 9 10 
1 17 3 
2 30 10 
3 34 16 
t 572 62 
m 8 10 
1 16 3 
2 30 11 
3 34 15 
t 571 62 
m 9 10 
1 17 3 
2 30 10 
3 33 15 
t 570 62 
m 8 10 
1 16 3 
2 30 11 
3 34 15 
t 569 62 
m 8 10 
1 17 3 
2 29 11 
3 34 16 
t 568 62 
m 9 10 
1 18 3 
2 28 11 
3 34 15 
t 567 62 
m 9 11 
1 19 3 
2 28 10 
3 34 14 
t 566 62 
m 9 10 
1 18 3 
2 27 10 
3 34 13 
t 565 62 
m 9 10 
1 19 3 
2 28 10 
3 34 14 
t 564 62 
m 9 9 
1 19 4 
2 28 11 
3 34 13 
t 563 62 
m 10 9 
1 19 5 
2 29 11 
3 34 14 
t 562 62 
m 10 9 
1 18 5 
2 30 11 
3 34 15 
t 561 62 
m 10 9 
1 19 5 
2 30 12 
3 33 15 
t 560 62 
m 11 9 
1 19 6 
2 30 11 
3 32 15 
t 559 62 
m 10 9 
1 19 7 
2 29 11 
3 32 14 
t 558 62 
m 10 9 
1 19 6 
2 30 11 
3 32 15 
t 557 62 
m 9 9 
1 19 5 
2 30 10 
3 32 14 
t 556 62 
m 9 8 
1 18 5 
2 30 9 
3 32 15 
t 555 62 
m 8 8 
1 17 5 
2 30 8 
3 32 14 
t 554 62 
m 7 8 
1 18 5 
2 30 9 
3 32 13 
t 553 62 
m 7 8 
1 19 5 
2 30 8 
3 32 12 
t 552 62 
m 6 8 
1 18 5 
2 30 7 
3 32 11 
t 551 62 
m 6 8 
1 17 5 
2 30 6 
3 32 12 
t 550 62 
m 5 8 
1 16 5 
2 30 7 
3 32 13 
t 549 62 
m 4 8 
1 17 5 
2 30 8 
3 32 12 
t 548 62 
m 4 7 
1 18 5 
2 31 8 
3 32 13 
t 547 63 
m 4 7 
1 19 5 
2 32 8 
3 32 12 
t 546 63 
m 4 7 
1 19 4 
2 31 8 
3 32 13 
t 545 63 
m 4 8 
1 19 3 
2 32 8 
3 32 12 
t 544 63 
m 4 9 
1 18 3 
2 32 7 
3 32 11 
t 543 63 
m 4 9 
1 17 3 
2 32 6 
3 32 12 
t 542 63 
m 4 8 
1 18 3 
2 32 5 
3 32 13 
t 541 63 
m 3 8 
1 17 3 
2 33 5 
3 32 12 
t 540 63 
m 2 8 
1 18 3 
2 32 5 
3 32 11 
t 539 63 
m 2 7 
1 19 3 
2 33 5 
3 32 10 
t 538 63 
m 2 8 
1 19 4 
2 34 5 
3 32 11 
t 537 63 
m 2 9 
1 19 3 
2 34 6 
3 32 12 
t 536 63 
m 2 8 
1 19 4 
2 34 7 
3 32 11 
t 535 63 
m 2 7 
1 19 5 
2 33 7 
3 33 11 
t 534 63 
m 2 8 
1 19 6 
2 32 7 
3 34 11 
t 533 63 
m 2 7 
1 19 7 
2 33 7 
3 33 11 
t 532 63 
m 2 8 
1 19 8 
2 34 7 
3 34 11 
t 531 63 
m 2 8 
1 19 9 
2 34 6 
3 33 11 
t 530 63 
m 2 9 
1 19 8 
2 34 7 
3 32 11 
t 529 63 
m 2 10 
1 19 9 
2 34 8 
3 31 11 
t 528 63 
m 2 10 
1 19 8 
2 34 9 
3 32 11 
t 527 63 
m 2 9 
1 19 7 
2 33 9 
3 32 10 
t 526 63 
m 2 8 
1 19 6 
2 34 9 
3 32 9 
t 525 63 
m 2 8 
1 19 5 
2 34 8 
3 33 9 
t 524 63 
m 3 8 
1 19 6 
2 34 7 
3 32 9 
t 523 63 
m 4 8 
1 19 5 
2 34 8 
3 32 10 
t 522 63 
m 5 8 
1 18 5 
2 34 9 
3 32 9 
t 521 63 
m 5 8 
1 17 5 
2 33 9 
3 32 10 
t 520 63 
m 4 8 
1 16 5 
2 32 9 
3 32 9 
t 519 63 
m 4 7 
1 17 5 
2 33 9 
3 32 10 
t 518 63 
m 4 6 
1 16 5 
2 34 9 
3 32 11 
t 517 64 
m 4 6 
1 15 5 
2 34 8 
3 31 11 
t 516 64 
m 4 7 
1 15 4 
2 34 9 
3 30 11 
t 515 64 
m 4 7 
1 15 3 
2 33 9 
3 29 11 
t 514 64 
m 4 8 
1 16 3 
2 32 9 
3 30 11 
t 513 64 
m 4 7 
1 17 3 
2 32 8 
3 31 11 
t 512 64 
m 4 6 
1 18 3 
2 32 7 
3 30 11 
t 511 64 
m 4 5 
1 17 3 
2 32 8 
3 30 10 
t 510 65 
m 4 6 
1 18 3 
2 32 7 
3 30 11 
t 509 65 
m 4 7 
1 19 3 
2 32 6 
3 29 11 
t 508 65 
m 4 6 
1 19 4 
2 32 7 
3 30 11 
t 507 65 
m 4 6 
1 19 3 
2 33 7 
3 30 10 
t 506 65 
m 4 5 
1 19 4 
2 34 7 
3 30 9 
t 505 65 
m 4 5 
1 19 5 
2 34 8 
3 30 8 
t 504 65 
m 4 4 
1 19 4 
2 34 9 
3 31 8 
t 503 65 
m 4 5 
1 19 5 
2 34 8 
3 30 8 
t 502 65 
m 4 5 
1 18 5 
2 34 7 
3 30 7 
t 501 65 
m 4 6 
1 19 5 
2 34 6 
3 30 6 
t 500 65 
m 4 7 
1 18 5 
2 34 5 
3 30 7 
t 499 65 
m 4 7 
1 19 5 
2 33 5 
3 30 6 
t 498 65 
m 4 6 
1 18 5 
2 34 5 
3 30 5 
t 497 65 
m 4 5 
1 19 5 
2 33 5 
3 30 4 
t 496 65 
m 4 4 
1 18 5 
2 32 5 
3 30 5 
t 495 65 
m 3 4 
1 19 5 
2 33 5 
3 30 6 
t 494 66 
m 2 4 
1 19 4 
2 32 5 
3 30 5 
t 493 66 
m 3 4 
1 19 5 
2 33 5 
3 30 6 
t 492 66 
m 2 4 
1 19 4 
2 32 5 
3 30 7 
t 491 66 
m 3 4 
1 19 3 
2 32 6 
3 30 6 
t 490 66 
m 2 4 
1 19 4 
2 32 7 
3 30 5 
t 489 66 
m 2 4 
1 19 5 
2 32 6 
3 30 4 
t 488 66 
m 3 4 
1 18 5 
2 32 7 
3 30 5 
t 487 66 
m 2 4 
1 17 5 
2 32 8 
3 30 4 
t 486 66 
m 2 5 
1 18 5 
2 32 7 
3 31 4 
t 485 66 
m 2 5 
1 19 5 
2 32 6 
3 32 4 
t 484 66 
m 1 5 
1 19 6 
2 32 7 
3 32 3 
t 483 66 
m 1 5 
1 19 5 
2 33 7 
3 32 2 
t 482 66 
m 0 5 
1 18 5 
2 34 7 
3 33 2 
t 481 66 
m 0 6 
1 19 5 
2 34 6 
3 34 2 
t 480 66 
m 0 7 
1 19 4 
2 34 5 
3 34 3 
t 479 66 
m 1 7 
1 19 5 
2 34 6 
3 34 4 
t 478 66 
m 2 7 
1 18 5 
2 34 5 
3 34 5 
t 477 66 
m 2 8 
1 17 5 
2 33 5 
3 34 6 
t 476 66 
m 2 8 
1 18 5 
2 32 5 
3 34 5 
t 475 66 
m 3 8 
1 19 5 
2 33 5 
3 34 6 
t 474 66 
m 3 8 
1 19 4 
2 32 5 
3 34 7 
t 473 66 
m 2 8 
1 19 5 
2 32 6 
3 34 6 
t 472 66 
m 3 8 
1 19 6 
2 32 7 
3 34 7 
t 471 66 
m 3 8 
1 19 5 
2 32 6 
3 34 6 
t 470 66 
m 2 8 
1 19 4 
2 32 7 
3 34 5 
t 469 66 
m 2 7 
1 19 3 
2 32 8 
3 33 5 
t 468 66 
m 2 6 
1 19 4 
2 32 9 
3 32 5 
t 467 66 
m 2 7 
1 19 5 
2 32 8 
3 33 5 
t 466 66 
m 2 7 
1 18 5 
2 31 8 
3 34 5 
t 465 66 
m 2 7 
1 19 5 
2 30 8 
3 33 5 
t 464 66 
m 1 7 
1 19 4 
2 31 8 
3 32 5 
t 463 66 
m 0 7 
1 19 5 
2 32 8 
3 32 6 
t 462 66 
m 0 6 
1 19 4 
2 32 7 
3 32 7 
t 461 66 
m 0 7 
1 19 5 
2 33 7 
3 32 6 
t 460 66 
m 0 6 
1 19 4 
2 32 7 
3 32 5 
t 459 66 
m 0 7 
1 19 3 
2 33 7 
3 33 5 
t 458 66 
m 0 6 
1 19 4 
2 32 7 
3 32 5 
t 457 66 
m 0 7 
1 19 5 
2 33 7 
3 32 6 
t 456 66 
m 0 7 
1 19 6 
2 32 7 
3 32 5 
t 455 66 
m 0 7 
1 19 5 
2 32 6 
3 32 6 
t 454 66 
m 0 8 
1 19 4 
2 32 7 
3 32 7 
t 453 66 
m 0 7 
1 19 5 
2 32 6 
3 33 7 
t 452 66 
m 1 7 
1 18 5 
2 32 5 
3 34 7 
t 451 66 
m 2 7 
1 17 5 
2 32 6 
3 34 8 
t 450 66 
m 2 6 
1 16 5 
2 32 7 
3 34 7 
t 449 66 
m 2 7 
1 15 5 
2 33 7 
3 34 8 
t 448 66 
m 2 6 
1 15 4 
2 32 7 
3 34 7 
t 447 66 
m 2 6 
1 15 5 
2 32 8 
3 33 7 
t 446 66 
m 2 6 
1 16 5 
2 32 7 
3 32 7 
t 445 66 
m 2 5 
1 15 5 
2 33 7 
3 32 8 
t 444 66 
m 2 6 
1 15 6 
2 34 7 
3 32 7 
t 443 66 
m 2 7 
1 15 7 
2 33 7 
3 32 6 
t 442 66 
m 2 8 
1 15 6 
2 34 7 
3 32 7 
t 441 66 
m 2 8 
1 15 5 
2 34 8 
3 32 8 
t 440 66 
m 2 9 
1 16 5 
2 34 9 
3 32 9 
t 439 66 
m 2 9 
1 15 5 
2 34 8 
3 33 9 
t 438 66 
m 1 9 
1 15 6 
2 34 9 
3 32 9 
t 437 66 
m 2 9 
1 15 5 
2 33 9 
3 32 10 
t 436 66 
m 2 10 
1 15 4 
2 32 9 
3 32 11 
t 435 66 
m 2 11 
1 15 3 
2 33 9 
3 32 10 
t 434 66 
m 3 11 
1 15 4 
2 34 9 
3 32 9 
t 433 66 
m 3 11 
1 15 3 
2 33 9 
3 32 8 
t 432 66 
m 2 11 
1 15 4 
2 32 9 
3 32 7 
t 431 66 
m 2 11 
1 15 3 
2 33 9 
3 32 6 
t 430 66 
m 2 11 
1 16 3 
2 32 9 
3 32 5 
t 429 66 
m 2 12 
1 17 3 
2 32 10 
3 33 5 
t 428 66 
m 2 11 
1 16 3 
2 32 9 
3 32 5 
t 427 66 
m 1 11 
1 15 3 
2 33 9 
3 32 6 
t 426 66 
m 2 11 
1 16 3 
2 34 9 
3 32 7 
t 425 66 
m 1 11 
1 17 3 
2 33 9 
3 32 6 
t 424 66 
m 2 11 
1 16 3 
2 34 9 
3 32 7 
t 423 66 
m 2 12 
1 17 3 
2 33 9 
3 32 8 
t 422 66 
m 2 11 
1 16 3 
2 34 9 
3 31 8 
t 421 66 
m 1 11 
1 17 3 
2 34 8 
3 32 8 
t 420 66 
m 0 11 
1 16 3 
2 34 9 
3 32 9 
t 419 66 
m 1 11 
1 17 3 
2 34 8 
3 33 9 
t 418 66 
m 1 11 
1 18 3 
2 34 7 
3 32 9 
t 417 66 
m 2 11 
1 17 3 
2 34 6 
3 32 10 
t 416 66 
m 2 11 
1 16 3 
2 34 5 
3 32 11 
t 415 66 
m 2 11 
1 17 3 
2 34 6 
3 31 11 
t 414 66 
m 2 10 
1 18 3 
2 34 5 
3 30 11 
t 413 66 
m 2 11 
1 17 3 
2 33 5 
3 31 11 
t 412 66 
m 2 12 
1 16 3 
2 34 5 
3 30 11 
t 411 66 
m 2 13 
1 15 3 
2 33 5 
3 29 11 
t 410 66 
m 3 13 
1 15 4 
2 34 5 
3 28 11 
t 409 66 
m 4 13 
1 15 3 
2 33 5 
3 28 10 
t 408 67 
m 5 13 
1 16 3 
2 32 5 
3 28 11 
t 407 67 
m 4 13 
1 15 3 
2 33 5 
3 28 12 
t 406 67 
m 3 13 
1 16 3 
2 34 5 
3 28 11 
t 405 67 
m 4 13 
1 15 3 
2 34 4 
3 29 11 
t 404 67 
m 3 13 
1 16 3 
2 34 3 
3 28 11 
t 403 67 
m 3 13 
1 17 3 
2 34 4 
3 28 12 
t 402 67 
m 3 13 
1 16 3 
2 34 3 
3 28 13 
t 401 67 
m 4 13 
1 17 3 
2 34 2 
3 28 12 
t 400 67 
m 4 13 
1 18 3 
2 34 3 
3 28 11 
t 399 67 
m 3 13 
1 19 3 
2 34 2 
3 29 11 
t 398 67 
m 4 13 
1 19 4 
2 33 2 
3 28 11 
t 397 67 
m 4 12 
1 19 3 
2 32 2 
3 29 11 
t 396 67 
m 4 12 
1 18 3 
2 33 2 
3 28 11 
t 395 67 
m 4 13 
1 19 3 
2 32 2 
3 29 11 
t 394 67 
m 4 13 
1 18 3 
2 31 2 
3 30 11 
t 393 67 
m 4 12 
1 17 3 
2 32 2 
3 31 11 
t 392 67 
m 4 12 
1 18 3 
2 32 3 
3 32 11 
t 391 67 
m 4 11 
1 17 3 
2 32 4 
3 31 11 
t 390 68 
m 4 11 
1 16 3 
2 32 5 
3 32 11 
t 389 68 
m 4 10 
1 15 3 
2 33 5 
3 33 11 
t 388 68 
m 4 9 
1 15 4 
2 32 5 
3 34 11 
t 387 68 
m 4 8 
1 15 5 
2 32 6 
3 34 12 
t 386 68 
m 4 9 
1 16 5 
2 32 5 
3 34 13 
t 385 68 
m 4 9 
1 15 5 
2 32 4 
3 34 14 
t 384 68 
m 4 8 
1 15 4 
2 31 4 
3 34 15 
t 383 68 
m 4 7 
1 15 5 
2 32 4 
3 34 16 
t 382 68 
m 4 8 
1 15 4 
2 31 4 
3 34 15 
t 381 68 
m 4 9 
1 15 5 
2 32 4 
3 34 16 
t 380 68 
m 4 9 
1 16 5 
2 32 5 
3 34 17 
t 379 68 
m 4 8 
1 15 5 
2 32 4 
3 34 18 
t 378 68 
m 4 9 
1 15 4 
2 31 4 
3 34 19 
t 377 68 
m 4 10 
1 15 3 
2 30 4 
3 34 18 
t 376 68 
m 4 9 
1 16 3 
2 31 4 
3 34 19 
t 375 68 
m 4 10 
1 17 3 
2 30 4 
3 34 18 
t 374 68 
m 4 10 
1 18 3 
2 30 5 
3 34 19 
t 373 68 
m 4 10 
1 19 3 
2 30 6 
3 34 18 
t 372 68 
m 4 9 
1 19 4 
2 30 5 
3 34 17 
t 371 68 
m 4 8 
1 19 3 
2 30 6 
3 34 16 
t 370 68 
m 4 8 
1 19 4 
2 30 5 
3 34 15 
t 369 68 
m 4 7 
1 19 5 
2 30 4 
3 34 16 
t 368 68 
m 4 6 
1 19 6 
2 31 4 
3 34 15 
t 367 68 
m 4 7 
1 19 5 
2 32 4 
3 33 15 
t 366 68 
m 4 6 
1 19 4 
2 32 3 
3 32 15 
t 365 68 
m 4 7 
1 19 3 
2 32 4 
3 32 16 
t 364 68 
m 4 8 
1 18 3 
2 32 5 
3 32 15 
t 363 68 
m 4 9 
1 17 3 
2 32 6 
3 33 15 
t 362 68 
m 4 10 
1 16 3 
2 32 7 
3 34 15 
t 361 68 
m 4 11 
1 17 3 
2 33 7 
3 34 14 
t 360 68 
m 3 11 
1 16 3 
2 34 7 
3 34 15 
t 359 68 
m 4 11 
1 17 3 
2 33 7 
3 34 16 
t 358 68 
m 5 11 
1 18 3 
2 34 7 
3 34 15 
t 357 69 
m 4 11 
1 17 3 
2 34 8 
3 33 15 
t 356 69 
m 4 11 
1 18 3 
2 34 7 
3 34 15 
t 355 69 
m 4 12 
1 19 3 
2 34 6 
3 33 15 
t 354 69 
m 4 13 
1 19 4 
2 34 5 
3 32 15 
t 353 69 
m 4 13 
1 19 3 
2 33 5 
3 32 14 
t 352 69 
m 4 13 
1 18 3 
2 34 5 
3 32 13 
t 351 69 
m 3 13 
1 19 3 
2 34 4 
3 31 13 
t 350 69 
m 3 13 
1 18 3 
2 34 5 
3 32 13 
t 349 69 
m 2 13 
1 19 3 
2 34 6 
3 31 13 
t 348 69 
m 2 14 
1 19 4 
2 34 7 
3 32 13 
t 347 69 
m 2 15 
1 19 5 
2 34 6 
3 31 13 
t 346 69 
m 1 15 
1 19 4 
2 34 5 
3 32 13 
t 345 69 
m 1 15 
1 19 5 
2 34 6 
3 32 12 
t 344 69 
m 0 15 
1 19 6 
2 34 7 
3 32 11 
t 343 69 
m 0 14 
1 19 5 
2 34 8 
3 31 11 
t 342 69 
m 0 15 
1 19 6 
2 34 9 
3 30 11 
t 341 69 
m 0 14 
1 19 7 
2 33 9 
3 29 11 
t 340 69 
m 0 14 
1 19 8 
2 32 9 
3 28 11 
t 339 69 
m 0 15 
1 19 9 
2 33 9 
3 28 12 
t 338 69 
m 0 16 
1 19 8 
2 32 9 
3 28 13 
t 337 69 
m 0 16 
1 19 7 
2 32 10 
3 28 12 
t 336 69 
m 0 16 
1 19 8 
2 32 11 
3 28 13 
t 335 69 
m 0 17 
1 19 7 
2 31 11 
3 28 12 
t 334 70 
m 0 17 
1 19 6 
2 32 11 
3 28 13 
t 333 70 
m 0 16 
1 19 7 
2 33 11 
3 29 13 
t 332 70 
m 0 16 
1 19 6 
2 34 11 
3 30 13 
t 331 70 
m 0 16 
1 19 7 
2 34 12 
3 30 12 
t 330 70 
m 0 17 
1 19 8 
2 34 11 
3 30 11 
t 329 70 
m 0 16 
1 19 9 
2 34 12 
3 30 12 
t 328 70 
m 0 17 
1 19 8 
2 34 11 
3 30 13 
t 327 70 
m 0 17 
1 19 7 
2 33 11 
3 31 13 
t 326 70 
m 0 16 
1 19 6 
2 32 11 
3 30 13 
t 325 70 
m 0 16 
1 19 5 
2 32 12 
3 31 13 
t 324 70 
m 0 17 
1 19 4 
2 32 13 
3 30 13 
t 323 70 
m 0 16 
1 19 3 
2 32 12 
3 29 13 
t 322 70 
m 0 15 
1 19 4 
2 32 11 
3 28 13 
t 321 70 
m 1 15 
1 19 5 
2 32 10 
3 29 13 
t 320 70 
m 2 15 
1 19 6 
2 32 9 
3 28 13 
t 319 70 
m 2 16 
1 19 7 
2 32 10 
3 28 12 
t 318 70 
m 2 16 
1 19 6 
2 32 11 
3 28 13 
t 317 70 
m 2 17 
1 19 5 
2 31 11 
3 28 12 
t 316 70 
m 2 18 
1 19 4 
2 30 11 
3 28 11 
t 315 70 
m 2 18 
1 19 5 
2 29 11 
3 29 11 
t 314 70 
m 2 19 
1 19 4 
2 30 11 
3 30 11 
t 313 70 
m 2 19 
1 19 3 
2 31 11 
3 30 10 
t 312 70 
m 2 18 
1 18 3 
2 32 11 
3 30 11 
t 311 70 
m 2 17 
1 17 3 
2 32 12 
3 30 12 
t 310 70 
m 2 17 
1 18 3 
2 32 11 
3 30 13 
t 309 70 
m 3 17 
1 19 3 
2 32 10 
3 29 13 
t 308 80 
f 9 16 
m 3 17 
1 18 3 
2 32 9 
3 28 13 
t 307 80 
m 3 17 
1 17 3 
2 32 8 
3 29 13 
t 306 80 
m 4 17 
1 16 3 
2 32 7 
3 30 13 
t 305 80 
m 5 17 
1 17 3 
2 33 7 
3 30 12 
t 304 80 
m 5 17 
1 16 3 
2 32 7 
3 30 11 
t 303 80 
m 6 17 
1 15 3 
2 33 7 
3 29 11 
t 302 80 
m 7 17 
1 15 4 
2 32 7 
3 30 11 
t 301 80 
m 7 16 
1 15 5 
2 33 7 
3 30 12 
t 300 80 
m 7 15 
1 15 4 
2 32 7 
3 30 11 
t 299 80 
m 7 14 
1 15 3 
2 33 7 
3 30 10 
t 298 80 
m 8 14 
1 16 3 
2 34 7 
3 30 9 
t 297 80 
m 7 14 
1 17 3 
2 34 6 
3 30 10 
t 296 80 
m 7 15 
1 16 3 
2 34 7 
3 30 11 
t 295 80 
m 7 15 
1 17 3 
2 34 8 
3 30 10 
t 294 80 
m 7 16 
1 16 3 
2 34 9 
3 30 9 
t 293 80 
m 8 16 
1 15 3 
2 33 9 
3 30 8 
t 292 80 
m 8 16 
1 15 4 
2 32 9 
3 31 8 
t 291 80 
m 8 16 
1 15 5 
2 32 8 
3 30 8 
t 290 80 
m 8 16 
1 16 5 
2 32 9 
3 30 7 
t 289 80 
m 8 16 
1 15 5 
2 32 10 
3 30 6 
t 288 80 
m 8 16 
1 15 4 
2 32 11 
3 30 5 
t 287 80 
m 7 16 
1 15 5 
2 32 10 
3 30 4 
t 286 80 
m 7 16 
1 15 6 
2 32 9 
3 30 5 
t 285 80 
m 7 16 
1 15 5 
2 32 10 
3 30 6 
t 284 80 
m 7 16 
1 16 5 
2 32 9 
3 30 7 
t 283 80 
m 8 16 
1 17 5 
2 32 8 
3 30 8 
t 282 80 
m 7 16 
1 18 5 
2 32 7 
3 30 9 
t 281 80 
m 7 15 
1 19 5 
2 32 8 
3 30 8 
t 280 80 
m 7 14 
1 19 4 
2 31 8 
3 31 8 
t 279 80 
m 8 14 
1 19 5 
2 30 8 
3 30 8 
t 278 80 
m 9 14 
1 19 6 
2 30 9 
3 31 8 
t 277 80 
m 9 14 
1 19 5 
2 30 10 
3 32 8 
t 276 80 
m 10 14 
1 18 5 
2 30 11 
3 31 8 
t 275 80 
m 11 14 
1 19 5 
2 30 10 
3 30 8 
t 274 80 
m 12 14 
1 19 4 
2 30 9 
3 30 7 
t 273 80 
m 13 14 
1 19 3 
2 30 8 
3 30 8 
t 272 80 
m 13 15 
1 19 4 
2 29 8 
3 30 9 
t 271 80 
m 13 16 
1 19 3 
2 30 8 
3 30 8 
t 270 80 
m 14 16 
1 18 3 
2 31 8 
3 31 8 
t 269 80 
m 15 16 
1 19 3 
2 30 8 
3 30 8 
t 268 80 
m 16 16 
1 19 4 
2 30 9 
3 30 7 
t 267 81 
m 15 16 
1 19 5 
2 30 8 
3 30 8 
t 266 81 
m 15 17 
1 19 6 
2 30 7 
3 30 7 
t 265 81 
m 15 16 
1 19 5 
2 30 8 
3 30 8 
t 264 81 
m 15 16 
1 19 4 
2 31 8 
3 30 7 
t 263 81 
m 16 16 
1 19 3 
2 30 8 
3 30 6 
t 262 81 
m 15 16 
1 18 3 
2 31 8 
3 30 5 
t 261 81 
m 14 16 
1 19 3 
2 30 8 
3 30 6 
t 260 81 
m 15 16 
1 19 4 
2 31 8 
3 30 5 
t 259 81 
m 15 16 
1 19 3 
2 32 8 
3 30 6 
t 258 81 
m 15 15 
1 18 3 
2 32 9 
3 30 7 
t 257 82 
m 15 14 
1 19 3 
2 32 10 
3 30 6 
t 256 82 
m 15 14 
1 19 4 
2 32 9 
3 30 7 
t 255 82 
m 15 15 
1 19 5 
2 33 9 
3 30 6 
t 254 82 
m 15 16 
1 19 6 
2 34 9 
3 30 5 
t 253 82 
m 15 16 
1 19 5 
2 34 8 
3 30 6 
t 252 82 
m 15 17 
1 18 5 
2 34 9 
3 30 7 
t 251 82 
m 15 17 
1 19 5 
2 34 8 
3 30 8 
t 250 82 
m 15 18 
1 19 4 
2 34 9 
3 30 7 
t 249 82 
m 15 17 
1 19 3 
2 34 8 
3 30 6 
t 248 82 
m 15 17 
1 19 4 
2 34 7 
3 30 5 
t 247 82 
m 15 16 
1 19 5 
2 34 6 
3 30 6 
t 246 82 
m 15 16 
1 19 4 
2 34 7 
3 30 5 
t 245 82 
m 15 15 
1 19 3 
2 34 8 
3 30 4 
t 244 82 
m 15 16 
1 19 4 
2 34 7 
3 31 4 
t 243 82 
m 16 16 
1 19 3 
2 34 6 
3 30 4 
t 242 82 
m 15 16 
1 19 4 
2 34 5 
3 31 4 
t 241 82 
m 15 17 
1 19 3 
2 34 4 
3 30 4 
t 240 82 
m 15 18 
1 18 3 
2 34 3 
3 30 5 
t 239 82 
m 15 19 
1 19 3 
2 34 4 
3 30 6 
t 238 82 
m 16 19 
1 18 3 
2 34 3 
3 30 7 
t 237 82 
m 17 19 
1 19 3 
2 34 2 
3 30 6 
t 236 83 
m 16 19 
1 18 3 
2 34 3 
3 30 7 
t 235 83 
m 15 19 
1 17 3 
2 34 2 
3 30 6 
t 234 83 
m 15 19 
1 16 3 
2 34 1 
3 30 7 
t 233 83 
m 15 19 
1 15 3 
2 34 0 
3 30 8 
t 232 83 
m 15 19 
1 15 4 
2 34 1 
3 30 7 
t 231 83 
m 15 19 
1 15 3 
2 34 0 
3 30 8 
t 230 83 
m 15 19 
1 16 3 
2 34 1 
3 30 9 
t 229 83 
m 16 19 
1 15 3 
2 34 2 
3 30 10 
t 228 83 
m 15 19 
1 15 4 
2 34 3 
3 30 11 
t 227 83 
m 15 18 
1 15 5 
2 34 4 
3 30 10 
t 226 83 
m 15 17 
1 16 5 
2 34 5 
3 30 11 
t 225 83 
m 15 17 
1 15 5 
2 34 6 
3 29 11 
t 224 83 
m 15 16 
1 15 6 
2 34 7 
3 30 11 
t 223 83 
m 15 15 
1 15 5 
2 34 6 
3 29 11 
t 222 83 
m 15 14 
1 16 5 
2 34 5 
3 28 11 
t 221 83 
m 15 15 
1 15 5 
2 34 6 
3 28 12 
t 220 83 
m 15 16 
1 15 6 
2 34 5 
3 28 13 
t 219 83 
m 15 15 
1 15 7 
2 34 4 
3 29 13 
t 218 83 
m 15 14 
1 15 8 
2 34 5 
3 30 13 
t 217 83 
m 15 15 
1 15 7 
2 34 6 
3 31 13 
t 216 83 
m 15 16 
1 15 8 
2 34 5 
3 32 13 
t 215 83 
m 15 16 
1 15 9 
2 33 5 
3 32 14 
t 214 83 
m 15 16 
1 15 10 
2 34 5 
3 32 15 
t 213 83 
m 15 16 
1 15 11 
2 34 4 
3 32 14 
t 212 83 
m 15 17 
1 14 11 
2 34 5 
3 32 13 
t 211 83 
m 15 17 
1 13 11 
2 34 4 
3 31 13 
t 210 83 
m 15 18 
1 14 11 
2 34 5 
3 32 13 
t 209 83 
m 15 19 
1 13 11 
2 34 6 
3 32 12 
t 208 83 
m 15 18 
1 12 11 
2 34 5 
3 32 11 
t 207 83 
m 15 19 
1 12 12 
2 34 4 
3 32 12 
t 206 83 
m 16 19 
1 13 12 
2 34 5 
3 32 13 
t 205 83 
m 17 19 
1 13 11 
2 34 4 
3 32 14 
t 204 83 
m 18 19 
1 13 12 
2 34 3 
3 32 15 
t 203 84 
m 17 19 
1 12 12 
2 34 2 
3 32 14 
t 202 84 
m 17 18 
1 13 12 
2 33 2 
3 32 15 
t 201 84 
m 17 18 
1 12 12 
2 32 2 
3 33 15 
t 200 84 
m 17 17 
1 12 11 
2 31 2 
3 32 15 
t 199 84 
m 17 18 
1 13 11 
2 32 2 
3 33 15 
t 198 84 
m 17 18 
1 14 11 
2 33 2 
3 32 15 
t 197 84 
m 17 18 
1 15 11 
2 32 2 
3 33 15 
t 196 84 
m 17 19 
1 15 10 
2 33 2 
3 32 15 
t 195 84 
m 16 19 
1 15 11 
2 32 2 
3 33 15 
t 194 84 
m 16 19 
1 16 11 
2 32 3 
3 32 15 
t 193 84 
m 15 19 
1 15 11 
2 32 4 
3 32 16 
t 192 84 
m 16 19 
1 15 10 
2 31 4 
3 32 17 
t 191 84 
m 16 19 
1 15 9 
2 32 4 
3 32 16 
t 190 84 
m 15 19 
1 15 10 
2 32 3 
3 32 15 
t 189 84 
m 16 19 
1 15 11 
2 32 4 
3 32 14 
t 188 84 
m 15 19 
1 14 11 
2 32 3 
3 32 13 
t 187 84 
m 15 19 
1 15 11 
2 32 2 
3 32 12 
t 186 84 
m 16 19 
1 15 10 
2 31 2 
3 32 13 
t 185 84 
m 16 19 
1 15 11 
2 31 1 
3 32 12 
t 184 84 
m 17 19 
1 16 11 
2 31 2 
3 32 11 
t 183 84 
m 17 18 
1 15 11 
2 32 2 
3 31 11 
t 182 84 
m 17 19 
1 15 10 
2 33 2 
3 30 11 
t 181 84 
m 18 19 
1 15 9 
2 32 2 
3 30 12 
t 180 84 
m 19 19 
1 15 8 
2 31 2 
3 30 11 
t 179 84 
m 19 19 
1 15 9 
2 31 1 
3 30 10 
t 178 84 
m 19 19 
1 15 8 
2 31 0 
3 30 11 
t 177 84 
m 19 19 
1 15 9 
2 31 1 
3 30 12 
t 176 84 
m 18 19 
1 15 10 
2 31 2 
3 30 11 
t 175 84 
m 17 19 
1 15 9 
2 31 1 
3 30 12 
t 174 84 
m 17 18 
1 15 10 
2 31 2 
3 30 13 
t 173 84 
m 17 19 
1 15 9 
2 32 2 
3 29 13 
t 172 84 
m 16 19 
1 15 8 
2 32 3 
3 30 13 
t 171 84 
m 15 19 
1 15 7 
2 32 4 
3 29 13 
t 170 84 
m 15 19 
1 15 6 
2 32 3 
3 28 13 
t 169 84 
m 15 19 
1 15 5 
2 32 2 
3 28 12 
t 168 84 
m 16 19 
1 16 5 
2 32 3 
3 28 13 
t 167 84 
m 15 19 
1 17 5 
2 32 2 
3 28 12 
t 166 84 
m 16 19 
1 16 5 
2 32 3 
3 28 13 
t 165 84 
m 17 19 
1 17 5 
2 32 4 
3 29 13 
t 164 84 
m 17 19 
1 16 5 
2 31 4 
3 28 13 
t 163 84 
m 16 19 
1 15 5 
2 30 4 
3 29 13 
t 162 84 
m 17 19 
1 16 5 
2 30 5 
3 30 13 
t 161 84 
m 17 19 
1 17 5 
2 30 4 
3 29 13 
t 160 84 
m 16 19 
1 18 5 
2 31 4 
3 28 13 
t 159 84 
m 15 19 
1 17 5 
2 30 4 
3 28 12 
t 158 84 
m 15 18 
1 18 5 
2 31 4 
3 28 13 
t 157 84 
m 15 19 
1 17 5 
2 30 4 
3 29 13 
t 156 84 
m 15 19 
1 16 5 
2 30 5 
3 30 13 
t 155 84 
m 16 19 
1 17 5 
2 30 4 
3 30 12 
t 154 84 
m 15 19 
1 16 5 
2 31 4 
3 30 13 
t 153 84 
m 15 18 
1 15 5 
2 30 4 
3 30 12 
t 152 84 
m 15 17 
1 16 5 
2 31 4 
3 30 13 
t 151 84 
m 15 18 
1 15 5 
2 32 4 
3 30 12 
t 150 84 
m 15 17 
1 15 4 
2 32 5 
3 30 13 
t 149 84 
m 15 16 
1 15 3 
2 32 6 
3 30 12 
t 148 84 
m 14 16 
1 16 3 
2 32 5 
3 30 11 
t 147 84 
m 14 16 
1 15 3 
2 32 4 
3 29 11 
t 146 84 
m 13 16 
1 15 4 
2 32 3 
3 30 11 
t 145 84 
m 13 15 
1 15 5 
2 32 2 
3 31 11 
t 144 84 
m 13 15 
1 15 6 
2 33 2 
3 30 11 
t 143 84 
m 13 15 
1 15 5 
2 32 2 
3 30 12 
t 142 84 
m 13 16 
1 16 5 
2 32 3 
3 30 13 
t 141 84 
m 13 16 
1 15 5 
2 32 2 
3 30 12 
t 140 84 
m 12 16 
1 15 4 
2 31 2 
3 30 11 
t 139 84 
m 11 16 
1 15 3 
2 31 1 
3 30 12 
t 138 84 
m 11 16 
1 15 4 
2 31 2 
3 30 13 
t 137 84 
m 10 16 
1 15 5 
2 32 2 
3 31 13 
t 136 84 
m 9 16 
1 16 5 
2 32 3 
3 30 13 
t 135 94 
f 10 16 
m 9 16 
1 17 5 
2 32 4 
3 30 12 
t 134 94 
m 8 16 
1 16 5 
2 31 4 
3 30 11 
t 133 94 
m 8 16 
1 15 5 
2 30 4 
3 30 12 
t 132 94 
m 7 16 
1 15 6 
2 31 4 
3 30 13 
t 131 94 
m 7 15 
1 15 7 
2 30 4 
3 31 13 
t 130 94 
m 7 14 
1 15 8 
2 30 5 
3 30 13 
t 129 94 
m 8 14 
1 15 9 
2 30 6 
3 30 12 
t 128 94 
m 9 14 
1 15 10 
2 30 5 
3 30 13 
t 127 94 
m 10 14 
1 15 11 
2 30 6 
3 29 13 
t 126 94 
m 9 14 
1 16 11 
2 30 7 
3 28 13 
t 125 94 
m 9 13 
1 15 11 
2 30 6 
3 29 13 
t 124 94 
m 9 12 
1 15 10 
2 30 5 
3 28 13 
t 123 94 
m 9 13 
1 15 9 
2 30 4 
3 28 12 
t 122 94 
m 9 13 
1 15 10 
2 31 4 
3 28 11 
t 121 94 
m 9 14 
1 15 9 
2 32 4 
3 29 11 
t 120 94 
m 9 14 
1 15 10 
2 32 3 
3 28 11 
t 119 94 
m 10 14 
1 15 11 
2 32 4 
3 29 11 
t 118 94 
m 11 14 
1 14 11 
2 31 4 
3 30 11 
t 117 94 
m 11 14 
1 13 11 
2 30 4 
3 30 10 
t 116 94 
m 10 14 
1 14 11 
2 31 4 
3 30 11 
t 115 94 
m 9 14 
1 15 11 
2 30 4 
3 30 10 
t 114 94 
m 10 14 
1 14 11 
2 30 5 
3 30 9 
t 113 94 
m 9 14 
1 15 11 
2 30 4 
3 30 8 
t 112 94 
m 9 13 
1 16 11 
2 30 5 
3 30 9 
t 111 94 
m 9 14 
1 15 11 
2 30 6 
3 30 10 
t 110 94 
m 8 14 
1 16 11 
2 30 5 
3 30 11 
t 109 94 
m 8 14 
1 17 11 
2 30 6 
3 31 11 
t 108 94 
m 8 14 
1 16 11 
2 30 7 
3 30 11 
t 107 94 
m 8 14 
1 17 11 
2 30 8 
3 29 11 
t 106 94 
m 9 14 
1 18 11 
2 30 9 
3 30 11 
t 105 94 
m 9 13 
1 17 11 
2 30 8 
3 29 11 
t 104 94 
m 9 13 
1 18 11 
2 31 8 
3 28 11 
t 103 94 
m 9 13 
1 19 11 
2 32 8 
3 28 10 
t 102 94 
m 9 12 
1 20 11 
2 31 8 
3 27 10 
t 101 94 
m 10 12 
1 21 11 
2 32 8 
3 28 10 
t 100 94 
m 9 12 
1 20 11 
2 32 9 
3 27 10 
t 99 94 
m 9 12 
1 21 11 
2 33 9 
3 28 10 
t 98 94 
m 9 12 
1 21 12 
2 34 9 
3 27 10 
t 97 94 
m 9 11 
1 22 12 
2 34 8 
3 26 10 
t 96 94 
m 9 11 
1 23 12 
2 34 9 
3 25 10 
t 95 94 
m 9 12 
1 23 13 
2 33 9 
3 25 9 
t 94 94 
m 10 12 
1 23 14 
2 32 9 
3 25 8 
t 93 94 
m 11 12 
1 24 14 
2 32 10 
3 25 9 
t 92 94 
m 12 12 
1 24 15 
2 32 9 
3 25 8 
t 91 94 
m 11 12 
1 24 14 
2 32 8 
3 25 9 
t 90 94 
m 11 13 
1 25 14 
2 32 7 
3 25 10 
t 89 94 
m 11 13 
1 26 14 
2 32 6 
3 25 11 
t 88 94 
m 11 12 
1 25 14 
2 32 5 
3 25 12 
t 87 94 
m 12 12 
1 25 13 
2 32 4 
3 24 12 
t 86 94 
m 11 12 
1 25 12 
2 32 5 
3 23 12 
t 85 94 
m 11 12 
1 24 12 
2 32 6 
3 22 12 
t 84 94 
m 10 12 
1 23 12 
2 32 7 
3 21 12 
t 83 94 
m 10 12 
1 23 13 
2 32 8 
3 21 13 
t 82 94 
m 11 12 
1 23 14 
2 32 7 
3 21 12 
t 81 94 
m 12 12 
1 22 14 
2 33 7 
3 22 12 
t 80 94 
m 12 11 
1 23 14 
2 32 7 
3 21 12 
t 79 94 
m 12 11 
1 23 13 
2 32 6 
3 22 12 
t 78 94 
m 12 11 
1 23 14 
2 32 5 
3 21 12 
t 77 94 
m 13 11 
1 23 13 
2 32 6 
3 22 12 
t 76 94 
m 13 11 
1 23 12 
2 32 5 
3 21 12 
t 75 94 
m 12 11 
1 24 12 
2 32 4 
3 21 13 
t 74 94 
m 12 10 
1 23 12 
2 32 3 
3 21 14 
t 73 94 
m 12 10 
1 22 12 
2 32 4 
3 22 14 
t 72 94 
m 12 11 
1 22 11 
2 32 5 
3 23 14 
t 71 94 
m 12 11 
1 22 10 
2 33 5 
3 22 14 
t 70 94 
m 12 12 
1 22 9 
2 32 5 
3 23 14 
t 69 94 
m 13 12 
1 22 10 
2 32 4 
3 22 14 
t 68 94 
m 12 12 
1 22 9 
2 31 4 
3 23 14 
t 67 94 
m 13 12 
1 22 10 
2 32 4 
3 24 14 
t 66 94 
m 12 12 
1 22 11 
2 32 5 
3 25 14 
t 65 94 
m 12 12 
1 22 12 
2 32 4 
3 25 13 
t 64 94 
m 11 12 
1 22 11 
2 31 4 
3 25 14 
t 63 94 
m 10 12 
1 22 12 
2 30 4 
3 25 13 
t 62 94 
m 11 12 
1 21 12 
2 31 4 
3 25 14 
t 61 94 
m 11 12 
1 21 13 
2 30 4 
3 26 14 
t 60 94 
m 12 12 
1 21 12 
2 31 4 
3 25 14 
t 59 94 
m 11 12 
1 22 12 
2 30 4 
3 24 14 
t 58 94 
m 10 12 
1 21 12 
2 30 5 
3 23 14 
t 57 94 
m 11 12 
1 21 13 
2 30 6 
3 23 13 
t 56 94 
m 10 12 
1 21 12 
2 30 7 
3 23 14 
t 55 94 
m 10 12 
1 22 12 
2 30 6 
3 22 14 
t 54 94 
m 10 12 
1 23 12 
2 30 7 
3 23 14 
t 53 94 
m 11 12 
1 22 12 
2 30 8 
3 22 14 
t 52 94 
m 11 12 
1 22 11 
2 30 9 
3 21 14 
t 51 94 
m 11 13 
1 22 12 
2 30 8 
3 22 14 
t 50 94 
m 11 14 
1 22 11 
2 30 7 
3 23 14 
t 49 94 
m 10 14 
1 21 11 
2 30 8 
3 23 13 
t 48 94 
m 11 14 
1 20 11 
2 30 9 
3 23 12 
t 47 94 
m 10 14 
1 19 11 
2 30 10 
3 24 12 
t 46 94 
m 10 15 
1 20 11 
2 30 11 
3 25 12 
t 45 94 
m 10 14 
1 19 11 
2 29 11 
3 25 13 
t 44 94 
m 10 14 
1 18 11 
2 30 11 
3 25 14 
t 43 94 
m 10 14 
1 19 11 
2 29 11 
3 26 14 
t 42 94 
m 11 14 
1 20 11 
2 28 11 
3 27 14 
t 41 94 
m 10 14 
1 21 11 
2 29 11 
3 26 14 
t 40 94 
m 10 15 
1 20 11 
2 30 11 
3 27 14 
t 39 94 
m 10 16 
1 21 11 
2 30 10 
3 26 14 
t 38 104 
f 11 13 
m 9 16 
1 22 11 
2 30 11 
3 25 14 
t 37 104 
m 9 16 
1 22 12 
2 29 11 
3 25 13 
t 36 104 
m 10 16 
1 22 11 
2 30 11 
3 25 14 
t 35 104 
m 11 16 
1 22 10 
2 29 11 
3 25 13 
t 34 104 
m 11 16 
1 22 11 
2 28 11 
3 25 14 
t 33 104 
m 12 16 
1 21 11 
2 29 11 
3 24 14 
t 32 104 
m 13 16 
1 20 11 
2 28 11 
3 23 14 
t 31 104 
m 13 16 
1 21 11 
2 29 11 
3 23 13 
t 30 104 
m 13 15 
1 20 11 
2 28 11 
3 23 14 
t 29 104 
m 13 14 
1 19 11 
2 28 12 
3 22 14 
t 28 104 
m 14 14 
1 19 10 
2 28 13 
3 23 14 
t 27 104 
m 15 14 
1 19 11 
2 28 12 
3 23 13 
t 26 104 
m 15 15 
1 18 11 
2 28 11 
3 23 14 
t 25 104 
m 15 16 
1 19 11 
2 29 11 
3 24 14 
t 24 104 
m 15 17 
1 20 11 
2 30 11 
3 25 14 
t 23 104 
m 15 16 
1 19 11 
2 31 11 
3 25 13 
t 22 104 
m 15 15 
1 20 11 
2 30 11 
3 25 12 
t 21 104 
m 15 14 
1 21 11 
2 29 11 
3 24 12 
t 20 104 
m 15 14 
1 21 12 
2 30 11 
3 25 12 
t 19 104 
m 15 14 
1 22 12 
2 29 11 
3 25 11 
t 18 104 
m 14 14 
1 21 12 
2 30 11 
3 25 12 
t 17 104 
m 13 14 
1 21 13 
2 29 11 
3 25 13 
t 16 104 
m 12 14 
1 21 12 
2 30 11 
3 25 14 
t 15 104 
m 13 14 
1 22 12 
2 30 10 
3 25 13 
t 14 104 
m 12 14 
1 21 12 
2 30 11 
3 25 14 
t 13 104 
m 13 14 
1 22 12 
2 30 10 
3 24 14 
t 12 104 
m 12 14 
1 22 11 
2 30 9 
3 25 14 
t 11 104 
m 11 14 
1 22 12 
2 30 8 
3 24 14 
t 10 104 
m 11 14 
1 22 11 
2 30 9 
3 25 14 
t 9 104 
m 11 13 
1 21 11 
2 30 10 
3 24 14 
t 8 114 
f 5 11 
m 11 14 
1 22 11 
2 30 11 
3 25 14 
t 7 114 
m 10 14 
1 22 12 
2 29 11 
3 24 14 
t 6 114 
m 10 14 
1 23 12 
2 28 11 
3 24 15 
t 5 114 
m 10 15 
1 24 12 
2 28 10 
3 24 14 
t 4 114 
m 10 14 
1 23 12 
2 27 10 
3 24 15 
t 3 114 
m 11 14 
1 23 13 
2 26 10 
3 24 14 
t 2 114 
m 10 14 
1 23 14 
2 25 10 
3 24 15 
t 1 114 
