35
20
m 0 19 
1 34 0 
2 34 0 
3 34 0 
w 7 19 
w 8 19 
w 9 19 
w 10 19 
w 11 19 
w 12 19 
w 13 19 
w 14 19 
w 15 19 
w 16 19 
w 17 19 
w 18 19 
w 19 19 
w 20 19 
w 21 19 
w 22 19 
w 23 19 
w 24 19 
w 25 19 
w 26 19 
w 27 19 
w 1 18 
w 2 18 
w 3 18 
w 4 18 
w 5 18 
w 13 18 
w 14 18 
w 15 18 
w 16 18 
w 17 18 
w 18 18 
w 19 18 
w 20 18 
w 21 18 
w 29 18 
w 30 18 
w 31 18 
w 32 18 
w 33 18 
w 1 17 
w 2 17 
w 3 17 
w 4 17 
w 5 17 
w 7 17 
w 8 17 
w 9 17 
w 10 17 
w 11 17 
w 13 17 
w 14 17 
w 15 17 
w 16 17 
w 17 17 
w 18 17 
w 19 17 
w 20 17 
w 21 17 
w 23 17 
w 24 17 
w 25 17 
w 26 17 
w 27 17 
w 29 17 
w 30 17 
w 31 17 
w 32 17 
w 33 17 
w 1 16 
w 2 16 
w 3 16 
w 4 16 
w 5 16 
w 7 16 
w 8 16 
w 9 16 
w 10 16 
w 11 16 
w 13 16 
w 14 16 
w 15 16 
w 16 16 
w 17 16 
w 18 16 
w 19 16 
w 20 16 
w 21 16 
w 23 16 
w 24 16 
w 25 16 
w 26 16 
w 27 16 
w 29 16 
w 30 16 
w 31 16 
w 32 16 
w 33 16 
w 1 15 
w 2 15 
w 3 15 
w 4 15 
w 5 15 
w 7 15 
w 8 15 
w 9 15 
w 10 15 
w 11 15 
w 13 15 
w 14 15 
w 15 15 
w 16 15 
w 17 15 
w 18 15 
w 19 15 
w 20 15 
w 21 15 
w 23 15 
w 24 15 
w 25 15 
w 26 15 
w 27 15 
w 29 15 
w 30 15 
w 31 15 
w 32 15 
w 33 15 
w 1 14 
w 2 14 
w 3 14 
w 4 14 
w 5 14 
w 7 14 
w 8 14 
w 9 14 
w 10 14 
w 11 14 
w 13 14 
w 14 14 
w 15 14 
w 16 14 
w 17 14 
w 18 14 
w 19 14 
w 20 14 
w 21 14 
w 23 14 
w 24 14 
w 25 14 
w 26 14 
w 27 14 
w 29 14 
w 30 14 
w 31 14 
w 32 14 
w 33 14 
w 1 13 
w 2 13 
w 3 13 
w 4 13 
w 5 13 
w 7 13 
w 8 13 
w 15 13 
w 16 13 
w 17 13 
w 18 13 
w 19 13 
w 26 13 
w 27 13 
w 29 13 
w 30 13 
w 31 13 
w 32 13 
w 33 13 
w 3 12 
w 4 12 
w 5 12 
w 7 12 
w 8 12 
w 10 12 
w 11 12 
w 12 12 
w 13 12 
w 15 12 
w 16 12 
w 17 12 
w 18 12 
w 19 12 
w 21 12 
w 22 12 
w 23 12 
w 24 12 
w 26 12 
w 27 12 
w 29 12 
w 30 12 
w 31 12 
w 1 11 
w 3 11 
w 4 11 
w 5 11 
w 29 11 
w 30 11 
w 31 11 
w 33 11 
w 1 10 
w 3 10 
w 4 10 
w 5 10 
w 7 10 
w 8 10 
w 10 10 
w 11 10 
w 12 10 
w 14 10 
w 15 10 
w 16 10 
w 17 10 
w 18 10 
w 19 10 
w 20 10 
w 22 10 
w 23 10 
w 24 10 
w 26 10 
w 27 10 
w 29 10 
w 30 10 
w 31 10 
w 33 10 
w 1 9 
w 7 9 
w 8 9 
w 10 9 
w 11 9 
w 12 9 
w 14 9 
w 15 9 
w 16 9 
w 17 9 
w 18 9 
w 19 9 
w 20 9 
w 22 9 
w 23 9 
w 24 9 
w 26 9 
w 27 9 
w 33 9 
w 3 8 
w 4 8 
w 5 8 
w 10 8 
w 11 8 
w 12 8 
w 22 8 
w 23 8 
w 24 8 
w 29 8 
w 30 8 
w 31 8 
w 1 7 
w 7 7 
w 8 7 
w 9 7 
w 10 7 
w 11 7 
w 12 7 
w 14 7 
w 15 7 
w 16 7 
w 17 7 
w 18 7 
w 19 7 
w 20 7 
w 22 7 
w 23 7 
w 24 7 
w 25 7 
w 26 7 
w 27 7 
w 33 7 
w 3 6 
w 4 6 
w 5 6 
w 6 6 
w 28 6 
w 29 6 
w 30 6 
w 31 6 
w 1 5 
w 3 5 
w 4 5 
w 5 5 
w 6 5 
w 8 5 
w 9 5 
w 10 5 
w 11 5 
w 12 5 
w 13 5 
w 14 5 
w 16 5 
w 17 5 
w 18 5 
w 20 5 
w 21 5 
w 22 5 
w 23 5 
w 24 5 
w 25 5 
w 26 5 
w 28 5 
w 29 5 
w 30 5 
w 31 5 
w 33 5 
w 1 4 
w 8 4 
w 9 4 
w 10 4 
w 11 4 
w 12 4 
w 13 4 
w 14 4 
w 16 4 
w 17 4 
w 18 4 
w 20 4 
w 21 4 
w 22 4 
w 23 4 
w 24 4 
w 25 4 
w 26 4 
w 33 4 
w 1 3 
w 3 3 
w 4 3 
w 6 3 
w 8 3 
w 9 3 
w 10 3 
w 11 3 
w 12 3 
w 13 3 
w 14 3 
w 16 3 
w 17 3 
w 18 3 
w 20 3 
w 21 3 
w 22 3 
w 23 3 
w 24 3 
w 25 3 
w 26 3 
w 28 3 
w 30 3 
w 31 3 
w 33 3 
w 1 2 
w 3 2 
w 4 2 
w 6 2 
w 8 2 
w 9 2 
w 10 2 
w 11 2 
w 12 2 
w 13 2 
w 14 2 
w 16 2 
w 17 2 
w 18 2 
w 20 2 
w 21 2 
w 22 2 
w 23 2 
w 24 2 
w 25 2 
w 26 2 
w 28 2 
w 30 2 
w 31 2 
w 33 2 
w 1 1 
w 3 1 
w 4 1 
w 6 1 
w 8 1 
w 9 1 
w 10 1 
w 11 1 
w 12 1 
w 13 1 
w 14 1 
w 16 1 
w 17 1 
w 18 1 
w 20 1 
w 21 1 
w 22 1 
w 23 1 
w 24 1 
w 25 1 
w 26 1 
w 28 1 
w 30 1 
w 31 1 
w 33 1 
w 8 0 
w 9 0 
w 10 0 
w 11 0 
w 12 0 
w 13 0 
w 14 0 
w 20 0 
w 21 0 
w 22 0 
w 23 0 
w 24 0 
w 25 0 
w 26 0 
p 1 19 
p 2 19 
p 6 19 
p 30 19 
p 32 19 
p 34 19 
p 0 18 
p 6 18 
p 7 18 
p 8 18 
p 11 18 
p 12 18 
p 24 18 
p 25 18 
p 28 18 
p 34 18 
p 12 17 
p 22 17 
p 28 17 
p 34 17 
p 0 16 
p 6 16 
p 12 16 
p 22 16 
p 28 16 
p 6 15 
p 12 15 
p 22 15 
p 28 15 
p 6 14 
p 22 14 
p 28 14 
p 0 13 
p 6 13 
p 11 13 
p 12 13 
p 22 13 
p 23 13 
p 24 13 
p 25 13 
p 2 12 
p 6 12 
p 9 12 
p 32 12 
p 34 12 
p 0 11 
p 2 11 
p 8 11 
p 10 11 
p 11 11 
p 12 11 
p 16 11 
p 17 11 
p 18 11 
p 19 11 
p 21 11 
p 22 11 
p 23 11 
p 24 11 
p 26 11 
p 28 11 
p 0 10 
p 6 10 
p 21 10 
p 28 10 
p 32 10 
p 34 10 
p 0 9 
p 2 9 
p 3 9 
p 5 9 
p 6 9 
p 13 9 
p 21 9 
p 25 9 
p 28 9 
p 30 9 
p 0 8 
p 2 8 
p 6 8 
p 20 8 
p 21 8 
p 26 8 
p 27 8 
p 2 7 
p 6 7 
p 21 7 
p 29 7 
p 31 7 
p 34 7 
p 0 6 
p 2 6 
p 8 6 
p 9 6 
p 10 6 
p 11 6 
p 16 6 
p 17 6 
p 19 6 
p 23 6 
p 24 6 
p 25 6 
p 26 6 
p 27 6 
p 33 6 
p 34 6 
p 0 5 
p 7 5 
p 15 5 
p 27 5 
p 32 5 
p 34 5 
p 0 4 
p 5 4 
p 6 4 
p 7 4 
p 15 4 
p 19 4 
p 31 4 
p 34 4 
p 0 3 
p 2 3 
p 5 3 
p 7 3 
p 27 3 
p 29 3 
p 34 3 
p 15 2 
p 19 2 
p 29 2 
p 0 1 
p 2 1 
p 5 1 
p 19 1 
p 29 1 
p 0 0 
t 1400 0 
m 1 19 
1 33 0 
2 33 0 
3 34 1 
t 1399 1 
m 2 19 
1 32 0 
2 34 0 
3 34 0 
t 1398 2 
m 3 19 
1 33 0 
2 34 1 
3 33 0 
t 1397 2 
m 3 19 
1 34 0 
2 34 0 
3 32 0 
t 1396 2 
m 4 19 
1 34 1 
2 33 0 
3 32 1 
t 1395 2 
m 5 19 
1 34 0 
2 32 0 
3 32 0 
t 1394 2 
m 5 19 
1 34 1 
2 32 1 
3 31 0 
t 1393 2 
m 4 19 
1 34 2 
2 32 0 
3 30 0 
t 1392 2 
m 4 19 
1 34 3 
2 32 1 
3 29 0 
t 1391 2 
m 4 19 
1 34 4 
2 32 0 
3 30 0 
t 1390 2 
m 4 19 
1 34 5 
2 32 1 
3 29 0 
t 1389 2 
m 3 19 
1 34 4 
2 32 2 
3 28 0 
t 1388 2 
m 4 19 
1 34 5 
2 32 3 
3 27 0 
t 1387 2 
m 3 19 
1 34 6 
2 32 2 
3 28 0 
t 1386 2 
m 2 19 
1 33 6 
2 32 1 
3 27 0 
t 1385 2 
m 2 19 
1 32 6 
2 32 0 
3 28 0 
t 1384 2 
m 3 19 
1 32 5 
2 31 0 
3 27 0 
t 1383 2 
m 3 19 
1 32 4 
2 32 0 
3 27 1 
t 1382 2 
m 4 19 
1 31 4 
2 32 1 
3 27 0 
t 1381 2 
m 5 19 
1 32 4 
2 32 0 
3 27 1 
t 1380 2 
m 5 19 
1 32 5 
2 31 0 
3 27 2 
t 1379 2 
m 4 19 
1 32 4 
2 32 0 
3 27 1 
t 1378 2 
m 4 19 
1 31 4 
2 31 0 
3 27 0 
t 1377 2 
m 4 19 
1 30 4 
2 30 0 
3 27 1 
t 1376 2 
m 4 19 
1 31 4 
2 31 0 
3 27 0 
t 1375 2 
m 4 19 
1 30 4 
2 32 0 
3 28 0 
t 1374 2 
m 4 19 
1 29 4 
2 32 1 
3 27 0 
t 1373 2 
m 4 19 
1 30 4 
2 32 2 
3 28 0 
t 1372 2 
m 5 19 
1 29 4 
2 32 1 
3 27 0 
t 1371 2 
m 6 19 
1 30 4 
2 32 2 
3 28 0 
t 1370 3 
m 6 18 
1 29 4 
2 32 3 
3 29 0 
t 1369 3 
m 6 17 
1 29 3 
2 32 4 
3 28 0 
t 1368 3 
m 6 17 
1 29 2 
2 32 5 
3 27 0 
t 1367 3 
m 6 17 
1 29 1 
2 32 4 
3 28 0 
t 1366 3 
m 6 18 
1 29 0 
2 32 3 
3 27 0 
t 1365 3 
m 6 18 
1 28 0 
2 32 2 
3 28 0 
t 1364 3 
m 7 18 
1 27 0 
2 32 1 
3 29 0 
t 1363 4 
m 7 18 
1 28 0 
2 32 0 
3 30 0 
t 1362 4 
m 8 18 
1 27 0 
2 33 0 
3 31 0 
t 1361 5 
m 7 18 
1 28 0 
2 34 0 
3 30 0 
t 1360 5 
m 8 18 
1 29 0 
2 34 1 
3 29 0 
t 1359 5 
m 8 18 
1 30 0 
2 34 2 
3 30 0 
t 1358 5 
m 9 18 
1 29 0 
2 34 1 
3 29 0 
t 1357 5 
m 10 18 
1 28 0 
2 34 0 
3 28 0 
t 1356 5 
m 9 18 
1 27 0 
2 34 1 
3 29 0 
t 1355 5 
m 9 18 
1 27 1 
2 34 2 
3 29 1 
t 1354 5 
m 10 18 
1 27 0 
2 34 3 
3 29 0 
t 1353 5 
m 9 18 
1 27 1 
2 34 2 
3 28 0 
t 1352 5 
m 10 18 
1 27 0 
2 34 3 
3 29 0 
t 1351 5 
m 10 18 
1 28 0 
2 34 4 
3 29 1 
t 1350 5 
m 11 18 
1 29 0 
2 34 5 
3 29 2 
t 1349 6 
m 12 18 
1 28 0 
2 34 6 
3 29 1 
t 1348 6 
m 12 18 
1 27 0 
2 34 7 
3 29 2 
t 1347 6 
m 12 17 
1 27 1 
2 34 8 
3 29 3 
t 1346 7 
m 12 18 
1 27 0 
2 33 8 
3 29 4 
t 1345 7 
m 12 18 
1 27 1 
2 32 8 
3 29 3 
t 1344 7 
m 12 18 
1 27 0 
2 32 7 
3 29 2 
t 1343 7 
m 11 18 
1 27 1 
2 31 7 
3 29 3 
t 1342 7 
m 10 18 
1 27 0 
2 30 7 
3 29 2 
t 1341 7 
m 11 18 
1 27 1 
2 31 7 
3 29 1 
t 1340 7 
m 11 18 
1 27 2 
2 30 7 
3 29 0 
t 1339 7 
m 12 18 
1 27 1 
2 29 7 
3 29 1 
t 1338 7 
m 12 17 
1 27 2 
2 28 7 
3 29 2 
t 1337 7 
m 12 16 
1 27 1 
2 29 7 
3 29 1 
t 1336 8 
m 12 16 
1 27 2 
2 30 7 
3 29 0 
t 1335 8 
m 12 15 
1 27 3 
2 31 7 
3 30 0 
t 1334 9 
m 12 14 
1 27 4 
2 30 7 
3 29 0 
t 1333 9 
m 12 13 
1 27 5 
2 31 7 
3 30 0 
t 1332 9 
m 11 13 
1 27 4 
2 32 7 
3 31 0 
t 1331 10 
m 11 13 
1 28 4 
2 31 7 
3 30 0 
t 1330 10 
m 10 13 
1 29 4 
2 30 7 
3 29 0 
t 1329 10 
m 11 13 
1 29 3 
2 29 7 
3 28 0 
t 1328 10 
m 10 13 
1 29 2 
2 30 7 
3 27 0 
t 1327 10 
m 9 13 
1 29 3 
2 29 7 
3 28 0 
t 1326 10 
m 9 12 
1 29 2 
2 30 7 
3 27 0 
t 1325 11 
m 9 11 
1 29 3 
2 29 7 
3 28 0 
t 1324 11 
m 10 11 
1 29 4 
2 28 7 
3 29 0 
t 1323 12 
m 9 11 
1 28 4 
2 29 7 
3 29 1 
t 1322 12 
m 10 11 
1 29 4 
2 28 7 
3 29 0 
t 1321 12 
m 11 11 
1 29 3 
2 29 7 
3 29 1 
t 1320 12 
m 12 11 
1 29 2 
2 28 7 
3 29 2 
t 1319 13 
m 13 11 
1 29 3 
2 29 7 
3 29 1 
t 1318 13 
m 13 11 
1 29 4 
2 28 7 
3 29 0 
t 1317 13 
m 12 11 
1 29 3 
2 29 7 
3 30 0 
t 1316 13 
m 12 11 
1 29 2 
2 28 7 
3 31 0 
t 1315 13 
m 13 11 
1 29 1 
2 28 8 
3 32 0 
t 1314 13 
m 13 11 
1 29 0 
2 28 9 
3 33 0 
t 1313 13 
m 12 11 
1 29 1 
2 28 8 
3 32 0 
t 1312 13 
m 12 11 
1 29 0 
2 28 9 
3 33 0 
t 1311 13 
m 12 11 
1 29 1 
2 28 8 
3 32 0 
t 1310 13 
m 12 11 
1 29 2 
2 28 7 
3 33 0 
t 1309 13 
m 13 11 
1 29 1 
2 29 7 
3 34 0 
t 1308 13 
m 14 11 
1 29 2 
2 30 7 
3 34 1 
t 1307 13 
m 13 11 
1 29 3 
2 29 7 
3 34 2 
t 1306 13 
m 13 11 
1 29 2 
2 30 7 
3 34 1 
t 1305 13 
m 12 11 
1 29 1 
2 31 7 
3 34 2 
t 1304 13 
m 11 11 
1 29 0 
2 30 7 
3 34 1 
t 1303 13 
m 10 11 
1 29 1 
2 29 7 
3 34 2 
t 1302 13 
m 9 11 
1 29 2 
2 30 7 
3 34 1 
t 1301 13 
m 8 11 
1 29 3 
2 29 7 
3 34 0 
t 1300 14 
m 9 11 
1 29 4 
2 30 7 
3 33 0 
t 1299 14 
m 9 11 
1 29 3 
2 29 7 
3 32 0 
t 1298 14 
m 10 11 
1 29 2 
2 30 7 
3 31 0 
t 1297 14 
m 11 11 
1 29 1 
2 31 7 
3 30 0 
t 1296 14 
m 11 11 
1 29 2 
2 32 7 
3 31 0 
t 1295 14 
m 12 11 
1 29 3 
2 31 7 
3 32 0 
t 1294 14 
m 12 11 
1 29 4 
2 30 7 
3 33 0 
t 1293 14 
m 12 11 
1 29 3 
2 31 7 
3 32 0 
t 1292 14 
m 11 11 
1 29 2 
2 32 7 
3 32 1 
t 1291 14 
m 10 11 
1 29 1 
2 32 6 
3 32 2 
t 1290 14 
m 9 11 
1 29 2 
2 33 6 
3 32 1 
t 1289 14 
m 9 10 
1 29 1 
2 32 6 
3 32 0 
t 1288 14 
m 9 9 
1 29 2 
2 32 5 
3 32 1 
t 1287 14 
m 9 10 
1 29 3 
2 32 6 
3 32 0 
t 1286 14 
m 9 11 
1 29 4 
2 33 6 
3 33 0 
t 1285 14 
m 10 11 
1 29 3 
2 32 6 
3 32 0 
t 1284 14 
m 9 11 
1 29 4 
2 32 5 
3 31 0 
t 1283 14 
m 9 11 
1 29 3 
2 32 4 
3 30 0 
t 1282 14 
m 9 12 
1 29 2 
2 32 5 
3 31 0 
t 1281 14 
m 9 13 
1 29 1 
2 32 4 
3 30 0 
t 1280 14 
m 10 13 
1 29 2 
2 31 4 
3 29 0 
t 1279 14 
m 10 13 
1 29 1 
2 32 4 
3 29 1 
t 1278 14 
m 9 13 
1 29 0 
2 31 4 
3 29 0 
t 1277 14 
m 10 13 
1 28 0 
2 32 4 
3 29 1 
t 1276 14 
m 10 13 
1 27 0 
2 32 5 
3 29 0 
t 1275 14 
m 11 13 
1 27 1 
2 32 6 
3 29 1 
t 1274 14 
m 11 13 
1 27 2 
2 33 6 
3 29 2 
t 1273 14 
m 11 13 
1 27 3 
2 34 6 
3 29 3 
t 1272 14 
m 11 13 
1 27 4 
2 33 6 
3 29 2 
t 1271 14 
m 12 13 
1 27 5 
2 32 6 
3 29 1 
t 1270 14 
m 13 13 
1 27 6 
2 33 6 
3 29 0 
t 1269 14 
m 12 13 
1 26 6 
2 32 6 
3 30 0 
t 1268 14 
m 11 13 
1 27 6 
2 32 5 
3 29 0 
t 1267 14 
m 11 13 
1 27 5 
2 32 6 
3 30 0 
t 1266 14 
m 10 13 
1 27 4 
2 32 5 
3 31 0 
t 1265 14 
m 10 13 
1 28 4 
2 32 4 
3 30 0 
t 1264 14 
m 10 13 
1 29 4 
2 31 4 
3 29 0 
t 1263 14 
m 9 13 
1 28 4 
2 32 4 
3 29 1 
t 1262 14 
m 9 12 
1 29 4 
2 32 5 
3 29 0 
t 1261 14 
m 9 11 
1 28 4 
2 32 4 
3 30 0 
t 1260 14 
m 9 11 
1 29 4 
2 32 5 
3 29 0 
t 1259 14 
m 9 11 
1 30 4 
2 32 4 
3 28 0 
t 1258 14 
m 10 11 
1 29 4 
2 31 4 
3 29 0 
t 1257 14 
m 9 11 
1 30 4 
2 30 4 
3 29 1 
t 1256 14 
m 9 11 
1 29 4 
2 29 4 
3 29 0 
t 1255 14 
m 9 10 
1 28 4 
2 28 4 
3 30 0 
t 1254 14 
m 9 9 
1 27 4 
2 27 4 
3 31 0 
t 1253 14 
m 9 9 
1 27 3 
2 27 3 
3 30 0 
t 1252 14 
m 9 10 
1 27 2 
2 27 2 
3 31 0 
t 1251 14 
m 9 9 
1 27 3 
2 27 1 
3 32 0 
t 1250 14 
m 9 10 
1 27 2 
2 27 0 
3 31 0 
t 1249 14 
m 9 9 
1 27 1 
2 27 1 
3 30 0 
t 1248 14 
m 9 9 
1 27 0 
2 27 2 
3 31 0 
t 1247 14 
m 9 8 
1 28 0 
2 27 1 
3 32 0 
t 1246 14 
m 8 8 
1 27 0 
2 27 0 
3 31 0 
t 1245 14 
m 9 8 
1 28 0 
2 28 0 
3 32 0 
t 1244 14 
m 9 9 
1 29 0 
2 29 0 
3 31 0 
t 1243 14 
m 9 8 
1 28 0 
2 29 1 
3 32 0 
t 1242 14 
m 9 9 
1 29 0 
2 29 2 
3 32 1 
t 1241 14 
m 9 10 
1 28 0 
2 29 1 
3 32 0 
t 1240 14 
m 9 10 
1 27 0 
2 29 0 
3 33 0 
t 1239 14 
m 9 10 
1 27 1 
2 28 0 
3 34 0 
t 1238 14 
m 9 9 
1 27 0 
2 29 0 
3 34 1 
t 1237 14 
m 9 8 
1 27 1 
2 29 1 
3 34 2 
t 1236 14 
m 9 8 
1 27 2 
2 29 2 
3 34 1 
t 1235 14 
m 9 8 
1 27 3 
2 29 1 
3 34 2 
t 1234 14 
m 9 9 
1 27 4 
2 29 0 
3 34 1 
t 1233 14 
m 9 8 
1 27 3 
2 29 1 
3 34 2 
t 1232 14 
m 8 8 
1 27 4 
2 29 0 
3 34 3 
t 1231 14 
m 8 8 
1 27 3 
2 30 0 
3 34 4 
t 1230 14 
m 7 8 
1 27 2 
2 29 0 
3 34 3 
t 1229 14 
m 8 8 
1 27 3 
2 29 1 
3 34 2 
t 1228 14 
m 9 8 
1 27 2 
2 29 2 
3 34 3 
t 1227 14 
m 9 9 
1 27 3 
2 29 1 
3 34 2 
t 1226 14 
m 9 8 
1 27 4 
2 29 2 
3 34 3 
t 1225 14 
m 9 8 
1 27 5 
2 29 3 
3 34 4 
t 1224 14 
m 9 9 
1 27 6 
2 29 2 
3 34 5 
t 1223 14 
m 9 9 
1 27 5 
2 29 3 
3 34 4 
t 1222 14 
m 9 10 
1 27 6 
2 29 2 
3 34 3 
t 1221 14 
m 9 9 
1 26 6 
2 29 1 
3 34 2 
t 1220 14 
m 9 8 
1 25 6 
2 29 0 
3 34 1 
t 1219 14 
m 9 9 
1 26 6 
2 28 0 
3 34 2 
t 1218 14 
m 9 8 
1 27 6 
2 27 0 
3 34 1 
t 1217 14 
m 8 8 
1 26 6 
2 28 0 
3 34 0 
t 1216 14 
m 9 8 
1 27 6 
2 27 0 
3 33 0 
t 1215 14 
m 9 8 
1 26 6 
2 27 1 
3 32 0 
t 1214 14 
m 9 9 
1 27 6 
2 27 2 
3 32 1 
t 1213 14 
m 9 8 
1 27 5 
2 27 3 
3 32 2 
t 1212 14 
m 9 9 
1 27 6 
2 27 2 
3 32 3 
t 1211 14 
m 9 8 
1 27 5 
2 27 1 
3 32 4 
t 1210 14 
m 8 8 
1 27 4 
2 27 0 
3 31 4 
t 1209 14 
m 7 8 
1 28 4 
2 28 0 
3 30 4 
t 1208 14 
m 8 8 
1 27 4 
2 29 0 
3 29 4 
t 1207 14 
m 7 8 
1 27 3 
2 30 0 
3 30 4 
t 1206 14 
m 8 8 
1 27 4 
2 29 0 
3 31 4 
t 1205 14 
m 9 8 
1 27 5 
2 29 1 
3 32 4 
t 1204 14 
m 8 8 
1 27 6 
2 29 0 
3 32 5 
t 1203 14 
m 7 8 
1 27 5 
2 30 0 
3 32 6 
t 1202 14 
m 8 8 
1 27 6 
2 29 0 
3 32 7 
t 1201 14 
m 7 8 
1 26 6 
2 30 0 
3 32 6 
t 1200 14 
m 7 8 
1 27 6 
2 29 0 
3 32 7 
t 1199 14 
m 7 8 
1 26 6 
2 29 1 
3 32 6 
t 1198 14 
m 6 8 
1 25 6 
2 29 0 
3 32 7 
t 1197 14 
m 6 7 
1 24 6 
2 30 0 
3 32 8 
t 1196 15 
m 6 7 
1 25 6 
2 31 0 
3 32 7 
t 1195 15 
m 5 7 
1 26 6 
2 30 0 
3 32 6 
t 1194 15 
m 4 7 
1 25 6 
2 31 0 
3 32 5 
t 1193 15 
m 4 7 
1 26 6 
2 30 0 
3 32 6 
t 1192 15 
m 5 7 
1 27 6 
2 31 0 
3 33 6 
t 1191 15 
m 4 7 
1 26 6 
2 32 0 
3 32 6 
t 1190 15 
m 5 7 
1 25 6 
2 31 0 
3 32 7 
t 1189 15 
m 5 7 
1 24 6 
2 32 0 
3 32 8 
t 1188 15 
m 6 7 
1 23 6 
2 32 1 
3 32 9 
t 1187 15 
m 6 8 
1 24 6 
2 32 0 
3 31 9 
t 1186 15 
m 6 8 
1 25 6 
2 33 0 
3 32 9 
t 1185 15 
m 6 9 
1 26 6 
2 34 0 
3 32 10 
t 1184 16 
m 6 10 
1 27 6 
2 33 0 
3 32 11 
t 1183 17 
m 6 11 
1 27 5 
2 32 0 
3 32 12 
t 1182 17 
m 6 10 
1 27 6 
2 31 0 
3 32 11 
t 1181 17 
m 6 9 
1 27 5 
2 32 0 
3 32 12 
t 1180 17 
m 6 9 
1 27 6 
2 33 0 
3 32 11 
t 1179 17 
m 5 9 
1 26 6 
2 32 0 
3 32 10 
t 1178 17 
m 4 9 
1 25 6 
2 32 1 
3 32 9 
t 1177 17 
m 3 9 
1 26 6 
2 32 2 
3 32 10 
t 1176 18 
m 2 9 
1 25 6 
2 32 3 
3 32 11 
t 1175 19 
m 2 9 
1 24 6 
2 32 2 
3 32 10 
t 1174 19 
m 2 10 
1 23 6 
2 32 3 
3 32 11 
t 1173 19 
m 2 10 
1 22 6 
2 32 2 
3 32 12 
t 1172 19 
m 2 11 
1 23 6 
2 32 1 
3 32 11 
t 1171 20 
m 2 10 
1 24 6 
2 32 0 
3 32 10 
t 1170 20 
m 2 10 
1 25 6 
2 31 0 
3 32 11 
t 1169 20 
m 2 9 
1 24 6 
2 30 0 
3 32 10 
t 1168 20 
m 2 8 
1 23 6 
2 31 0 
3 32 11 
t 1167 20 
m 2 7 
1 22 6 
2 30 0 
3 32 10 
t 1166 21 
m 3 7 
1 23 6 
2 31 0 
3 32 11 
t 1165 21 
m 2 7 
1 22 6 
2 32 0 
3 32 10 
t 1164 21 
m 3 7 
1 23 6 
2 33 0 
3 32 9 
t 1163 21 
m 3 7 
1 24 6 
2 34 0 
3 31 9 
t 1162 21 
m 4 7 
1 23 6 
2 34 1 
3 32 9 
t 1161 21 
m 4 7 
1 24 6 
2 34 0 
3 32 8 
t 1160 21 
m 3 7 
1 25 6 
2 34 1 
3 32 7 
t 1159 21 
m 4 7 
1 24 6 
2 34 2 
3 32 6 
t 1158 21 
m 3 7 
1 25 6 
2 34 3 
3 33 6 
t 1157 21 
m 3 7 
1 24 6 
2 34 4 
3 32 6 
t 1156 21 
m 2 7 
1 23 6 
2 34 3 
3 32 5 
t 1155 21 
m 2 8 
1 24 6 
2 34 4 
3 32 4 
t 1154 21 
m 2 7 
1 23 6 
2 34 3 
3 31 4 
t 1153 21 
m 3 7 
1 24 6 
2 34 2 
3 32 4 
t 1152 21 
m 3 7 
1 23 6 
2 34 1 
3 32 5 
t 1151 21 
m 3 7 
1 24 6 
2 34 0 
3 32 4 
t 1150 21 
m 2 7 
1 23 6 
2 34 1 
3 32 5 
t 1149 21 
m 2 7 
1 24 6 
2 34 0 
3 32 6 
t 1148 21 
m 2 6 
1 25 6 
2 34 1 
3 32 5 
t 1147 22 
m 2 5 
1 24 6 
2 34 2 
3 32 6 
t 1146 22 
m 2 6 
1 25 6 
2 34 1 
3 33 6 
t 1145 22 
m 2 6 
1 24 6 
2 34 2 
3 32 6 
t 1144 22 
m 2 5 
1 25 6 
2 34 1 
3 32 7 
t 1143 22 
m 2 5 
1 24 6 
2 34 2 
3 32 8 
t 1142 22 
m 2 5 
1 23 6 
2 34 1 
3 32 7 
t 1141 22 
m 2 6 
1 22 6 
2 34 2 
3 32 8 
t 1140 22 
m 2 6 
1 21 6 
2 34 1 
3 32 9 
t 1139 22 
m 2 6 
1 20 6 
2 34 0 
3 31 9 
t 1138 22 
m 1 6 
1 21 6 
2 33 0 
3 32 9 
t 1137 22 
m 2 6 
1 22 6 
2 32 0 
3 32 10 
t 1136 22 
m 2 7 
1 23 6 
2 32 1 
3 32 9 
t 1135 22 
m 3 7 
1 22 6 
2 32 2 
3 31 9 
t 1134 22 
m 4 7 
1 23 6 
2 32 1 
3 32 9 
t 1133 22 
m 3 7 
1 24 6 
2 32 0 
3 31 9 
t 1132 22 
m 2 7 
1 25 6 
2 33 0 
3 30 9 
t 1131 22 
m 2 6 
1 24 6 
2 32 0 
3 29 9 
t 1130 22 
m 2 6 
1 23 6 
2 33 0 
3 30 9 
t 1129 22 
m 1 6 
1 24 6 
2 34 0 
3 29 9 
t 1128 22 
m 2 6 
1 25 6 
2 33 0 
3 28 9 
t 1127 22 
m 2 5 
1 24 6 
2 32 0 
3 28 8 
t 1126 22 
m 2 6 
1 23 6 
2 33 0 
3 28 7 
t 1125 22 
m 2 6 
1 22 6 
2 34 0 
3 29 7 
t 1124 22 
m 2 7 
1 21 6 
2 33 0 
3 30 7 
t 1123 22 
m 2 7 
1 22 6 
2 32 0 
3 31 7 
t 1122 22 
m 2 8 
1 21 6 
2 32 1 
3 32 7 
t 1121 22 
m 2 8 
1 20 6 
2 32 2 
3 31 7 
t 1120 22 
m 2 9 
1 21 6 
2 32 3 
3 30 7 
t 1119 22 
m 3 9 
1 20 6 
2 32 4 
3 29 7 
t 1118 22 
m 2 9 
1 21 6 
2 31 4 
3 28 7 
t 1117 22 
m 2 8 
1 21 7 
2 30 4 
3 28 8 
t 1116 22 
m 1 8 
1 21 6 
2 31 4 
3 28 7 
t 1115 22 
m 1 8 
1 21 7 
2 30 4 
3 28 8 
t 1114 22 
m 0 8 
1 21 8 
2 31 4 
3 28 9 
t 1113 23 
m 0 9 
1 21 7 
2 32 4 
3 28 10 
t 1112 23 
m 0 10 
1 21 6 
2 32 3 
3 28 11 
t 1111 24 
m 0 10 
1 21 7 
2 32 4 
3 27 11 
t 1110 24 
m 0 9 
1 21 8 
2 32 5 
3 28 11 
t 1109 24 
m 0 9 
1 21 7 
2 32 4 
3 28 12 
t 1108 24 
m 0 8 
1 21 6 
2 32 3 
3 28 11 
t 1107 24 
m 0 8 
1 20 6 
2 32 2 
3 28 12 
t 1106 24 
m 1 8 
1 19 6 
2 32 3 
3 28 11 
t 1105 24 
m 0 8 
1 20 6 
2 32 2 
3 28 12 
t 1104 24 
m 1 8 
1 21 6 
2 32 3 
3 28 11 
t 1103 24 
m 2 8 
1 20 6 
2 32 4 
3 27 11 
t 1102 24 
m 1 8 
1 19 6 
2 32 5 
3 28 11 
t 1101 24 
m 0 8 
1 20 6 
2 32 6 
3 27 11 
t 1100 24 
m 0 7 
1 21 6 
2 33 6 
3 26 11 
t 1099 24 
f 2 10 
m 0 6 
1 22 6 
2 32 6 
3 27 11 
t 1098 25 
m 0 5 
1 23 6 
2 33 6 
3 28 11 
t 1097 25 
m 0 4 
1 24 6 
2 32 6 
3 28 12 
t 1096 26 
m 0 4 
1 25 6 
2 33 6 
3 28 13 
t 1095 26 
m 0 5 
1 26 6 
2 34 6 
3 28 14 
t 1094 26 
m 0 6 
1 25 6 
2 33 6 
3 28 15 
t 1093 26 
m 1 6 
1 24 6 
2 34 6 
3 28 14 
t 1092 26 
m 1 6 
1 25 6 
2 34 5 
3 28 13 
t 1091 26 
m 1 6 
1 24 6 
2 34 6 
3 28 12 
t 1090 26 
m 2 6 
1 25 6 
2 34 7 
3 28 13 
t 1089 26 
m 1 6 
1 26 6 
2 34 8 
3 28 12 
t 1088 26 
m 0 6 
1 27 6 
2 34 9 
3 28 11 
t 1087 26 
m 0 7 
1 26 6 
2 34 10 
3 27 11 
t 1086 26 
m 0 8 
1 25 6 
2 34 11 
3 28 11 
t 1085 26 
m 1 8 
1 26 6 
2 34 10 
3 28 10 
t 1084 26 
m 1 8 
1 27 6 
2 34 11 
3 28 11 
t 1083 26 
m 2 8 
1 27 5 
2 34 10 
3 27 11 
t 1082 26 
m 1 8 
1 27 4 
2 34 9 
3 28 11 
t 1081 26 
m 1 8 
1 27 3 
2 34 8 
3 28 12 
t 1080 26 
m 0 8 
1 27 2 
2 34 7 
3 28 11 
t 1079 26 
m 0 8 
1 27 3 
2 34 6 
3 27 11 
t 1078 26 
m 0 9 
1 27 4 
2 34 5 
3 26 11 
t 1077 26 
m 0 8 
1 28 4 
2 34 6 
3 27 11 
t 1076 26 
m 0 9 
1 29 4 
2 34 7 
3 26 11 
t 1075 26 
m 0 10 
1 30 4 
2 34 6 
3 25 11 
t 1074 26 
m 0 10 
1 31 4 
2 33 6 
3 25 10 
t 1073 26 
m 0 9 
1 30 4 
2 34 6 
3 25 9 
t 1072 26 
m 0 8 
1 29 4 
2 34 7 
3 25 8 
t 1071 26 
m 0 9 
1 30 4 
2 34 6 
3 26 8 
t 1070 26 
m 0 9 
1 29 4 
2 34 7 
3 27 8 
t 1069 26 
m 0 8 
1 30 4 
2 34 6 
3 28 8 
t 1068 26 
m 0 8 
1 31 4 
2 34 7 
3 28 9 
t 1067 26 
m 0 7 
1 32 4 
2 34 8 
3 28 10 
t 1066 26 
m 0 8 
1 31 4 
2 33 8 
3 28 9 
t 1065 26 
m 1 8 
1 32 4 
2 32 8 
3 28 8 
t 1064 26 
m 0 8 
1 32 5 
2 33 8 
3 28 7 
t 1063 26 
m 0 8 
1 32 6 
2 32 8 
3 29 7 
t 1062 26 
m 0 9 
1 32 5 
2 33 8 
3 28 7 
t 1061 26 
m 0 8 
1 32 6 
2 32 8 
3 29 7 
t 1060 26 
m 0 9 
1 33 6 
2 33 8 
3 30 7 
t 1059 26 
m 0 10 
1 34 6 
2 32 8 
3 31 7 
t 1058 26 
m 0 11 
1 34 5 
2 33 8 
3 32 7 
t 1057 27 
m 0 11 
1 34 6 
2 34 8 
3 32 8 
t 1056 27 
m 0 10 
1 34 5 
2 34 9 
3 33 8 
t 1055 27 
m 0 10 
1 34 6 
2 34 10 
3 32 8 
t 1054 27 
m 0 11 
1 33 6 
2 34 9 
3 32 7 
t 1053 27 
m 0 11 
1 32 6 
2 34 10 
3 32 6 
t 1052 27 
m 0 10 
1 32 7 
2 34 11 
3 32 5 
t 1051 27 
m 0 9 
1 31 7 
2 34 12 
3 32 6 
t 1050 27 
m 0 8 
1 30 7 
2 34 11 
3 33 6 
t 1049 27 
m 0 9 
1 29 7 
2 34 10 
3 32 6 
t 1048 27 
m 0 10 
1 28 7 
2 34 11 
3 32 5 
t 1047 27 
m 0 9 
1 29 7 
2 34 10 
3 32 6 
t 1046 27 
m 0 9 
1 28 7 
2 34 11 
3 33 6 
t 1045 27 
m 0 10 
1 29 7 
2 34 12 
3 34 6 
t 1044 27 
m 0 10 
1 30 7 
2 34 11 
3 34 7 
t 1043 27 
m 0 9 
1 31 7 
2 34 10 
3 34 6 
t 1042 27 
m 0 9 
1 30 7 
2 34 11 
3 34 5 
t 1041 27 
m 0 10 
1 31 7 
2 34 10 
3 34 4 
t 1040 27 
m 0 11 
1 30 7 
2 34 9 
3 34 5 
t 1039 27 
m 0 12 
1 29 7 
2 34 8 
3 34 4 
t 1038 27 
m 0 12 
1 28 7 
2 34 7 
3 34 3 
t 1037 27 
m 1 12 
1 29 7 
2 34 8 
3 34 2 
t 1036 27 
m 2 12 
1 30 7 
2 34 7 
3 34 1 
t 1035 28 
m 2 11 
1 29 7 
2 34 6 
3 34 2 
t 1034 28 
m 2 12 
1 28 7 
2 33 6 
3 34 3 
t 1033 28 
m 2 12 
1 28 8 
2 34 6 
3 34 4 
t 1032 28 
m 2 12 
1 28 9 
2 34 7 
3 34 5 
t 1031 28 
m 2 12 
1 29 9 
2 34 6 
3 34 4 
t 1030 28 
m 2 11 
1 30 9 
2 33 6 
3 34 5 
t 1029 28 
m 2 12 
1 31 9 
2 32 6 
3 34 6 
t 1028 28 
m 1 12 
1 30 9 
2 32 5 
3 33 6 
t 1027 28 
m 0 12 
1 29 9 
2 32 4 
3 34 6 
t 1026 28 
m 0 13 
1 30 9 
2 32 3 
3 33 6 
t 1025 28 
m 0 12 
1 31 9 
2 32 2 
3 34 6 
t 1024 28 
m 0 12 
1 30 9 
2 32 3 
3 33 6 
t 1023 28 
m 0 13 
1 29 9 
2 32 4 
3 32 6 
t 1022 28 
m 0 13 
1 30 9 
2 31 4 
3 32 5 
t 1021 28 
m 0 12 
1 31 9 
2 32 4 
3 32 4 
t 1020 28 
m 1 12 
1 32 9 
2 32 3 
3 32 3 
t 1019 28 
m 2 12 
1 32 8 
2 32 4 
3 32 4 
t 1018 28 
m 1 12 
1 32 7 
2 32 5 
3 31 4 
t 1017 28 
m 0 12 
1 32 6 
2 32 4 
3 32 4 
t 1016 28 
m 1 12 
1 32 5 
2 32 5 
3 32 5 
t 1015 28 
m 2 12 
1 32 6 
2 32 4 
3 32 4 
t 1014 28 
m 1 12 
1 32 7 
2 32 3 
3 31 4 
t 1013 28 
m 1 12 
1 32 6 
2 32 4 
3 30 4 
t 1012 28 
m 1 12 
1 32 5 
2 32 5 
3 29 4 
t 1011 28 
m 0 12 
1 32 6 
2 32 6 
3 30 4 
t 1010 28 
m 0 12 
1 32 5 
2 32 7 
3 31 4 
t 1009 28 
m 1 12 
1 32 6 
2 32 8 
3 30 4 
t 1008 28 
m 2 12 
1 33 6 
2 32 7 
3 29 4 
t 1007 28 
m 2 12 
1 32 6 
2 31 7 
3 28 4 
t 1006 28 
m 1 12 
1 33 6 
2 30 7 
3 27 4 
t 1005 28 
m 1 12 
1 34 6 
2 31 7 
3 27 3 
t 1004 28 
m 0 12 
1 34 7 
2 32 7 
3 27 2 
t 1003 28 
m 0 12 
1 34 8 
2 31 7 
3 27 3 
t 1002 28 
m 0 12 
1 34 7 
2 30 7 
3 27 2 
t 1001 28 
m 0 11 
1 34 6 
2 31 7 
3 27 1 
t 1000 28 
m 0 12 
1 34 5 
2 30 7 
3 27 0 
t 999 28 
m 0 12 
1 34 6 
2 31 7 
3 28 0 
t 998 28 
m 0 12 
1 34 7 
2 30 7 
3 27 0 
t 997 28 
m 0 13 
1 34 6 
2 29 7 
3 27 1 
t 996 28 
m 0 14 
1 33 6 
2 30 7 
3 27 0 
t 995 28 
m 0 15 
1 34 6 
2 31 7 
3 27 1 
t 994 28 
m 0 14 
1 33 6 
2 32 7 
3 27 2 
t 993 28 
m 0 15 
1 34 6 
2 31 7 
3 27 1 
t 992 28 
m 0 14 
1 34 7 
2 32 7 
3 27 2 
t 991 28 
m 0 13 
1 34 8 
2 32 6 
3 27 1 
t 990 28 
m 0 14 
1 34 9 
2 32 5 
3 27 0 
t 989 28 
m 0 15 
1 34 10 
2 32 6 
3 27 1 
t 988 28 
m 0 15 
1 34 11 
2 33 6 
3 27 0 
t 987 28 
m 0 15 
1 34 10 
2 32 6 
3 27 1 
t 986 28 
m 0 16 
1 34 11 
2 32 5 
3 27 2 
t 985 29 
m 0 17 
1 34 10 
2 32 6 
3 27 1 
t 984 29 
m 0 16 
1 34 11 
2 32 7 
3 27 2 
t 983 29 
m 0 15 
1 34 12 
2 32 8 
3 27 3 
t 982 29 
m 0 14 
1 34 13 
2 33 8 
3 27 2 
t 981 29 
m 0 13 
1 34 14 
2 34 8 
3 27 3 
t 980 29 
m 0 12 
1 34 13 
2 34 7 
3 27 4 
t 979 29 
m 0 12 
1 34 12 
2 34 6 
3 28 4 
t 978 29 
m 0 13 
1 34 11 
2 33 6 
3 27 4 
t 977 29 
m 0 12 
1 34 12 
2 34 6 
3 28 4 
t 976 29 
m 0 12 
1 33 12 
2 34 5 
3 29 4 
t 975 29 
m 1 12 
1 34 12 
2 34 4 
3 29 3 
t 974 29 
m 0 12 
1 33 12 
2 34 5 
3 29 4 
t 973 29 
m 0 12 
1 34 12 
2 34 4 
3 30 4 
t 972 29 
m 1 12 
1 34 11 
2 34 3 
3 31 4 
t 971 29 
m 2 12 
1 34 10 
2 34 2 
3 32 4 
t 970 29 
m 2 12 
1 34 11 
2 34 3 
3 32 3 
t 969 29 
m 1 12 
1 34 10 
2 34 2 
3 32 2 
t 968 29 
m 2 12 
1 34 9 
2 34 1 
3 32 3 
t 967 29 
m 2 12 
1 34 8 
2 34 2 
3 32 2 
t 966 29 
m 2 11 
1 34 7 
2 34 3 
3 32 3 
t 965 29 
m 2 12 
1 34 6 
2 34 2 
3 32 4 
t 964 29 
m 2 12 
1 34 5 
2 34 3 
3 32 3 
t 963 29 
m 2 12 
1 34 4 
2 34 2 
3 32 4 
t 962 29 
m 2 11 
1 34 5 
2 34 3 
3 32 5 
t 961 29 
m 2 12 
1 34 4 
2 34 2 
3 32 6 
t 960 29 
m 1 12 
1 34 3 
2 34 3 
3 32 7 
t 959 29 
m 2 12 
1 34 2 
2 34 2 
3 31 7 
t 958 29 
m 2 12 
1 34 3 
2 34 3 
3 32 7 
t 957 29 
m 2 11 
1 34 4 
2 34 4 
3 31 7 
t 956 29 
m 2 11 
1 34 3 
2 34 3 
3 32 7 
t 955 29 
m 2 10 
1 34 4 
2 34 4 
3 32 6 
t 954 39 
m 2 10 
1 34 3 
2 34 3 
3 33 6 
t 953 39 
m 2 10 
1 34 2 
2 34 4 
3 34 6 
t 952 39 
m 2 10 
1 34 1 
2 34 5 
3 33 6 
t 951 39 
m 2 9 
1 34 2 
2 34 4 
3 34 6 
t 950 39 
m 2 8 
1 34 1 
2 34 5 
3 34 7 
t 949 39 
m 1 8 
1 34 0 
2 34 6 
3 34 6 
t 948 39 
m 0 8 
1 34 1 
2 34 7 
3 33 6 
t 947 39 
m 0 9 
1 34 0 
2 34 8 
3 32 6 
t 946 39 
m 0 9 
1 34 1 
2 34 7 
3 32 7 
t 945 39 
m 0 10 
1 34 2 
2 34 6 
3 31 7 
t 944 39 
m 0 11 
1 34 1 
2 33 6 
3 30 7 
t 943 39 
m 0 12 
1 34 0 
2 32 6 
3 31 7 
t 942 39 
m 0 11 
1 34 1 
2 32 7 
3 30 7 
t 941 39 
m 0 11 
1 34 2 
2 32 8 
3 29 7 
t 940 39 
m 0 12 
1 34 1 
2 33 8 
3 28 7 
t 939 39 
m 0 13 
1 34 0 
2 34 8 
3 28 8 
t 938 39 
m 0 14 
1 33 0 
2 34 9 
3 28 9 
t 937 39 
m 0 14 
1 32 0 
2 34 10 
3 28 8 
t 936 39 
m 0 13 
1 33 0 
2 34 11 
3 28 9 
t 935 39 
m 0 13 
1 32 0 
2 34 12 
3 28 8 
t 934 39 
f 4 9 
m 0 14 
1 33 0 
2 34 11 
3 28 7 
t 933 39 
m 0 15 
1 34 0 
2 34 10 
3 29 7 
t 932 39 
m 0 15 
1 33 0 
2 34 11 
3 28 7 
t 931 39 
m 0 16 
1 34 0 
2 34 12 
3 28 8 
t 930 39 
m 0 16 
1 34 1 
2 33 12 
3 28 9 
t 929 39 
m 0 17 
1 34 0 
2 34 12 
3 29 9 
t 928 39 
m 0 17 
1 34 1 
2 34 11 
3 30 9 
t 927 39 
m 0 18 
1 34 2 
2 34 10 
3 29 9 
t 926 40 
m 0 18 
1 34 1 
2 34 11 
3 28 9 
t 925 40 
m 0 17 
1 34 2 
2 34 12 
3 29 9 
t 924 40 
m 0 17 
1 34 3 
2 34 11 
3 28 9 
t 923 40 
m 0 18 
1 34 4 
2 34 12 
3 28 10 
t 922 40 
m 0 18 
1 34 5 
2 33 12 
3 28 9 
t 921 40 
m 0 18 
1 34 4 
2 34 12 
3 28 10 
t 920 40 
m 0 17 
1 34 5 
2 34 13 
3 28 9 
t 919 40 
m 0 17 
1 34 4 
2 34 14 
3 29 9 
t 918 40 
m 0 18 
1 34 3 
2 34 15 
3 30 9 
t 917 40 
m 0 17 
1 34 2 
2 34 14 
3 31 9 
t 916 40 
m 0 18 
1 34 1 
2 34 15 
3 32 9 
t 915 40 
m 0 18 
1 34 0 
2 34 14 
3 32 10 
t 914 40 
m 0 18 
1 34 1 
2 34 15 
3 32 11 
t 913 40 
m 0 18 
1 34 0 
2 34 16 
3 32 10 
t 912 40 
m 0 19 
1 34 1 
2 34 15 
3 32 9 
t 911 40 
m 0 19 
1 34 2 
2 34 14 
3 32 10 
t 910 40 
m 1 19 
1 34 1 
2 34 13 
3 32 9 
t 909 40 
m 1 19 
1 34 2 
2 34 14 
3 32 10 
t 908 40 
m 2 19 
1 34 1 
2 34 15 
3 32 11 
t 907 40 
m 1 19 
1 34 2 
2 34 14 
3 32 12 
t 906 40 
m 2 19 
1 34 1 
2 34 15 
3 33 12 
t 905 40 
m 3 19 
1 34 0 
2 34 16 
3 32 12 
t 904 40 
m 3 19 
1 34 1 
2 34 15 
3 32 11 
t 903 40 
m 4 19 
1 34 0 
2 34 16 
3 32 12 
t 902 40 
m 4 19 
1 34 1 
2 34 17 
3 32 11 
t 901 40 
m 4 19 
1 34 0 
2 34 16 
3 32 12 
t 900 40 
m 4 19 
1 33 0 
2 34 17 
3 33 12 
t 899 40 
m 3 19 
1 34 0 
2 34 18 
3 32 12 
t 898 40 
m 2 19 
1 34 1 
2 34 19 
3 32 11 
t 897 40 
m 3 19 
1 34 2 
2 34 18 
3 32 12 
t 896 40 
m 4 19 
1 34 1 
2 34 17 
3 33 12 
t 895 40 
m 4 19 
1 34 0 
2 34 16 
3 32 12 
t 894 40 
m 3 19 
1 34 1 
2 34 15 
3 33 12 
t 893 40 
m 3 19 
1 34 0 
2 34 14 
3 34 12 
t 892 40 
m 3 19 
1 34 1 
2 34 13 
3 33 12 
t 891 40 
m 4 19 
1 34 2 
2 34 12 
3 32 12 
t 890 40 
m 4 19 
1 34 3 
2 34 11 
3 33 12 
t 889 40 
m 3 19 
1 34 4 
2 34 10 
3 34 12 
t 888 40 
m 4 19 
1 34 5 
2 34 9 
3 34 11 
t 887 40 
m 5 19 
1 34 4 
2 34 10 
3 34 12 
t 886 40 
m 6 19 
1 34 3 
2 34 9 
3 33 12 
t 885 40 
m 6 18 
1 34 2 
2 34 10 
3 34 12 
t 884 40 
m 6 18 
1 34 3 
2 34 11 
3 34 13 
t 883 40 
m 6 17 
1 34 4 
2 34 12 
3 34 14 
t 882 40 
m 6 18 
1 34 5 
2 33 12 
3 34 13 
t 881 40 
m 6 17 
1 34 4 
2 32 12 
3 34 14 
t 880 40 
m 6 17 
1 34 5 
2 32 11 
3 34 13 
t 879 40 
m 6 16 
1 34 4 
2 32 12 
3 34 14 
t 878 41 
m 6 16 
1 34 5 
2 32 11 
3 34 13 
t 877 41 
m 6 15 
1 34 6 
2 32 12 
3 34 12 
t 876 41 
m 6 16 
1 34 5 
2 33 12 
3 34 13 
t 875 41 
m 6 15 
1 34 6 
2 34 12 
3 34 14 
t 874 41 
m 6 15 
1 34 7 
2 34 11 
3 34 13 
t 873 41 
m 6 15 
1 34 8 
2 34 10 
3 34 12 
t 872 41 
m 6 16 
1 34 7 
2 34 9 
3 33 12 
t 871 41 
m 6 17 
1 34 8 
2 34 8 
3 32 12 
t 870 41 
m 6 16 
1 33 8 
2 33 8 
3 32 11 
t 869 41 
m 6 17 
1 32 8 
2 34 8 
3 32 12 
t 868 41 
m 6 18 
1 32 9 
2 34 9 
3 33 12 
t 867 41 
m 6 17 
1 32 8 
2 34 10 
3 32 12 
t 866 41 
m 6 17 
1 33 8 
2 34 9 
3 32 11 
t 865 41 
m 6 18 
1 32 8 
2 34 8 
3 32 12 
t 864 41 
m 7 18 
1 32 9 
2 34 9 
3 33 12 
t 863 41 
m 8 18 
1 32 10 
2 34 8 
3 34 12 
t 862 41 
m 7 18 
1 32 11 
2 34 9 
3 34 11 
t 861 41 
m 7 18 
1 32 12 
2 34 8 
3 34 12 
t 860 41 
m 8 18 
1 32 11 
2 33 8 
3 33 12 
t 859 41 
m 9 18 
1 32 10 
2 32 8 
3 32 12 
t 858 41 
m 10 18 
1 32 9 
2 33 8 
3 33 12 
t 857 41 
m 10 18 
1 32 8 
2 32 8 
3 34 12 
t 856 41 
m 9 18 
1 33 8 
2 32 9 
3 33 12 
t 855 41 
m 9 18 
1 34 8 
2 32 10 
3 32 12 
t 854 41 
m 10 18 
1 34 9 
2 32 9 
3 32 11 
t 853 41 
m 9 18 
1 34 8 
2 32 8 
3 32 10 
t 852 41 
m 10 18 
1 34 9 
2 33 8 
3 32 9 
t 851 41 
m 10 18 
1 34 10 
2 32 8 
3 31 9 
t 850 41 
m 11 18 
1 34 11 
2 32 9 
3 30 9 
t 849 41 
m 11 18 
1 34 10 
2 31 9 
3 31 9 
t 848 41 
m 11 18 
1 34 9 
2 32 9 
3 30 9 
t 847 41 
m 12 18 
1 34 10 
2 32 8 
3 29 9 
t 846 41 
m 12 17 
1 34 9 
2 32 7 
3 30 9 
t 845 41 
m 12 18 
1 34 10 
2 32 6 
3 29 9 
t 844 41 
m 12 17 
1 34 11 
2 33 6 
3 28 9 
t 843 41 
m 12 17 
1 34 12 
2 34 6 
3 28 10 
t 842 41 
m 12 17 
1 34 11 
2 34 7 
3 28 9 
t 841 41 
m 12 16 
1 34 10 
2 34 6 
3 28 8 
t 840 41 
m 12 16 
1 34 11 
2 33 6 
3 28 9 
t 839 41 
m 12 17 
1 34 10 
2 34 6 
3 29 9 
t 838 41 
m 12 18 
1 34 9 
2 34 7 
3 30 9 
t 837 41 
m 12 17 
1 34 10 
2 34 8 
3 29 9 
t 836 41 
m 12 18 
1 34 9 
2 34 7 
3 30 9 
t 835 41 
m 12 17 
1 34 8 
2 34 6 
3 29 9 
t 834 41 
m 12 16 
1 33 8 
2 33 6 
3 28 9 
t 833 41 
m 12 17 
1 32 8 
2 34 6 
3 28 10 
t 832 41 
m 12 17 
1 32 9 
2 34 7 
3 28 9 
t 831 41 
m 12 16 
1 32 10 
2 34 6 
3 29 9 
t 830 41 
m 12 17 
1 32 11 
2 33 6 
3 30 9 
t 829 41 
m 12 17 
1 32 12 
2 34 6 
3 31 9 
t 828 41 
m 12 16 
1 32 11 
2 33 6 
3 30 9 
t 827 41 
m 12 15 
1 32 12 
2 34 6 
3 31 9 
t 826 41 
m 12 15 
1 33 12 
2 34 5 
3 32 9 
t 825 41 
m 12 14 
1 32 12 
2 34 4 
3 32 8 
t 824 41 
m 12 15 
1 32 11 
2 34 3 
3 33 8 
t 823 41 
m 12 14 
1 32 12 
2 34 2 
3 32 8 
t 822 41 
m 12 15 
1 33 12 
2 34 3 
3 32 9 
t 821 41 
m 12 14 
1 34 12 
2 34 2 
3 32 10 
t 820 41 
m 12 14 
1 34 11 
2 34 1 
3 32 11 
t 819 41 
m 12 14 
1 34 10 
2 34 2 
3 32 10 
t 818 41 
m 12 15 
1 34 11 
2 34 1 
3 32 9 
t 817 41 
m 12 14 
1 34 12 
2 34 0 
3 32 10 
t 816 41 
m 12 13 
1 34 13 
2 34 1 
3 32 11 
t 815 41 
m 12 14 
1 34 12 
2 34 2 
3 32 10 
t 814 41 
m 12 14 
1 34 13 
2 34 1 
3 32 11 
t 813 41 
m 12 15 
1 34 14 
2 34 0 
3 32 12 
t 812 41 
m 12 16 
1 34 13 
2 34 1 
3 33 12 
t 811 41 
m 12 17 
1 34 12 
2 34 2 
3 32 12 
t 810 41 
m 12 18 
1 34 13 
2 34 3 
3 32 11 
t 809 41 
m 12 18 
1 34 12 
2 34 4 
3 32 10 
t 808 41 
m 11 18 
1 34 13 
2 34 5 
3 32 11 
t 807 41 
m 11 18 
1 34 12 
2 34 6 
3 32 12 
t 806 41 
m 10 18 
1 34 13 
2 34 5 
3 33 12 
t 805 41 
m 9 18 
1 34 14 
2 34 6 
3 34 12 
t 804 41 
m 10 18 
1 34 15 
2 34 7 
3 33 12 
t 803 41 
m 11 18 
1 34 14 
2 34 6 
3 34 12 
t 802 41 
m 11 18 
1 34 13 
2 33 6 
3 34 13 
t 801 41 
m 10 18 
1 34 12 
2 34 6 
3 34 12 
t 800 41 
m 11 18 
1 34 11 
2 34 5 
3 34 13 
t 799 41 
m 10 18 
1 34 10 
2 34 6 
3 34 14 
t 798 41 
m 11 18 
1 34 11 
2 33 6 
3 34 13 
t 797 41 
m 10 18 
1 34 10 
2 32 6 
3 34 14 
t 796 41 
m 11 18 
1 34 11 
2 33 6 
3 34 13 
t 795 41 
m 12 18 
1 34 12 
2 34 6 
3 34 14 
t 794 41 
m 12 17 
1 34 13 
2 34 5 
3 34 13 
t 793 41 
m 12 18 
1 34 12 
2 34 6 
3 34 14 
t 792 41 
m 12 18 
1 33 12 
2 34 7 
3 34 13 
t 791 41 
m 12 18 
1 32 12 
2 34 6 
3 34 14 
t 790 41 
m 12 17 
1 32 11 
2 34 5 
3 34 13 
t 789 41 
m 12 16 
1 32 12 
2 34 6 
3 34 12 
t 788 41 
m 12 16 
1 33 12 
2 34 5 
3 33 12 
t 787 41 
m 12 17 
1 32 12 
2 34 6 
3 34 12 
t 786 41 
m 12 17 
1 33 12 
2 34 7 
3 33 12 
t 785 41 
m 12 18 
1 34 12 
2 34 6 
3 34 12 
t 784 41 
m 12 18 
1 34 13 
2 34 7 
3 33 12 
t 783 41 
m 12 18 
1 34 14 
2 34 8 
3 34 12 
t 782 41 
m 12 17 
1 34 13 
2 33 8 
3 33 12 
t 781 41 
m 12 18 
1 34 12 
2 32 8 
3 34 12 
t 780 41 
m 12 18 
1 34 13 
2 32 7 
3 34 13 
t 779 41 
m 12 18 
1 34 12 
2 32 6 
3 34 14 
t 778 41 
m 12 17 
1 34 11 
2 33 6 
3 34 13 
t 777 41 
m 12 16 
1 34 10 
2 34 6 
3 34 14 
t 776 41 
m 12 15 
1 34 11 
2 34 5 
3 34 15 
t 775 41 
m 12 15 
1 34 10 
2 34 4 
3 34 14 
t 774 41 
m 12 15 
1 34 9 
2 34 3 
3 34 13 
t 773 41 
m 12 16 
1 34 8 
2 34 2 
3 34 14 
t 772 41 
m 12 17 
1 34 9 
2 34 3 
3 34 13 
t 771 41 
m 12 18 
1 34 10 
2 34 4 
3 34 14 
t 770 41 
m 12 17 
1 34 9 
2 34 3 
3 34 15 
t 769 41 
m 12 18 
1 34 10 
2 34 2 
3 34 16 
t 768 41 
m 11 18 
1 34 9 
2 34 1 
3 34 17 
t 767 41 
m 10 18 
1 34 10 
2 34 0 
3 34 16 
t 766 41 
m 9 18 
1 34 9 
2 34 1 
3 34 15 
t 765 41 
m 10 18 
1 34 10 
2 34 0 
3 34 16 
t 764 41 
m 10 18 
1 34 9 
2 33 0 
3 34 17 
t 763 41 
m 9 18 
1 34 8 
2 32 0 
3 34 18 
t 762 41 
m 8 18 
1 33 8 
2 32 1 
3 34 19 
t 761 41 
m 7 18 
1 32 8 
2 32 0 
3 33 19 
t 760 41 
m 8 18 
1 32 7 
2 33 0 
3 34 19 
t 759 41 
m 9 18 
1 32 6 
2 32 0 
3 34 18 
t 758 41 
m 8 18 
1 33 6 
2 33 0 
3 34 17 
t 757 41 
m 9 18 
1 32 6 
2 32 0 
3 34 16 
t 756 41 
m 9 18 
1 32 5 
2 32 1 
3 34 17 
t 755 41 
m 10 18 
1 32 4 
2 32 2 
3 34 18 
t 754 41 
m 9 18 
1 32 3 
2 32 3 
3 34 17 
t 753 41 
m 8 18 
1 32 2 
2 32 4 
3 34 16 
t 752 41 
m 8 18 
1 32 1 
2 31 4 
3 34 15 
t 751 41 
m 9 18 
1 32 2 
2 30 4 
3 34 16 
t 750 41 
m 8 18 
1 32 1 
2 31 4 
3 34 15 
t 749 41 
m 8 18 
1 32 2 
2 32 4 
3 34 16 
t 748 41 
m 9 18 
1 32 3 
2 31 4 
3 34 15 
t 747 41 
m 8 18 
1 32 4 
2 32 4 
3 34 16 
t 746 41 
m 8 18 
1 31 4 
2 31 4 
3 34 15 
t 745 41 
m 8 18 
1 30 4 
2 30 4 
3 34 16 
t 744 41 
m 9 18 
1 31 4 
2 29 4 
3 34 17 
t 743 41 
m 9 18 
1 32 4 
2 28 4 
3 34 18 
t 742 41 
m 10 18 
1 31 4 
2 27 4 
3 34 19 
t 741 41 
m 11 18 
1 30 4 
2 27 5 
3 34 18 
t 740 41 
m 10 18 
1 31 4 
2 27 4 
3 34 19 
t 739 41 
m 9 18 
1 32 4 
2 27 5 
3 34 18 
t 738 41 
m 10 18 
1 31 4 
2 27 4 
3 34 17 
t 737 41 
m 10 18 
1 30 4 
2 28 4 
3 34 16 
t 736 41 
m 9 18 
1 29 4 
2 29 4 
3 34 15 
t 735 41 
m 9 18 
1 30 4 
2 28 4 
3 34 16 
t 734 41 
m 9 18 
1 29 4 
2 29 4 
3 34 17 
t 733 41 
m 9 18 
1 28 4 
2 29 3 
3 34 18 
t 732 41 
m 8 18 
1 27 4 
2 29 4 
3 34 17 
t 731 41 
m 8 18 
1 28 4 
2 30 4 
3 34 18 
t 730 41 
m 7 18 
1 29 4 
2 31 4 
3 34 17 
t 729 41 
m 6 18 
1 29 3 
2 32 4 
3 34 18 
t 728 41 
m 6 17 
1 29 2 
2 32 3 
3 34 19 
t 727 41 
m 6 16 
1 29 1 
2 32 2 
3 34 18 
t 726 41 
m 6 16 
1 29 0 
2 32 1 
3 34 19 
t 725 41 
m 6 15 
1 29 1 
2 32 2 
3 33 19 
t 724 41 
m 6 16 
1 29 2 
2 32 3 
3 34 19 
t 723 41 
m 6 17 
1 29 3 
2 32 4 
3 33 19 
t 722 41 
m 6 16 
1 29 2 
2 31 4 
3 32 19 
t 721 41 
m 6 16 
1 29 1 
2 30 4 
3 33 19 
t 720 41 
m 6 17 
1 29 2 
2 31 4 
3 32 19 
t 719 41 
m 6 18 
1 29 1 
2 30 4 
3 33 19 
t 718 41 
m 7 18 
1 29 0 
2 31 4 
3 32 19 
t 717 41 
m 6 18 
1 28 0 
2 30 4 
3 31 19 
t 716 41 
m 6 18 
1 27 0 
2 31 4 
3 32 19 
t 715 41 
m 6 17 
1 28 0 
2 32 4 
3 31 19 
t 714 41 
m 6 16 
1 27 0 
2 32 3 
3 30 19 
t 713 41 
m 6 16 
1 27 1 
2 32 2 
3 29 19 
t 712 41 
m 6 15 
1 27 0 
2 32 1 
3 30 19 
t 711 41 
m 6 16 
1 28 0 
2 32 2 
3 29 19 
t 710 41 
m 6 16 
1 27 0 
2 32 3 
3 30 19 
t 709 41 
m 6 17 
1 27 1 
2 32 4 
3 29 19 
t 708 41 
m 6 18 
1 27 0 
2 32 5 
3 28 19 
t 707 41 
m 6 19 
1 27 1 
2 32 6 
3 29 19 
t 706 41 
m 5 19 
1 27 2 
2 33 6 
3 28 19 
t 705 41 
m 4 19 
1 27 3 
2 34 6 
3 29 19 
t 704 41 
m 5 19 
1 27 2 
2 34 5 
3 30 19 
t 703 41 
m 4 19 
1 27 3 
2 34 6 
3 29 19 
t 702 41 
m 3 19 
1 27 4 
2 33 6 
3 28 19 
t 701 41 
m 3 19 
1 27 3 
2 32 6 
3 28 18 
t 700 41 
m 2 19 
1 27 4 
2 33 6 
3 28 17 
t 699 41 
m 3 19 
1 28 4 
2 34 6 
3 28 16 
t 698 41 
m 2 19 
1 27 4 
2 34 5 
3 28 15 
t 697 41 
m 1 19 
1 27 3 
2 34 6 
3 28 14 
t 696 41 
m 2 19 
1 27 4 
2 34 5 
3 28 15 
t 695 41 
m 3 19 
1 27 3 
2 34 6 
3 28 14 
t 694 41 
m 2 19 
1 27 2 
2 34 7 
3 28 13 
t 693 41 
m 2 19 
1 27 1 
2 34 8 
3 28 14 
t 692 41 
m 2 19 
1 27 0 
2 34 9 
3 28 13 
t 691 41 
m 2 19 
1 28 0 
2 34 10 
3 28 14 
t 690 41 
m 1 19 
1 27 0 
2 34 9 
3 28 15 
t 689 41 
m 1 19 
1 28 0 
2 34 8 
3 28 14 
t 688 41 
m 1 19 
1 27 0 
2 33 8 
3 28 13 
t 687 41 
m 2 19 
1 27 1 
2 32 8 
3 28 12 
t 686 41 
m 2 19 
1 27 2 
2 32 7 
3 28 13 
t 685 41 
m 3 19 
1 27 1 
2 32 8 
3 28 14 
t 684 41 
m 3 19 
1 27 2 
2 32 9 
3 28 15 
t 683 41 
m 2 19 
1 27 3 
2 32 10 
3 28 14 
t 682 41 
m 1 19 
1 27 4 
2 32 11 
3 28 15 
t 681 41 
m 2 19 
1 27 5 
2 32 10 
3 28 16 
t 680 41 
m 1 19 
1 27 4 
2 32 11 
3 28 15 
t 679 41 
m 0 19 
1 28 4 
2 32 10 
3 28 14 
t 678 41 
m 0 18 
1 27 4 
2 32 11 
3 28 15 
t 677 41 
m 0 18 
1 27 5 
2 32 12 
3 28 16 
t 676 41 
m 0 19 
1 27 4 
2 33 12 
3 28 17 
t 675 41 
m 1 19 
1 27 5 
2 32 12 
3 28 16 
t 674 41 
m 2 19 
1 27 4 
2 32 11 
3 28 17 
t 673 41 
m 3 19 
1 28 4 
2 32 12 
3 28 18 
t 672 41 
m 2 19 
1 29 4 
2 32 11 
3 28 19 
t 671 41 
m 1 19 
1 28 4 
2 32 12 
3 29 19 
t 670 41 
m 2 19 
1 27 4 
2 32 11 
3 30 19 
t 669 41 
m 3 19 
1 27 3 
2 32 12 
3 31 19 
t 668 41 
m 4 19 
1 27 2 
2 32 11 
3 32 19 
t 667 41 
m 4 19 
1 27 3 
2 32 10 
3 33 19 
t 666 41 
m 5 19 
1 27 4 
2 32 9 
3 32 19 
t 665 41 
m 4 19 
1 27 5 
2 31 9 
3 31 19 
t 664 41 
m 5 19 
1 27 6 
2 30 9 
3 32 19 
t 663 41 
m 4 19 
1 27 5 
2 31 9 
3 33 19 
t 662 41 
m 5 19 
1 27 4 
2 32 9 
3 32 19 
t 661 41 
m 4 19 
1 27 3 
2 32 10 
3 31 19 
t 660 41 
m 5 19 
1 27 2 
2 32 9 
3 32 19 
t 659 41 
m 5 19 
1 27 1 
2 31 9 
3 31 19 
t 658 41 
m 5 19 
1 27 0 
2 30 9 
3 32 19 
t 657 41 
m 4 19 
1 28 0 
2 29 9 
3 33 19 
t 656 41 
m 4 19 
1 29 0 
2 28 9 
3 32 19 
t 655 41 
m 5 19 
1 29 1 
2 28 8 
3 33 19 
t 654 41 
m 5 19 
1 29 0 
2 28 7 
3 34 19 
t 653 41 
m 6 19 
1 29 1 
2 29 7 
3 33 19 
t 652 41 
m 5 19 
1 29 2 
2 30 7 
3 32 19 
t 651 41 
m 4 19 
1 29 3 
2 31 7 
3 33 19 
t 650 41 
m 5 19 
1 29 2 
2 30 7 
3 34 19 
t 649 41 
m 6 19 
1 29 1 
2 29 7 
3 33 19 
t 648 41 
m 6 18 
1 29 0 
2 28 7 
3 32 19 
t 647 41 
m 6 18 
1 28 0 
2 29 7 
3 33 19 
t 646 41 
m 6 18 
1 27 0 
2 30 7 
3 34 19 
t 645 41 
m 6 17 
1 28 0 
2 29 7 
3 33 19 
t 644 41 
m 6 18 
1 27 0 
2 28 7 
3 32 19 
t 643 41 
m 7 18 
1 28 0 
2 29 7 
3 33 19 
t 642 41 
m 6 18 
1 27 0 
2 30 7 
3 32 19 
t 641 41 
m 6 19 
1 27 1 
2 29 7 
3 31 19 
t 640 41 
m 5 19 
1 27 0 
2 30 7 
3 32 19 
t 639 41 
m 5 19 
1 28 0 
2 29 7 
3 31 19 
t 638 41 
m 5 19 
1 29 0 
2 30 7 
3 32 19 
t 637 41 
m 5 19 
1 30 0 
2 31 7 
3 31 19 
t 636 41 
m 6 19 
1 29 0 
2 30 7 
3 30 19 
t 635 41 
m 6 19 
1 29 1 
2 31 7 
3 29 19 
t 634 41 
m 6 19 
1 29 2 
2 30 7 
3 30 19 
t 633 41 
m 6 18 
1 29 1 
2 29 7 
3 31 19 
t 632 41 
m 6 19 
1 29 2 
2 28 7 
3 32 19 
t 631 41 
m 6 19 
1 29 1 
2 29 7 
3 31 19 
t 630 41 
m 6 19 
1 29 0 
2 30 7 
3 30 19 
t 629 41 
m 5 19 
1 29 1 
2 31 7 
3 29 19 
t 628 41 
m 6 19 
1 29 2 
2 32 7 
3 28 19 
t 627 41 
m 6 18 
1 29 3 
2 31 7 
3 29 19 
t 626 41 
m 6 17 
1 29 2 
2 32 7 
3 30 19 
t 625 41 
m 6 16 
1 29 3 
2 31 7 
3 29 19 
t 624 41 
m 6 16 
1 29 2 
2 30 7 
3 28 19 
t 623 41 
m 6 16 
1 29 3 
2 31 7 
3 29 19 
t 622 41 
m 6 15 
1 29 2 
2 32 7 
3 30 19 
t 621 41 
m 6 16 
1 29 3 
2 31 7 
3 31 19 
t 620 41 
m 6 16 
1 29 2 
2 32 7 
3 30 19 
t 619 41 
m 6 16 
1 29 3 
2 32 6 
3 29 19 
t 618 41 
m 6 16 
1 29 2 
2 32 5 
3 28 19 
t 617 41 
m 6 15 
1 29 1 
2 32 4 
3 28 18 
t 616 41 
m 6 14 
1 29 0 
2 31 4 
3 28 17 
t 615 42 
m 6 14 
1 29 1 
2 32 4 
3 28 16 
t 614 42 
m 6 13 
1 29 0 
2 32 3 
3 28 15 
t 613 43 
m 6 13 
1 29 1 
2 32 2 
3 28 16 
t 612 43 
m 6 14 
1 29 0 
2 32 1 
3 28 17 
t 611 43 
m 6 14 
1 29 1 
2 32 2 
3 28 18 
t 610 43 
m 6 13 
1 29 2 
2 32 1 
3 27 18 
t 609 43 
m 6 14 
1 29 3 
2 32 2 
3 28 18 
t 608 43 
m 6 14 
1 29 2 
2 32 1 
3 27 18 
t 607 43 
m 6 14 
1 29 3 
2 32 2 
3 28 18 
t 606 43 
m 6 13 
1 29 2 
2 32 3 
3 27 18 
t 605 43 
m 6 12 
1 29 1 
2 32 2 
3 26 18 
t 604 44 
m 6 12 
1 29 2 
2 32 1 
3 25 18 
t 603 44 
m 6 11 
1 29 1 
2 32 0 
3 24 18 
t 602 44 
m 6 11 
1 29 2 
2 31 0 
3 23 18 
t 601 44 
m 7 11 
1 29 1 
2 32 0 
3 24 18 
t 600 44 
m 7 11 
1 29 2 
2 32 1 
3 25 18 
t 599 44 
m 6 11 
1 29 3 
2 32 0 
3 26 18 
t 598 44 
m 6 12 
1 29 2 
2 31 0 
3 25 18 
t 597 44 
m 6 12 
1 29 1 
2 30 0 
3 26 18 
t 596 44 
m 6 11 
1 29 2 
2 31 0 
3 27 18 
t 595 44 
m 6 12 
1 29 1 
2 30 0 
3 28 18 
t 594 44 
m 6 11 
1 29 2 
2 29 0 
3 27 18 
t 593 44 
m 6 11 
1 29 1 
2 30 0 
3 28 18 
t 592 44 
m 7 11 
1 29 2 
2 29 0 
3 27 18 
t 591 44 
m 6 11 
1 29 1 
2 28 0 
3 26 18 
t 590 44 
m 6 12 
1 29 0 
2 27 0 
3 25 18 
t 589 44 
m 6 11 
1 28 0 
2 28 0 
3 24 18 
t 588 44 
m 6 12 
1 27 0 
2 27 0 
3 25 18 
t 587 44 
m 6 12 
1 28 0 
2 27 1 
3 24 18 
t 586 44 
m 6 13 
1 29 0 
2 27 2 
3 25 18 
t 585 44 
m 6 12 
1 30 0 
2 27 1 
3 24 18 
t 584 44 
m 6 13 
1 29 0 
2 27 0 
3 25 18 
t 583 44 
m 6 12 
1 29 1 
2 27 1 
3 24 18 
t 582 44 
m 6 11 
1 29 0 
2 27 2 
3 25 18 
t 581 44 
m 6 10 
1 28 0 
2 27 3 
3 26 18 
t 580 44 
m 6 10 
1 27 0 
2 27 2 
3 27 18 
t 579 44 
m 6 9 
1 27 1 
2 27 1 
3 26 18 
t 578 44 
m 5 9 
1 27 2 
2 27 0 
3 25 18 
t 577 44 
m 4 9 
1 27 3 
2 27 1 
3 26 18 
t 576 54 
m 4 9 
1 27 4 
2 27 0 
3 27 18 
t 575 54 
m 5 9 
1 28 4 
2 28 0 
3 26 18 
t 574 54 
f 9 9 
m 4 9 
1 29 4 
2 29 0 
3 25 18 
t 573 54 
m 4 9 
1 28 4 
2 30 0 
3 26 18 
t 572 54 
m 5 9 
1 27 4 
2 31 0 
3 27 18 
t 571 54 
m 4 9 
1 27 5 
2 30 0 
3 26 18 
t 570 54 
m 5 9 
1 27 4 
2 31 0 
3 25 18 
t 569 54 
m 5 9 
1 27 3 
2 30 0 
3 24 18 
t 568 54 
m 5 9 
1 27 2 
2 29 0 
3 23 18 
t 567 54 
m 6 9 
1 27 3 
2 29 1 
3 22 18 
t 566 54 
m 5 9 
1 27 2 
2 29 2 
3 23 18 
t 565 54 
m 6 9 
1 27 1 
2 29 3 
3 24 18 
t 564 54 
m 6 8 
1 27 0 
2 29 4 
3 23 18 
t 563 54 
m 6 7 
1 28 0 
2 30 4 
3 24 18 
t 562 54 
m 5 7 
1 27 0 
2 29 4 
3 23 18 
t 561 54 
m 6 7 
1 27 1 
2 30 4 
3 24 18 
t 560 54 
m 6 7 
1 27 0 
2 29 4 
3 23 18 
t 559 54 
m 6 7 
1 27 1 
2 28 4 
3 24 18 
t 558 54 
m 6 8 
1 27 2 
2 27 4 
3 25 18 
t 557 54 
m 7 8 
1 27 1 
2 28 4 
3 26 18 
t 556 54 
m 7 8 
1 27 2 
2 27 4 
3 27 18 
t 555 54 
m 8 8 
1 27 3 
2 28 4 
3 28 18 
t 554 54 
m 7 8 
1 27 4 
2 29 4 
3 28 17 
t 553 54 
m 8 8 
1 28 4 
2 29 3 
3 28 16 
t 552 54 
m 8 8 
1 29 4 
2 29 4 
3 28 15 
t 551 54 
m 9 8 
1 30 4 
2 28 4 
3 28 14 
t 550 54 
m 8 8 
1 29 4 
2 27 4 
3 28 13 
t 549 54 
m 8 8 
1 28 4 
2 27 3 
3 28 14 
t 548 54 
m 7 8 
1 27 4 
2 27 2 
3 28 15 
t 547 54 
m 8 8 
1 27 5 
2 27 1 
3 28 16 
t 546 54 
m 8 8 
1 27 6 
2 27 2 
3 28 15 
t 545 54 
m 8 8 
1 27 5 
2 27 3 
3 28 16 
t 544 54 
m 9 8 
1 27 6 
2 27 2 
3 28 17 
t 543 54 
m 9 8 
1 26 6 
2 27 3 
3 28 18 
t 542 54 
m 9 8 
1 25 6 
2 27 2 
3 27 18 
t 541 54 
m 9 9 
1 24 6 
2 27 1 
3 26 18 
t 540 64 
m 9 9 
1 25 6 
2 27 2 
3 25 18 
t 539 64 
m 9 10 
1 24 6 
2 27 3 
3 26 18 
t 538 64 
m 9 11 
1 25 6 
2 27 4 
3 25 18 
t 537 64 
m 10 11 
1 24 6 
2 27 3 
3 26 18 
t 536 64 
m 10 11 
1 23 6 
2 27 4 
3 27 18 
t 535 64 
m 11 11 
1 24 6 
2 27 5 
3 26 18 
t 534 64 
m 12 11 
1 25 6 
2 27 6 
3 27 18 
t 533 64 
m 11 11 
1 24 6 
2 27 5 
3 26 18 
t 532 64 
m 12 11 
1 23 6 
2 27 6 
3 25 18 
t 531 64 
m 13 11 
1 22 6 
2 26 6 
3 24 18 
t 530 64 
m 14 11 
1 23 6 
2 27 6 
3 25 18 
t 529 64 
m 14 11 
1 22 6 
2 26 6 
3 24 18 
t 528 64 
m 15 11 
1 23 6 
2 27 6 
3 25 18 
t 527 64 
m 15 11 
1 24 6 
2 27 5 
3 24 18 
t 526 64 
m 16 11 
1 25 6 
2 27 6 
3 23 18 
t 525 64 
m 17 11 
1 26 6 
2 27 5 
3 24 18 
t 524 65 
m 18 11 
1 25 6 
2 27 6 
3 25 18 
t 523 66 
m 19 11 
1 24 6 
2 27 5 
3 24 18 
t 522 67 
m 18 11 
1 23 6 
2 27 6 
3 23 18 
t 521 67 
m 19 11 
1 22 6 
2 26 6 
3 24 18 
t 520 67 
m 20 11 
1 23 6 
2 27 6 
3 25 18 
t 519 67 
m 21 11 
1 22 6 
2 26 6 
3 24 18 
t 518 67 
m 21 10 
1 23 6 
2 25 6 
3 23 18 
t 517 68 
m 21 11 
1 22 6 
2 24 6 
3 24 18 
t 516 68 
m 21 10 
1 21 6 
2 23 6 
3 23 18 
t 515 68 
m 21 9 
1 22 6 
2 24 6 
3 22 18 
t 514 69 
m 21 8 
1 21 6 
2 23 6 
3 23 18 
t 513 69 
m 20 8 
1 22 6 
2 22 6 
3 22 18 
t 512 70 
m 19 8 
1 23 6 
2 21 6 
3 22 17 
t 511 70 
m 18 8 
1 24 6 
2 22 6 
3 22 16 
t 510 70 
f 10 13 
m 19 8 
1 25 6 
2 23 6 
3 22 17 
t 509 70 
m 20 8 
1 24 6 
2 22 6 
3 22 18 
t 508 70 
m 19 8 
1 25 6 
2 23 6 
3 22 17 
t 507 70 
m 18 8 
1 26 6 
2 24 6 
3 22 18 
t 506 70 
m 19 8 
1 25 6 
2 25 6 
3 22 17 
t 505 70 
m 20 8 
1 26 6 
2 26 6 
3 22 18 
t 504 70 
m 21 8 
1 25 6 
2 27 6 
3 23 18 
t 503 70 
m 20 8 
1 24 6 
2 27 5 
3 24 18 
t 502 70 
m 20 8 
1 23 6 
2 27 6 
3 23 18 
t 501 70 
m 19 8 
1 24 6 
2 26 6 
3 24 18 
t 500 70 
m 20 8 
1 25 6 
2 25 6 
3 23 18 
t 499 70 
m 19 8 
1 26 6 
2 24 6 
3 24 18 
t 498 70 
m 20 8 
1 25 6 
2 23 6 
3 25 18 
t 497 70 
m 19 8 
1 24 6 
2 24 6 
3 24 18 
t 496 70 
m 19 8 
1 23 6 
2 25 6 
3 23 18 
t 495 70 
m 19 8 
1 24 6 
2 26 6 
3 22 18 
t 494 70 
m 19 8 
1 23 6 
2 25 6 
3 22 17 
t 493 70 
m 19 8 
1 24 6 
2 26 6 
3 22 16 
t 492 70 
m 18 8 
1 25 6 
2 27 6 
3 22 17 
t 491 70 
m 17 8 
1 26 6 
2 26 6 
3 22 18 
t 490 70 
m 17 8 
1 27 6 
2 27 6 
3 23 18 
t 489 70 
m 17 8 
1 27 5 
2 27 5 
3 22 18 
t 488 70 
m 16 8 
1 27 4 
2 27 4 
3 23 18 
t 487 70 
m 16 8 
1 27 5 
2 27 5 
3 22 18 
t 486 70 
m 17 8 
1 27 6 
2 27 4 
3 22 17 
t 485 70 
m 18 8 
1 26 6 
2 28 4 
3 22 18 
t 484 70 
m 19 8 
1 25 6 
2 29 4 
3 23 18 
t 483 70 
m 19 8 
1 26 6 
2 28 4 
3 22 18 
t 482 70 
m 18 8 
1 27 6 
2 27 4 
3 22 17 
t 481 70 
m 18 8 
1 27 5 
2 27 5 
3 22 18 
t 480 70 
m 19 8 
1 27 6 
2 27 6 
3 22 17 
t 479 70 
m 18 8 
1 26 6 
2 26 6 
3 22 18 
t 478 70 
m 18 8 
1 27 6 
2 25 6 
3 22 17 
t 477 70 
m 18 8 
1 27 5 
2 24 6 
3 22 18 
t 476 70 
m 18 8 
1 27 6 
2 23 6 
3 22 17 
t 475 70 
m 17 8 
1 27 5 
2 22 6 
3 22 16 
t 474 70 
m 16 8 
1 27 4 
2 21 6 
3 22 15 
t 473 70 
m 15 8 
1 27 5 
2 22 6 
3 22 16 
t 472 70 
m 14 8 
1 27 6 
2 21 6 
3 22 17 
t 471 70 
m 15 8 
1 26 6 
2 21 7 
3 22 16 
t 470 70 
m 16 8 
1 27 6 
2 21 8 
3 22 15 
t 469 70 
m 15 8 
1 26 6 
2 21 9 
3 22 14 
t 468 70 
m 15 8 
1 27 6 
2 21 10 
3 22 15 
t 467 70 
m 16 8 
1 26 6 
2 21 11 
3 22 14 
t 466 70 
m 17 8 
1 25 6 
2 20 11 
3 22 15 
t 465 70 
m 16 8 
1 24 6 
2 20 12 
3 22 14 
t 464 70 
m 17 8 
1 23 6 
2 20 11 
3 22 13 
t 463 70 
m 18 8 
1 22 6 
2 20 12 
3 22 14 
t 462 70 
m 18 8 
1 23 6 
2 20 13 
3 22 13 
t 461 70 
m 17 8 
1 24 6 
2 20 12 
3 21 13 
t 460 70 
m 18 8 
1 23 6 
2 20 11 
3 22 13 
t 459 70 
m 19 8 
1 22 6 
2 21 11 
3 22 14 
t 458 70 
m 19 8 
1 23 6 
2 22 11 
3 22 15 
t 457 70 
m 18 8 
1 22 6 
2 21 11 
3 22 14 
t 456 70 
m 19 8 
1 21 6 
2 22 11 
3 22 15 
t 455 70 
m 19 8 
1 21 7 
2 23 11 
3 22 16 
t 454 70 
m 20 8 
1 21 8 
2 22 11 
3 22 17 
t 453 70 
m 19 8 
1 21 7 
2 21 11 
3 22 16 
t 452 70 
m 18 8 
1 21 8 
2 20 11 
3 22 17 
t 451 70 
m 17 8 
1 21 7 
2 21 11 
3 22 16 
t 450 70 
m 18 8 
1 21 8 
2 21 10 
3 22 17 
t 449 70 
m 17 8 
1 21 9 
2 21 11 
3 22 16 
t 448 70 
m 16 8 
1 21 10 
2 20 11 
3 22 17 
t 447 70 
m 15 8 
1 21 11 
2 20 12 
3 22 18 
t 446 70 
m 15 8 
1 21 10 
2 20 13 
3 23 18 
t 445 70 
m 14 8 
1 21 9 
2 20 12 
3 24 18 
t 444 70 
m 13 8 
1 21 8 
2 20 11 
3 23 18 
t 443 70 
m 13 9 
1 20 8 
2 20 12 
3 24 18 
t 442 71 
m 13 10 
1 19 8 
2 20 13 
3 23 18 
t 441 71 
m 13 11 
1 20 8 
2 20 12 
3 24 18 
t 440 71 
m 13 11 
1 21 8 
2 20 13 
3 23 18 
t 439 71 
m 13 11 
1 21 7 
2 21 13 
3 22 18 
t 438 71 
m 13 11 
1 21 8 
2 22 13 
3 22 17 
t 437 71 
m 12 11 
1 20 8 
2 21 13 
3 22 18 
t 436 71 
m 11 11 
1 21 8 
2 20 13 
3 23 18 
t 435 71 
m 10 11 
1 21 7 
2 20 12 
3 22 18 
t 434 71 
m 10 11 
1 21 8 
2 20 13 
3 22 17 
t 433 71 
m 11 11 
1 20 8 
2 21 13 
3 22 18 
t 432 71 
m 11 11 
1 21 8 
2 20 13 
3 22 17 
t 431 71 
m 12 11 
1 21 7 
2 21 13 
3 22 16 
t 430 71 
m 11 11 
1 21 6 
2 20 13 
3 22 17 
t 429 71 
m 10 11 
1 22 6 
2 21 13 
3 22 18 
t 428 71 
m 10 11 
1 23 6 
2 22 13 
3 22 17 
t 427 71 
m 9 11 
1 24 6 
2 21 13 
3 22 18 
t 426 71 
m 9 12 
1 23 6 
2 20 13 
3 23 18 
t 425 71 
m 9 11 
1 22 6 
2 21 13 
3 22 18 
t 424 71 
m 10 11 
1 21 6 
2 20 13 
3 22 17 
t 423 71 
m 9 11 
1 20 6 
2 20 12 
3 22 16 
t 422 71 
m 9 12 
1 21 6 
2 20 11 
3 22 17 
t 421 71 
m 9 13 
1 20 6 
2 20 12 
3 22 18 
t 420 71 
m 10 13 
1 21 6 
2 20 11 
3 22 17 
t 419 81 
m 9 13 
1 20 6 
2 21 11 
3 22 18 
t 418 81 
m 9 12 
1 21 6 
2 21 10 
3 22 17 
t 417 81 
m 9 11 
1 21 7 
2 21 11 
3 22 18 
t 416 81 
m 9 12 
1 21 8 
2 22 11 
3 23 18 
t 415 81 
m 9 11 
1 21 9 
2 21 11 
3 24 18 
t 414 81 
m 10 11 
1 21 10 
2 21 10 
3 25 18 
t 413 81 
m 11 11 
1 21 9 
2 21 11 
3 24 18 
t 412 81 
m 12 11 
1 21 10 
2 21 10 
3 25 18 
t 411 81 
m 13 11 
1 21 9 
2 21 9 
3 24 18 
t 410 81 
f 21 6 
m 13 10 
1 21 10 
2 21 8 
3 23 18 
t 409 81 
m 13 10 
1 21 9 
2 21 9 
3 22 18 
t 408 81 
m 13 10 
1 21 8 
2 21 10 
3 23 18 
t 407 81 
m 13 9 
1 21 7 
2 21 9 
3 24 18 
t 406 81 
m 13 8 
1 21 8 
2 21 10 
3 23 18 
t 405 81 
m 14 8 
1 21 9 
2 21 11 
3 24 18 
t 404 81 
m 15 8 
1 21 10 
2 22 11 
3 25 18 
t 403 81 
m 16 8 
1 21 9 
2 21 11 
3 24 18 
t 402 81 
m 17 8 
1 21 10 
2 21 10 
3 23 18 
t 401 81 
m 18 8 
1 21 11 
2 21 11 
3 22 18 
t 400 81 
m 19 8 
1 20 11 
2 21 10 
3 22 17 
t 399 81 
m 20 8 
1 20 12 
2 21 11 
3 22 18 
t 398 81 
m 21 8 
1 20 13 
2 20 11 
3 23 18 
t 397 81 
m 21 7 
1 21 13 
2 19 11 
3 24 18 
t 396 82 
m 21 6 
1 22 13 
2 20 11 
3 25 18 
t 395 92 
m 22 6 
1 22 14 
2 20 12 
3 24 18 
t 394 92 
m 23 6 
1 22 13 
2 20 11 
3 25 18 
t 393 92 
m 22 6 
1 22 14 
2 21 11 
3 26 18 
t 392 92 
m 22 6 
1 22 13 
2 22 11 
3 27 18 
t 391 92 
m 23 6 
1 22 14 
2 21 11 
3 28 18 
t 390 92 
m 22 6 
1 22 15 
2 22 11 
3 27 18 
t 389 92 
m 22 6 
1 22 14 
2 23 11 
3 26 18 
t 388 92 
m 23 6 
1 22 15 
2 24 11 
3 25 18 
t 387 92 
m 24 6 
1 22 14 
2 23 11 
3 26 18 
t 386 93 
m 25 6 
1 22 15 
2 24 11 
3 25 18 
t 385 94 
m 26 6 
1 22 14 
2 23 11 
3 26 18 
t 384 95 
m 27 6 
1 22 13 
2 24 11 
3 25 18 
t 383 95 
m 27 5 
1 23 13 
2 23 11 
3 24 18 
t 382 96 
m 27 5 
1 22 13 
2 22 11 
3 23 18 
t 381 96 
m 27 4 
1 22 14 
2 21 11 
3 24 18 
t 380 96 
m 27 3 
1 22 15 
2 22 11 
3 25 18 
t 379 97 
m 27 3 
1 22 14 
2 21 11 
3 26 18 
t 378 97 
m 27 2 
1 22 15 
2 22 11 
3 25 18 
t 377 97 
m 27 2 
1 22 16 
2 23 11 
3 26 18 
t 376 97 
m 27 1 
1 22 17 
2 22 11 
3 27 18 
t 375 97 
m 27 2 
1 22 18 
2 21 11 
3 28 18 
t 374 97 
m 27 1 
1 22 17 
2 22 11 
3 27 18 
t 373 97 
m 27 2 
1 22 16 
2 23 11 
3 26 18 
t 372 97 
m 27 3 
1 22 15 
2 24 11 
3 25 18 
t 371 97 
m 27 2 
1 22 16 
2 23 11 
3 26 18 
t 370 97 
m 27 3 
1 22 15 
2 22 11 
3 25 18 
t 369 97 
m 27 4 
1 22 16 
2 21 11 
3 24 18 
t 368 97 
m 27 5 
1 22 15 
2 22 11 
3 23 18 
t 367 97 
m 27 5 
1 22 14 
2 21 11 
3 22 18 
t 366 97 
m 27 5 
1 22 15 
2 21 10 
3 22 17 
t 365 97 
m 27 4 
1 22 14 
2 21 11 
3 22 18 
t 364 97 
m 28 4 
1 22 13 
2 22 11 
3 23 18 
t 363 97 
m 28 4 
1 21 13 
2 21 11 
3 22 18 
t 362 97 
m 29 4 
1 22 13 
2 21 10 
3 22 17 
t 361 97 
m 29 3 
1 22 14 
2 21 9 
3 22 18 
t 360 98 
m 29 4 
1 22 15 
2 21 8 
3 22 17 
t 359 98 
m 30 4 
1 22 14 
2 21 9 
3 22 16 
t 358 98 
m 31 4 
1 22 13 
2 21 8 
3 22 17 
t 357 98 
m 31 4 
1 22 14 
2 21 7 
3 22 16 
t 356 98 
m 30 4 
1 22 15 
2 21 6 
3 22 17 
t 355 98 
m 30 4 
1 22 14 
2 21 7 
3 22 16 
t 354 98 
m 30 4 
1 22 13 
2 21 8 
3 22 15 
t 353 98 
m 31 4 
1 21 13 
2 21 7 
3 22 14 
t 352 98 
m 30 4 
1 22 13 
2 21 8 
3 22 15 
t 351 98 
m 29 4 
1 23 13 
2 21 9 
3 22 14 
t 350 98 
m 29 3 
1 22 13 
2 21 8 
3 22 15 
t 349 98 
m 29 2 
1 21 13 
2 21 7 
3 22 16 
t 348 99 
m 29 1 
1 20 13 
2 21 6 
3 22 17 
t 347 100 
m 29 2 
1 21 13 
2 21 7 
3 22 16 
t 346 100 
m 29 2 
1 20 13 
2 21 8 
3 22 17 
t 345 100 
m 29 2 
1 21 13 
2 21 9 
3 22 18 
t 344 100 
m 29 3 
1 20 13 
2 21 8 
3 22 17 
t 343 100 
m 29 2 
1 21 13 
2 20 8 
3 22 18 
t 342 100 
m 29 3 
1 20 13 
2 21 8 
3 23 18 
t 341 100 
m 29 4 
1 20 12 
2 21 9 
3 24 18 
t 340 100 
m 28 4 
1 20 11 
2 21 8 
3 23 18 
t 339 100 
m 29 4 
1 20 12 
2 21 7 
3 24 18 
t 338 100 
m 30 4 
1 20 11 
2 21 8 
3 25 18 
t 337 100 
m 30 4 
1 20 12 
2 21 9 
3 24 18 
t 336 100 
m 30 4 
1 20 11 
2 21 8 
3 25 18 
t 335 100 
m 31 4 
1 20 12 
2 21 7 
3 24 18 
t 334 100 
m 30 4 
1 20 11 
2 21 6 
3 23 18 
t 333 100 
m 30 4 
1 19 11 
2 20 6 
3 24 18 
t 332 100 
m 31 4 
1 18 11 
2 21 6 
3 25 18 
t 331 100 
m 31 4 
1 19 11 
2 22 6 
3 24 18 
t 330 100 
m 32 4 
1 18 11 
2 21 6 
3 25 18 
t 329 100 
m 32 4 
1 17 11 
2 22 6 
3 26 18 
t 328 100 
m 32 3 
1 18 11 
2 21 6 
3 27 18 
t 327 100 
m 32 2 
1 19 11 
2 20 6 
3 26 18 
t 326 100 
m 32 1 
1 18 11 
2 19 6 
3 25 18 
t 325 100 
m 32 2 
1 17 11 
2 20 6 
3 26 18 
t 324 100 
f 6 8 
m 32 1 
1 16 11 
2 19 6 
3 25 18 
t 323 100 
m 32 1 
1 17 11 
2 20 6 
3 26 18 
t 322 100 
m 32 1 
1 16 11 
2 21 6 
3 25 18 
t 321 100 
m 32 2 
1 17 11 
2 21 7 
3 24 18 
t 320 100 
m 32 2 
1 18 11 
2 21 8 
3 25 18 
t 319 100 
m 32 3 
1 19 11 
2 21 9 
3 24 18 
t 318 100 
m 32 2 
1 18 11 
2 21 8 
3 23 18 
t 317 100 
m 32 3 
1 19 11 
2 21 7 
3 22 18 
t 316 100 
m 32 2 
1 20 11 
2 21 6 
3 23 18 
t 315 100 
m 32 1 
1 19 11 
2 21 7 
3 22 18 
t 314 100 
m 32 2 
1 20 11 
2 21 8 
3 23 18 
t 313 100 
m 32 2 
1 19 11 
2 20 8 
3 22 18 
t 312 100 
m 32 2 
1 18 11 
2 19 8 
3 23 18 
t 311 100 
m 32 1 
1 17 11 
2 20 8 
3 22 18 
t 310 100 
m 32 2 
1 16 11 
2 19 8 
3 22 17 
t 309 100 
m 32 2 
1 17 11 
2 18 8 
3 22 16 
t 308 100 
m 32 2 
1 16 11 
2 19 8 
3 22 15 
t 307 100 
m 32 2 
1 15 11 
2 20 8 
3 22 14 
t 306 100 
m 32 2 
1 16 11 
2 21 8 
3 22 13 
t 305 100 
m 32 1 
1 17 11 
2 20 8 
3 22 14 
t 304 100 
m 32 1 
1 16 11 
2 19 8 
3 22 15 
t 303 100 
m 32 1 
1 17 11 
2 20 8 
3 22 16 
t 302 100 
m 32 1 
1 18 11 
2 19 8 
3 22 17 
t 301 100 
m 32 1 
1 17 11 
2 20 8 
3 22 16 
t 300 100 
m 32 1 
1 18 11 
2 21 8 
3 22 17 
t 299 100 
m 32 2 
1 19 11 
2 20 8 
3 22 16 
t 298 100 
m 32 2 
1 18 11 
2 19 8 
3 22 17 
t 297 100 
m 32 1 
1 17 11 
2 18 8 
3 22 18 
t 296 100 
m 32 2 
1 16 11 
2 17 8 
3 22 17 
t 295 100 
m 32 2 
1 15 11 
2 16 8 
3 22 16 
t 294 100 
m 32 3 
1 14 11 
2 15 8 
3 22 15 
t 293 100 
m 32 3 
1 15 11 
2 14 8 
3 22 16 
t 292 100 
m 32 2 
1 16 11 
2 13 8 
3 22 15 
t 291 100 
m 32 1 
1 17 11 
2 13 7 
3 22 16 
t 290 100 
m 32 2 
1 18 11 
2 13 6 
3 22 17 
t 289 100 
m 32 1 
1 17 11 
2 12 6 
3 22 18 
t 288 100 
m 32 2 
1 18 11 
2 11 6 
3 22 17 
t 287 100 
m 32 1 
1 17 11 
2 12 6 
3 22 16 
t 286 100 
m 32 2 
1 18 11 
2 13 6 
3 22 17 
t 285 100 
m 32 1 
1 17 11 
2 13 7 
3 22 18 
t 284 100 
m 32 0 
1 16 11 
2 13 6 
3 22 17 
t 283 100 
m 33 0 
1 17 11 
2 14 6 
3 22 16 
t 282 100 
m 34 0 
1 18 11 
2 13 6 
3 22 17 
t 281 100 
m 34 1 
1 17 11 
2 12 6 
3 22 16 
t 280 100 
m 34 2 
1 16 11 
2 13 6 
3 22 17 
t 279 100 
m 34 3 
1 17 11 
2 14 6 
3 22 18 
t 278 100 
m 34 4 
1 18 11 
2 15 6 
3 23 18 
t 277 101 
m 34 5 
1 19 11 
2 16 6 
3 24 18 
t 276 102 
m 34 6 
1 20 11 
2 15 6 
3 23 18 
t 275 103 
m 34 6 
1 19 11 
2 16 6 
3 24 18 
t 274 103 
m 34 6 
1 20 11 
2 15 6 
3 23 18 
t 273 103 
m 34 6 
1 19 11 
2 15 5 
3 22 18 
t 272 103 
m 34 5 
1 20 11 
2 15 4 
3 23 18 
t 271 103 
m 34 6 
1 19 11 
2 15 3 
3 24 18 
t 270 103 
m 34 6 
1 18 11 
2 15 2 
3 23 18 
t 269 103 
m 34 5 
1 17 11 
2 15 3 
3 22 18 
t 268 103 
m 34 4 
1 18 11 
2 15 2 
3 23 18 
t 267 103 
m 34 5 
1 19 11 
2 15 1 
3 22 18 
t 266 103 
m 34 6 
1 20 11 
2 15 2 
3 23 18 
t 265 103 
m 34 7 
1 20 12 
2 15 1 
3 24 18 
t 264 103 
m 34 7 
1 20 11 
2 15 2 
3 23 18 
t 263 103 
m 34 7 
1 21 11 
2 15 3 
3 24 18 
t 262 103 
m 34 7 
1 21 10 
2 15 2 
3 25 18 
t 261 103 
m 34 8 
1 21 9 
2 15 3 
3 26 18 
t 260 103 
m 34 9 
1 21 8 
2 15 4 
3 27 18 
t 259 103 
m 34 10 
1 20 8 
2 15 3 
3 28 18 
t 258 104 
m 34 9 
1 19 8 
2 15 4 
3 28 17 
t 257 104 
m 34 9 
1 20 8 
2 15 5 
3 28 18 
t 256 104 
m 34 10 
1 21 8 
2 15 6 
3 27 18 
t 255 104 
m 34 11 
1 20 8 
2 14 6 
3 26 18 
t 254 104 
m 34 11 
1 19 8 
2 15 6 
3 27 18 
t 253 104 
m 34 12 
1 20 8 
2 14 6 
3 28 18 
t 252 105 
m 34 11 
1 19 8 
2 13 6 
3 27 18 
t 251 105 
m 34 12 
1 18 8 
2 14 6 
3 28 18 
t 250 105 
m 34 13 
1 19 8 
2 15 6 
3 27 18 
t 249 105 
m 34 12 
1 20 8 
2 16 6 
3 26 18 
t 248 105 
m 33 12 
1 19 8 
2 17 6 
3 27 18 
t 247 105 
m 33 12 
1 18 8 
2 16 6 
3 28 18 
t 246 105 
m 34 12 
1 19 8 
2 17 6 
3 27 18 
t 245 105 
m 34 11 
1 18 8 
2 16 6 
3 28 18 
t 244 105 
m 34 10 
1 19 8 
2 15 6 
3 28 19 
t 243 105 
m 34 11 
1 20 8 
2 14 6 
3 28 18 
t 242 105 
m 34 12 
1 21 8 
2 13 6 
3 28 17 
t 241 105 
m 34 11 
1 21 7 
2 14 6 
3 28 18 
t 240 105 
m 34 10 
1 21 6 
2 13 6 
3 28 17 
t 239 105 
m 34 9 
1 20 6 
2 13 7 
3 28 16 
t 238 105 
m 34 9 
1 19 6 
2 13 8 
3 28 15 
t 237 105 
m 34 8 
1 18 6 
2 13 7 
3 28 14 
t 236 105 
m 34 9 
1 17 6 
2 13 8 
3 28 15 
t 235 105 
m 34 10 
1 16 6 
2 13 7 
3 28 16 
t 234 105 
m 34 11 
1 17 6 
2 13 6 
3 28 17 
t 233 105 
m 34 11 
1 16 6 
2 12 6 
3 28 16 
t 232 105 
m 34 11 
1 17 6 
2 11 6 
3 28 15 
t 231 105 
m 34 12 
1 16 6 
2 12 6 
3 28 16 
t 230 105 
m 33 12 
1 17 6 
2 11 6 
3 28 15 
t 229 105 
m 32 12 
1 18 6 
2 10 6 
3 28 16 
t 228 106 
m 33 12 
1 19 6 
2 11 6 
3 28 15 
t 227 106 
m 32 12 
1 19 5 
2 10 6 
3 28 14 
t 226 106 
m 32 11 
1 19 6 
2 9 6 
3 28 13 
t 225 106 
m 32 10 
1 20 6 
2 8 6 
3 28 14 
t 224 106 
m 32 9 
1 19 6 
2 9 6 
3 28 13 
t 223 106 
m 32 8 
1 20 6 
2 8 6 
3 28 12 
t 222 106 
m 32 9 
1 21 6 
2 9 6 
3 28 11 
t 221 106 
m 32 9 
1 21 7 
2 10 6 
3 28 12 
t 220 106 
m 32 9 
1 21 6 
2 11 6 
3 28 13 
t 219 106 
m 32 10 
1 22 6 
2 10 6 
3 28 12 
t 218 106 
m 32 10 
1 23 6 
2 9 6 
3 28 13 
t 217 106 
m 32 9 
1 24 6 
2 8 6 
3 28 14 
t 216 106 
m 32 8 
1 25 6 
2 7 6 
3 28 15 
t 215 106 
m 32 8 
1 24 6 
2 8 6 
3 28 16 
t 214 106 
m 32 9 
1 25 6 
2 9 6 
3 28 15 
t 213 106 
m 32 9 
1 24 6 
2 10 6 
3 28 16 
t 212 106 
m 31 9 
1 23 6 
2 11 6 
3 28 15 
t 211 106 
m 32 9 
1 22 6 
2 12 6 
3 28 14 
t 210 106 
m 32 10 
1 23 6 
2 13 6 
3 28 15 
t 209 106 
m 32 9 
1 22 6 
2 13 7 
3 28 16 
t 208 106 
m 31 9 
1 21 6 
2 13 6 
3 28 15 
t 207 106 
m 30 9 
1 20 6 
2 12 6 
3 28 14 
t 206 107 
m 29 9 
1 19 6 
2 13 6 
3 28 13 
t 205 107 
m 28 9 
1 18 6 
2 13 7 
3 28 12 
t 204 108 
m 28 8 
1 17 6 
2 13 8 
3 28 11 
t 203 108 
m 28 9 
1 16 6 
2 14 8 
3 28 10 
t 202 108 
m 28 9 
1 15 6 
2 15 8 
3 28 11 
t 201 108 
m 28 10 
1 16 6 
2 14 8 
3 28 12 
t 200 109 
m 28 9 
1 17 6 
2 13 8 
3 28 11 
t 199 109 
m 29 9 
1 16 6 
2 14 8 
3 28 10 
t 198 109 
m 28 9 
1 17 6 
2 13 8 
3 28 9 
