15
15
2 15 1
4 15 1
6 15 0
9 14 0
11 14 5
12 14 1
15 14 2
4 13 1
7 13 0
8 13 1
12 13 5
2 12 5
3 12 1
4 12 5
12 12 5
13 12 2
15 12 5
2 11 5
5 11 5
6 11 5
11 11 5
6 10 0
7 10 1
8 10 5
10 10 0
11 10 1
15 10 5
2 9 1
10 9 5
13 9 5
3 8 0
6 8 5
10 8 1
13 8 0
3 7 2
6 7 5
14 7 5
1 6 5
5 6 5
6 6 5
8 6 3
9 6 5
10 6 5
5 5 5
10 5 0
11 5 5
14 5 0
1 4 2
3 4 0
4 4 5
12 4 1
13 4 5
14 4 2
4 3 5
8 3 5
9 3 0
12 3 0
1 2 2
4 2 1
5 2 5
7 2 0
10 1 1
12 1 5
14 1 5
Pareto Front Individual #0

98	                    29	                    45

Solution:
6 4
15 13
12 15
9 11
8 1
11 4
5 8
10 13
5 15
9 2
4 7
14 10
15 4
13 14
11 2
14 8
4 14
3 13
11 13
9 13
15 15
14 6
1 15
6 14
15 3
8 5
2 6
11 7
12 11
8 4
3 9
7 6
3 15
1 14
2 5
2 10
2 3
10 14
9 10
8 2
13 13
15 11
2 2
4 11
15 9
7 4
1 10
12 7
15 8
9 12
8 7
9 15
12 2
8 8
7 7
5 4
15 2
Pareto Front Individual #1

47	                    28	                    1

Solution:
15 13
2 8
1 14
2 4
12 11
11 4
9 10
8 11
14 8
15 6
