15
15
2 15 1
4 15 1
6 15 0
9 14 0
11 14 5
12 14 1
15 14 2
4 13 1
7 13 0
8 13 1
12 13 5
2 12 5
3 12 1
4 12 5
12 12 5
13 12 2
15 12 5
2 11 5
5 11 5
6 11 5
11 11 5
6 10 0
7 10 1
8 10 5
10 10 0
11 10 1
15 10 5
2 9 1
10 9 5
13 9 5
3 8 0
6 8 5
10 8 1
13 8 0
3 7 2
6 7 5
14 7 5
1 6 5
5 6 5
6 6 5
8 6 3
9 6 5
10 6 5
5 5 5
10 5 0
11 5 5
14 5 0
1 4 2
3 4 0
4 4 5
12 4 1
13 4 5
14 4 2
4 3 5
8 3 5
9 3 0
12 3 0
1 2 2
4 2 1
5 2 5
7 2 0
10 1 1
12 1 5
14 1 5
Pareto Front Individual #0

90	                    29	                    20

Solution:
9 4
10 2
12 6
3 2
8 15
13 1
2 8
10 4
6 4
3 11
7 12
1 5
9 13
5 15
8 1
10 12
15 5
13 3
15 6
3 13
4 11
12 5
5 3
7 15
12 10
13 6
10 2
8 8
3 2
14 10
4 6
1 10
15 7
1 13
7 7
8 5
9 7
8 14
Pareto Front Individual #1

79	                    26	                    13

Solution:
15 8
2 6
8 9
1 8
5 12
9 15
1 1
4 9
2 1
3 14
7 1
5 14
11 2
11 6
15 3
1 5
3 1
5 7
14 14
11 1
7 9
11 9
9 10
11 3
13 5
15 8
9 8
Pareto Front Individual #2

99	                    22	                    36

Solution:
3 10
4 6
10 2
4 5
15 11
11 3
5 9
15 5
13 10
8 15
7 4
7 6
7 5
6 12
3 1
3 9
14 13
5 3
13 13
12 7
1 5
8 9
6 1
1 9
11 7
13 3
7 11
2 1
5 13
1 8
14 2
8 5
5 14
2 3
10 11
1 3
4 11
12 5
5 3
7 15
12 10
13 6
10 2
8 8
3 2
14 10
4 6
1 10
15 7
1 13
7 7
8 5
9 7
8 14
Pareto Front Individual #3

100	                    24	                    49

Solution:
4 10
13 11
2 13
7 3
15 2
14 10
13 3
4 7
12 15
9 13
1 5
1 3
11 15
15 9
9 15
3 3
1 15
13 2
11 6
5 7
11 8
7 3
4 7
3 5
8 8
14 8
4 10
3 2
10 14
13 7
3 15
15 1
13 11
15 13
9 1
3 10
4 6
10 2
4 5
15 11
11 3
5 9
15 5
13 10
8 15
7 4
7 6
7 5
6 12
3 1
3 9
14 13
5 3
13 13
12 7
1 5
8 9
6 1
1 9
11 7
13 3
7 11
2 1
5 13
1 8
14 2
8 5
5 14
2 3
