15
15
2 15 1
4 15 1
6 15 0
9 14 0
11 14 5
12 14 1
15 14 2
4 13 1
7 13 0
8 13 1
12 13 5
2 12 5
3 12 1
4 12 5
12 12 5
13 12 2
15 12 5
2 11 5
5 11 5
6 11 5
11 11 5
6 10 0
7 10 1
8 10 5
10 10 0
11 10 1
15 10 5
2 9 1
10 9 5
13 9 5
3 8 0
6 8 5
10 8 1
13 8 0
3 7 2
6 7 5
14 7 5
1 6 5
5 6 5
6 6 5
8 6 3
9 6 5
10 6 5
5 5 5
10 5 0
11 5 5
14 5 0
1 4 2
3 4 0
4 4 5
12 4 1
13 4 5
14 4 2
4 3 5
8 3 5
9 3 0
12 3 0
1 2 2
4 2 1
5 2 5
7 2 0
10 1 1
12 1 5
14 1 5
Pareto Front Individual #0

100	                    25	                    53

Solution:
11 8
7 5
3 11
9 11
14 3
3 10
9 2
5 4
15 3
11 12
1 9
3 2
3 13
4 6
3 15
4 10
6 14
13 3
7 3
10 2
7 15
8 11
13 7
15 13
15 4
9 15
14 10
9 10
14 6
3 11
7 11
8 4
9 7
9 11
6 5
13 5
12 11
12 2
13 10
8 8
3 5
4 6
11 2
14 12
11 3
14 14
5 10
8 14
3 1
15 7
9 2
1 3
9 11
1 10
5 12
2 1
8 15
4 7
12 10
13 15
6 4
14 3
7 8
7 9
10 3
2 7
6 3
2 13
13 5
7 6
13 7
15 11
15 13
9 15
14 13
10 13
